timestamp,value,GPU_I_ID,GPU_I_PROFILE,pod,namespace,container,DCGM_FI_DRIVER_VERSION,UUID
2026-10-10 06:09:54.609209,92.271,10,1g.11gb,yolo-inference-755b67b9bb-jvw65,default,yolo,580.178.04,GPU-d59cb1c4-ad97-d91a-6731-e7b5f38951a6
2026-10-10 06:09:54.609209,91.702,11,1g.11gb,yolo-inference-755b67b9bb-tpwv7,default,yolo,580.178.04,GPU-d59cb1c4-ad97-d91a-6731-e7b5f38951a6
2026-10-10 06:09:54.609209,91.85,12,1g.11gb,yolo-inference-755b67b9bb-cmfkj,default,yolo,580.178.04,GPU-d59cb1c4-ad97-d91a-6731-e7b5f38951a6
2026-10-10 06:09:54.609209,91.691,13,1g.11gb,yolo-inference-755b67b9bb-7kvtl,default,yolo,580.178.04,GPU-d59cb1c4-ad97-d91a-6731-e7b5f38951a6
2026-10-10 06:09:54.609209,92.299,7,1g.11gb,yolo-inference-755b67b9bb-6w2jk,default,yolo,580.178.04,GPU-d59cb1c4-ad97-d91a-6731-e7b5f38951a6
2026-10-10 06:09:54.609209,91.85,8,1g.11gb,yolo-inference-755b67b9bb-zbflb,default,yolo,580.178.04,GPU-d59cb1c4-ad97-d91a-6731-e7b5f38951a6
2026-10-10 06:09:54.609209,91.706,9,1g.11gb,yolo-inference-755b67b9bb-6z9g8,default,yolo,580.178.04,GPU-d59cb1c4-ad97-d91a-6731-e7b5f38951a6
2026-10-10 06:09:59.614133,92.271,10,1g.11gb,yolo-inference-755b67b9bb-jvw65,default,yolo,580.178.04,GPU-d59cb1c4-ad97-d91a-6731-e7b5f38951a6
2026-10-10 06:09:59.614133,91.702,11,1g.11gb,yolo-inference-755b67b9bb-tpwv7,default,yolo,580.178.04,GPU-d59cb1c4-ad97-d91a-6731-e7b5f38951a6
2026-10-10 06:09:59.614133,91.85,12,1g.11gb,yolo-inference-755b67b9bb-cmfkj,default,yolo,580.178.04,GPU-d59cb1c4-ad97-d91a-6731-e7b5f38951a6
2026-10-10 06:09:59.614133,91.691,13,1g.11gb,yolo-inference-755b67b9bb-7kvtl,default,yolo,580.178.04,GPU-d59cb1c4-ad97-d91a-6731-e7b5f38951a6
2026-10-10 06:09:59.614133,92.299,7,1g.11gb,yolo-inference-755b67b9bb-6w2jk,default,yolo,580.178.04,GPU-d59cb1c4-ad97-d91a-6731-e7b5f38951a6
2026-10-10 06:09:59.614133,91.85,8,1g.11gb,yolo-inference-755b67b9bb-zbflb,default,yolo,580.178.04,GPU-d59cb1c4-ad97-d91a-6731-e7b5f38951a6
2026-10-10 06:09:59.614133,91.706,9,1g.11gb,yolo-inference-755b67b9bb-6z9g8,default,yolo,580.178.04,GPU-d59cb1c4-ad97-d91a-6731-e7b5f38951a6
2026-10-10 06:10:04.612332,92.271,10,1g.11gb,yolo-inference-755b67b9bb-jvw65,default,yolo,580.178.04,GPU-d59cb1c4-ad97-d91a-6731-e7b5f38951a6
2026-10-10 06:10:04.612332,91.702,11,1g.11gb,yolo-inference-755b67b9bb-tpwv7,default,yolo,580.178.04,GPU-d59cb1c4-ad97-d91a-6731-e7b5f38951a6
2026-10-10 06:10:04.612332,91.85,12,1g.11gb,yolo-inference-755b67b9bb-cmfkj,default,yolo,580.178.04,GPU-d59cb1c4-ad97-d91a-6731-e7b5f38951a6
2026-10-10 06:10:04.612332,91.691,13,1g.11gb,yolo-inference-755b67b9bb-7kvtl,default,yolo,580.178.04,GPU-d59cb1c4-ad97-d91a-6731-e7b5f38951a6
2026-10-10 06:10:04.612332,92.299,7,1g.11gb,yolo-inference-755b67b9bb-6w2jk,default,yolo,580.178.04,GPU-d59cb1c4-ad97-d91a-6731-e7b5f38951a6
2026-10-10 06:10:04.612332,91.85,8,1g.11gb,yolo-inference-755b67b9bb-zbflb,default,yolo,580.178.04,GPU-d59cb1c4-ad97-d91a-6731-e7b5f38951a6
2026-10-10 06:10:04.612332,91.706,9,1g.11gb,yolo-inference-755b67b9bb-6z9g8,default,yolo,580.178.04,GPU-d59cb1c4-ad97-d91a-6731-e7b5f38951a6
2026-10-10 06:10:09.614226,92.271,10,1g.11gb,yolo-inference-755b67b9bb-jvw65,default,yolo,580.178.04,GPU-d59cb1c4-ad97-d91a-6731-e7b5f38951a6
2026-10-10 06:10:09.614226,91.702,11,1g.11gb,yolo-inference-755b67b9bb-tpwv7,default,yolo,580.178.04,GPU-d59cb1c4-ad97-d91a-6731-e7b5f38951a6
2026-10-10 06:10:09.614226,91.85,12,1g.11gb,yolo-inference-755b67b9bb-cmfkj,default,yolo,580.178.04,GPU-d59cb1c4-ad97-d91a-6731-e7b5f38951a6
2026-10-10 06:10:09.614226,91.691,13,1g.11gb,yolo-inference-755b67b9bb-7kvtl,default,yolo,580.178.04,GPU-d59cb1c4-ad97-d91a-6731-e7b5f38951a6
2026-10-10 06:10:09.614226,92.299,7,1g.11gb,yolo-inference-755b67b9bb-6w2jk,default,yolo,580.178.04,GPU-d59cb1c4-ad97-d91a-6731-e7b5f38951a6
2026-10-10 06:10:09.614226,91.85,8,1g.11gb,yolo-inference-755b67b9bb-zbflb,default,yolo,580.178.04,GPU-d59cb1c4-ad97-d91a-6731-e7b5f38951a6
2026-10-10 06:10:09.614226,91.706,9,1g.11gb,yolo-inference-755b67b9bb-6z9g8,default,yolo,580.178.04,GPU-d59cb1c4-ad97-d91a-6731-e7b5f38951a6
2026-10-10 06:10:14.610326,92.404,10,1g.11gb,yolo-inference-755b67b9bb-jvw65,default,yolo,580.178.04,GPU-d59cb1c4-ad97-d91a-6731-e7b5f38951a6
2026-10-10 06:10:14.610326,91.768,11,1g.11gb,yolo-inference-755b67b9bb-tpwv7,default,yolo,580.178.04,GPU-d59cb1c4-ad97-d91a-6731-e7b5f38951a6
2026-10-10 06:10:14.610326,92.117,12,1g.11gb,yolo-inference-755b67b9bb-cmfkj,default,yolo,580.178.04,GPU-d59cb1c4-ad97-d91a-6731-e7b5f38951a6
2026-10-10 06:10:14.610326,91.798,13,1g.11gb,yolo-inference-755b67b9bb-7kvtl,default,yolo,580.178.04,GPU-d59cb1c4-ad97-d91a-6731-e7b5f38951a6
2026-10-10 06:10:14.610326,92.435,7,1g.11gb,yolo-inference-755b67b9bb-6w2jk,default,yolo,580.178.04,GPU-d59cb1c4-ad97-d91a-6731-e7b5f38951a6
2026-10-10 06:10:14.610326,92.117,8,1g.11gb,yolo-inference-755b67b9bb-zbflb,default,yolo,580.178.04,GPU-d59cb1c4-ad97-d91a-6731-e7b5f38951a6
2026-10-10 06:10:14.610326,91.85,9,1g.11gb,yolo-inference-755b67b9bb-6z9g8,default,yolo,580.178.04,GPU-d59cb1c4-ad97-d91a-6731-e7b5f38951a6
2026-10-10 06:10:19.614187,92.404,10,1g.11gb,yolo-inference-755b67b9bb-jvw65,default,yolo,580.178.04,GPU-d59cb1c4-ad97-d91a-6731-e7b5f38951a6
2026-10-10 06:10:19.614187,91.768,11,1g.11gb,yolo-inference-755b67b9bb-tpwv7,default,yolo,580.178.04,GPU-d59cb1c4-ad97-d91a-6731-e7b5f38951a6
2026-10-10 06:10:19.614187,92.117,12,1g.11gb,yolo-inference-755b67b9bb-cmfkj,default,yolo,580.178.04,GPU-d59cb1c4-ad97-d91a-6731-e7b5f38951a6
2026-10-10 06:10:19.614187,91.798,13,1g.11gb,yolo-inference-755b67b9bb-7kvtl,default,yolo,580.178.04,GPU-d59cb1c4-ad97-d91a-6731-e7b5f38951a6
2026-10-10 06:10:19.614187,92.435,7,1g.11gb,yolo-inference-755b67b9bb-6w2jk,default,yolo,580.178.04,GPU-d59cb1c4-ad97-d91a-6731-e7b5f38951a6
2026-10-10 06:10:19.614187,92.117,8,1g.11gb,yolo-inference-755b67b9bb-zbflb,default,yolo,580.178.04,GPU-d59cb1c4-ad97-d91a-6731-e7b5f38951a6
2026-10-10 06:10:19.614187,91.85,9,1g.11gb,yolo-inference-755b67b9bb-6z9g8,default,yolo,580.178.04,GPU-d59cb1c4-ad97-d91a-6731-e7b5f38951a6
2026-10-10 06:10:24.614178,92.404,10,1g.11gb,yolo-inference-755b67b9bb-jvw65,default,yolo,580.178.04,GPU-d59cb1c4-ad97-d91a-6731-e7b5f38951a6
2026-10-10 06:10:24.614178,91.768,11,1g.11gb,yolo-inference-755b67b9bb-tpwv7,default,yolo,580.178.04,GPU-d59cb1c4-ad97-d91a-6731-e7b5f38951a6
2026-10-10 06:10:24.614178,92.117,12,1g.11gb,yolo-inference-755b67b9bb-cmfkj,default,yolo,580.178.04,GPU-d59cb1c4-ad97-d91a-6731-e7b5f38951a6
2026-10-10 06:10:24.614178,91.798,13,1g.11gb,yolo-inference-755b67b9bb-7kvtl,default,yolo,580.178.04,GPU-d59cb1c4-ad97-d91a-6731-e7b5f38951a6
2026-10-10 06:10:24.614178,92.435,7,1g.11gb,yolo-inference-755b67b9bb-6w2jk,default,yolo,580.178.04,GPU-d59cb1c4-ad97-d91a-6731-e7b5f38951a6
2026-10-10 06:10:24.614178,92.117,8,1g.11gb,yolo-inference-755b67b9bb-zbflb,default,yolo,580.178.04,GPU-d59cb1c4-ad97-d91a-6731-e7b5f38951a6
2026-10-10 06:10:24.614178,91.85,9,1g.11gb,yolo-inference-755b67b9bb-6z9g8,default,yolo,580.178.04,GPU-d59cb1c4-ad97-d91a-6731-e7b5f38951a6
2026-10-10 06:10:29.614166,92.404,10,1g.11gb,yolo-inference-755b67b9bb-jvw65,default,yolo,580.178.04,GPU-d59cb1c4-ad97-d91a-6731-e7b5f38951a6
2026-10-10 06:10:29.614166,91.768,11,1g.11gb,yolo-inference-755b67b9bb-tpwv7,default,yolo,580.178.04,GPU-d59cb1c4-ad97-d91a-6731-e7b5f38951a6
2026-10-10 06:10:29.614166,92.117,12,1g.11gb,yolo-inference-755b67b9bb-cmfkj,default,yolo,580.178.04,GPU-d59cb1c4-ad97-d91a-6731-e7b5f38951a6
2026-10-10 06:10:29.614166,91.798,13,1g.11gb,yolo-inference-755b67b9bb-7kvtl,default,yolo,580.178.04,GPU-d59cb1c4-ad97-d91a-6731-e7b5f38951a6
2026-10-10 06:10:29.614166,92.435,7,1g.11gb,yolo-inference-755b67b9bb-6w2jk,default,yolo,580.178.04,GPU-d59cb1c4-ad97-d91a-6731-e7b5f38951a6
2026-10-10 06:10:29.614166,92.117,8,1g.11gb,yolo-inference-755b67b9bb-zbflb,default,yolo,580.178.04,GPU-d59cb1c4-ad97-d91a-6731-e7b5f38951a6
2026-10-10 06:10:29.614166,91.85,9,1g.11gb,yolo-inference-755b67b9bb-6z9g8,default,yolo,580.178.04,GPU-d59cb1c4-ad97-d91a-6731-e7b5f38951a6
2026-10-10 06:10:34.613806,92.404,10,1g.11gb,yolo-inference-755b67b9bb-jvw65,default,yolo,580.178.04,GPU-d59cb1c4-ad97-d91a-6731-e7b5f38951a6
2026-10-10 06:10:34.613806,91.768,11,1g.11gb,yolo-inference-755b67b9bb-tpwv7,default,yolo,580.178.04,GPU-d59cb1c4-ad97-d91a-6731-e7b5f38951a6
2026-10-10 06:10:34.613806,92.117,12,1g.11gb,yolo-inference-755b67b9bb-cmfkj,default,yolo,580.178.04,GPU-d59cb1c4-ad97-d91a-6731-e7b5f38951a6
2026-10-10 06:10:34.613806,91.798,13,1g.11gb,yolo-inference-755b67b9bb-7kvtl,default,yolo,580.178.04,GPU-d59cb1c4-ad97-d91a-6731-e7b5f38951a6
2026-10-10 06:10:34.613806,92.435,7,1g.11gb,yolo-inference-755b67b9bb-6w2jk,default,yolo,580.178.04,GPU-d59cb1c4-ad97-d91a-6731-e7b5f38951a6
2026-10-10 06:10:34.613806,92.117,8,1g.11gb,yolo-inference-755b67b9bb-zbflb,default,yolo,580.178.04,GPU-d59cb1c4-ad97-d91a-6731-e7b5f38951a6
2026-10-10 06:10:34.613806,91.85,9,1g.11gb,yolo-inference-755b67b9bb-6z9g8,default,yolo,580.178.04,GPU-d59cb1c4-ad97-d91a-6731-e7b5f38951a6
2026-10-10 06:10:39.612136,92.404,10,1g.11gb,yolo-inference-755b67b9bb-jvw65,default,yolo,580.178.04,GPU-d59cb1c4-ad97-d91a-6731-e7b5f38951a6
2026-10-10 06:10:39.612136,91.768,11,1g.11gb,yolo-inference-755b67b9bb-tpwv7,default,yolo,580.178.04,GPU-d59cb1c4-ad97-d91a-6731-e7b5f38951a6
2026-10-10 06:10:39.612136,92.117,12,1g.11gb,yolo-inference-755b67b9bb-cmfkj,default,yolo,580.178.04,GPU-d59cb1c4-ad97-d91a-6731-e7b5f38951a6
2026-10-10 06:10:39.612136,91.798,13,1g.11gb,yolo-inference-755b67b9bb-7kvtl,default,yolo,580.178.04,GPU-d59cb1c4-ad97-d91a-6731-e7b5f38951a6
2026-10-10 06:10:39.612136,92.435,7,1g.11gb,yolo-inference-755b67b9bb-6w2jk,default,yolo,580.178.04,GPU-d59cb1c4-ad97-d91a-6731-e7b5f38951a6
2026-10-10 06:10:39.612136,92.117,8,1g.11gb,yolo-inference-755b67b9bb-zbflb,default,yolo,580.178.04,GPU-d59cb1c4-ad97-d91a-6731-e7b5f38951a6
2026-10-10 06:10:39.612136,91.85,9,1g.11gb,yolo-inference-755b67b9bb-6z9g8,default,yolo,580.178.04,GPU-d59cb1c4-ad97-d91a-6731-e7b5f38951a6
2026-10-10 06:10:44.610653,92.237,10,1g.11gb,yolo-inference-755b67b9bb-jvw65,default,yolo,580.178.04,GPU-d59cb1c4-ad97-d91a-6731-e7b5f38951a6
2026-10-10 06:10:44.610653,91.917,11,1g.11gb,yolo-inference-755b67b9bb-tpwv7,default,yolo,580.178.04,GPU-d59cb1c4-ad97-d91a-6731-e7b5f38951a6
2026-10-10 06:10:44.610653,92.069,12,1g.11gb,yolo-inference-755b67b9bb-cmfkj,default,yolo,580.178.04,GPU-d59cb1c4-ad97-d91a-6731-e7b5f38951a6
2026-10-10 06:10:44.610653,91.983,13,1g.11gb,yolo-inference-755b67b9bb-7kvtl,default,yolo,580.178.04,GPU-d59cb1c4-ad97-d91a-6731-e7b5f38951a6
2026-10-10 06:10:44.610653,92.297,7,1g.11gb,yolo-inference-755b67b9bb-6w2jk,default,yolo,580.178.04,GPU-d59cb1c4-ad97-d91a-6731-e7b5f38951a6
2026-10-10 06:10:44.610653,92.149,8,1g.11gb,yolo-inference-755b67b9bb-zbflb,default,yolo,580.178.04,GPU-d59cb1c4-ad97-d91a-6731-e7b5f38951a6
2026-10-10 06:10:44.610653,91.917,9,1g.11gb,yolo-inference-755b67b9bb-6z9g8,default,yolo,580.178.04,GPU-d59cb1c4-ad97-d91a-6731-e7b5f38951a6
2026-10-10 06:10:49.609957,92.237,10,1g.11gb,yolo-inference-755b67b9bb-jvw65,default,yolo,580.178.04,GPU-d59cb1c4-ad97-d91a-6731-e7b5f38951a6
2026-10-10 06:10:49.609957,91.917,11,1g.11gb,yolo-inference-755b67b9bb-tpwv7,default,yolo,580.178.04,GPU-d59cb1c4-ad97-d91a-6731-e7b5f38951a6
2026-10-10 06:10:49.609957,92.069,12,1g.11gb,yolo-inference-755b67b9bb-cmfkj,default,yolo,580.178.04,GPU-d59cb1c4-ad97-d91a-6731-e7b5f38951a6
2026-10-10 06:10:49.609957,91.983,13,1g.11gb,yolo-inference-755b67b9bb-7kvtl,default,yolo,580.178.04,GPU-d59cb1c4-ad97-d91a-6731-e7b5f38951a6
2026-10-10 06:10:49.609957,92.297,7,1g.11gb,yolo-inference-755b67b9bb-6w2jk,default,yolo,580.178.04,GPU-d59cb1c4-ad97-d91a-6731-e7b5f38951a6
2026-10-10 06:10:49.609957,92.149,8,1g.11gb,yolo-inference-755b67b9bb-zbflb,default,yolo,580.178.04,GPU-d59cb1c4-ad97-d91a-6731-e7b5f38951a6
2026-10-10 06:10:49.609957,91.917,9,1g.11gb,yolo-inference-755b67b9bb-6z9g8,default,yolo,580.178.04,GPU-d59cb1c4-ad97-d91a-6731-e7b5f38951a6
2026-10-10 06:10:54.614188,92.237,10,1g.11gb,yolo-inference-755b67b9bb-jvw65,default,yolo,580.178.04,GPU-d59cb1c4-ad97-d91a-6731-e7b5f38951a6
2026-10-10 06:10:54.614188,91.917,11,1g.11gb,yolo-inference-755b67b9bb-tpwv7,default,yolo,580.178.04,GPU-d59cb1c4-ad97-d91a-6731-e7b5f38951a6
2026-10-10 06:10:54.614188,92.069,12,1g.11gb,yolo-inference-755b67b9bb-cmfkj,default,yolo,580.178.04,GPU-d59cb1c4-ad97-d91a-6731-e7b5f38951a6
2026-10-10 06:10:54.614188,91.983,13,1g.11gb,yolo-inference-755b67b9bb-7kvtl,default,yolo,580.178.04,GPU-d59cb1c4-ad97-d91a-6731-e7b5f38951a6
2026-10-10 06:10:54.614188,92.297,7,1g.11gb,yolo-inference-755b67b9bb-6w2jk,default,yolo,580.178.04,GPU-d59cb1c4-ad97-d91a-6731-e7b5f38951a6
2026-10-10 06:10:54.614188,92.149,8,1g.11gb,yolo-inference-755b67b9bb-zbflb,default,yolo,580.178.04,GPU-d59cb1c4-ad97-d91a-6731-e7b5f38951a6
2026-10-10 06:10:54.614188,91.917,9,1g.11gb,yolo-inference-755b67b9bb-6z9g8,default,yolo,580.178.04,GPU-d59cb1c4-ad97-d91a-6731-e7b5f38951a6
2026-10-10 06:10:59.610036,92.237,10,1g.11gb,yolo-inference-755b67b9bb-jvw65,default,yolo,580.178.04,GPU-d59cb1c4-ad97-d91a-6731-e7b5f38951a6
2026-10-10 06:10:59.610036,91.917,11,1g.11gb,yolo-inference-755b67b9bb-tpwv7,default,yolo,580.178.04,GPU-d59cb1c4-ad97-d91a-6731-e7b5f38951a6
2026-10-10 06:10:59.610036,92.069,12,1g.11gb,yolo-inference-755b67b9bb-cmfkj,default,yolo,580.178.04,GPU-d59cb1c4-ad97-d91a-6731-e7b5f38951a6
2026-10-10 06:10:59.610036,91.983,13,1g.11gb,yolo-inference-755b67b9bb-7kvtl,default,yolo,580.178.04,GPU-d59cb1c4-ad97-d91a-6731-e7b5f38951a6
2026-10-10 06:10:59.610036,92.297,7,1g.11gb,yolo-inference-755b67b9bb-6w2jk,default,yolo,580.178.04,GPU-d59cb1c4-ad97-d91a-6731-e7b5f38951a6
2026-10-10 06:10:59.610036,92.149,8,1g.11gb,yolo-inference-755b67b9bb-zbflb,default,yolo,580.178.04,GPU-d59cb1c4-ad97-d91a-6731-e7b5f38951a6
2026-10-10 06:10:59.610036,91.917,9,1g.11gb,yolo-inference-755b67b9bb-6z9g8,default,yolo,580.178.04,GPU-d59cb1c4-ad97-d91a-6731-e7b5f38951a6
2026-10-10 06:11:04.614217,92.237,10,1g.11gb,yolo-inference-755b67b9bb-jvw65,default,yolo,580.178.04,GPU-d59cb1c4-ad97-d91a-6731-e7b5f38951a6
2026-10-10 06:11:04.614217,91.917,11,1g.11gb,yolo-inference-755b67b9bb-tpwv7,default,yolo,580.178.04,GPU-d59cb1c4-ad97-d91a-6731-e7b5f38951a6
2026-10-10 06:11:04.614217,92.069,12,1g.11gb,yolo-inference-755b67b9bb-cmfkj,default,yolo,580.178.04,GPU-d59cb1c4-ad97-d91a-6731-e7b5f38951a6
2026-10-10 06:11:04.614217,91.983,13,1g.11gb,yolo-inference-755b67b9bb-7kvtl,default,yolo,580.178.04,GPU-d59cb1c4-ad97-d91a-6731-e7b5f38951a6
2026-10-10 06:11:04.614217,92.297,7,1g.11gb,yolo-inference-755b67b9bb-6w2jk,default,yolo,580.178.04,GPU-d59cb1c4-ad97-d91a-6731-e7b5f38951a6
2026-10-10 06:11:04.614217,92.149,8,1g.11gb,yolo-inference-755b67b9bb-zbflb,default,yolo,580.178.04,GPU-d59cb1c4-ad97-d91a-6731-e7b5f38951a6
2026-10-10 06:11:04.614217,91.917,9,1g.11gb,yolo-inference-755b67b9bb-6z9g8,default,yolo,580.178.04,GPU-d59cb1c4-ad97-d91a-6731-e7b5f38951a6
2026-10-10 06:11:09.614187,92.237,10,1g.11gb,yolo-inference-755b67b9bb-jvw65,default,yolo,580.178.04,GPU-d59cb1c4-ad97-d91a-6731-e7b5f38951a6
2026-10-10 06:11:09.614187,91.917,11,1g.11gb,yolo-inference-755b67b9bb-tpwv7,default,yolo,580.178.04,GPU-d59cb1c4-ad97-d91a-6731-e7b5f38951a6
2026-10-10 06:11:09.614187,92.069,12,1g.11gb,yolo-inference-755b67b9bb-cmfkj,default,yolo,580.178.04,GPU-d59cb1c4-ad97-d91a-6731-e7b5f38951a6
2026-10-10 06:11:09.614187,91.983,13,1g.11gb,yolo-inference-755b67b9bb-7kvtl,default,yolo,580.178.04,GPU-d59cb1c4-ad97-d91a-6731-e7b5f38951a6
2026-10-10 06:11:09.614187,92.297,7,1g.11gb,yolo-inference-755b67b9bb-6w2jk,default,yolo,580.178.04,GPU-d59cb1c4-ad97-d91a-6731-e7b5f38951a6
2026-10-10 06:11:09.614187,92.149,8,1g.11gb,yolo-inference-755b67b9bb-zbflb,default,yolo,580.178.04,GPU-d59cb1c4-ad97-d91a-6731-e7b5f38951a6
2026-10-10 06:11:09.614187,91.917,9,1g.11gb,yolo-inference-755b67b9bb-6z9g8,default,yolo,580.178.04,GPU-d59cb1c4-ad97-d91a-6731-e7b5f38951a6
2026-10-10 06:11:14.612704,92.208,10,1g.11gb,yolo-inference-755b67b9bb-jvw65,default,yolo,580.178.04,GPU-d59cb1c4-ad97-d91a-6731-e7b5f38951a6
2026-10-10 06:11:14.612704,92.239,11,1g.11gb,yolo-inference-755b67b9bb-tpwv7,default,yolo,580.178.04,GPU-d59cb1c4-ad97-d91a-6731-e7b5f38951a6
2026-10-10 06:11:14.612704,92.458,12,1g.11gb,yolo-inference-755b67b9bb-cmfkj,default,yolo,580.178.04,GPU-d59cb1c4-ad97-d91a-6731-e7b5f38951a6
2026-10-10 06:11:14.612704,92.16,13,1g.11gb,yolo-inference-755b67b9bb-7kvtl,default,yolo,580.178.04,GPU-d59cb1c4-ad97-d91a-6731-e7b5f38951a6
2026-10-10 06:11:14.612704,92.571,7,1g.11gb,yolo-inference-755b67b9bb-6w2jk,default,yolo,580.178.04,GPU-d59cb1c4-ad97-d91a-6731-e7b5f38951a6
2026-10-10 06:11:14.612704,92.458,8,1g.11gb,yolo-inference-755b67b9bb-zbflb,default,yolo,580.178.04,GPU-d59cb1c4-ad97-d91a-6731-e7b5f38951a6
2026-10-10 06:11:14.612704,92.239,9,1g.11gb,yolo-inference-755b67b9bb-6z9g8,default,yolo,580.178.04,GPU-d59cb1c4-ad97-d91a-6731-e7b5f38951a6
2026-10-10 06:11:19.614099,92.208,10,1g.11gb,yolo-inference-755b67b9bb-jvw65,default,yolo,580.178.04,GPU-d59cb1c4-ad97-d91a-6731-e7b5f38951a6
2026-10-10 06:11:19.614099,92.239,11,1g.11gb,yolo-inference-755b67b9bb-tpwv7,default,yolo,580.178.04,GPU-d59cb1c4-ad97-d91a-6731-e7b5f38951a6
2026-10-10 06:11:19.614099,92.458,12,1g.11gb,yolo-inference-755b67b9bb-cmfkj,default,yolo,580.178.04,GPU-d59cb1c4-ad97-d91a-6731-e7b5f38951a6
2026-10-10 06:11:19.614099,92.16,13,1g.11gb,yolo-inference-755b67b9bb-7kvtl,default,yolo,580.178.04,GPU-d59cb1c4-ad97-d91a-6731-e7b5f38951a6
2026-10-10 06:11:19.614099,92.571,7,1g.11gb,yolo-inference-755b67b9bb-6w2jk,default,yolo,580.178.04,GPU-d59cb1c4-ad97-d91a-6731-e7b5f38951a6
2026-10-10 06:11:19.614099,92.458,8,1g.11gb,yolo-inference-755b67b9bb-zbflb,default,yolo,580.178.04,GPU-d59cb1c4-ad97-d91a-6731-e7b5f38951a6
2026-10-10 06:11:19.614099,92.239,9,1g.11gb,yolo-inference-755b67b9bb-6z9g8,default,yolo,580.178.04,GPU-d59cb1c4-ad97-d91a-6731-e7b5f38951a6
2026-10-10 06:11:24.614246,92.208,10,1g.11gb,yolo-inference-755b67b9bb-jvw65,default,yolo,580.178.04,GPU-d59cb1c4-ad97-d91a-6731-e7b5f38951a6
2026-10-10 06:11:24.614246,92.239,11,1g.11gb,yolo-inference-755b67b9bb-tpwv7,default,yolo,580.178.04,GPU-d59cb1c4-ad97-d91a-6731-e7b5f38951a6
2026-10-10 06:11:24.614246,92.458,12,1g.11gb,yolo-inference-755b67b9bb-cmfkj,default,yolo,580.178.04,GPU-d59cb1c4-ad97-d91a-6731-e7b5f38951a6
2026-10-10 06:11:24.614246,92.16,13,1g.11gb,yolo-inference-755b67b9bb-7kvtl,default,yolo,580.178.04,GPU-d59cb1c4-ad97-d91a-6731-e7b5f38951a6
2026-10-10 06:11:24.614246,92.571,7,1g.11gb,yolo-inference-755b67b9bb-6w2jk,default,yolo,580.178.04,GPU-d59cb1c4-ad97-d91a-6731-e7b5f38951a6
2026-10-10 06:11:24.614246,92.458,8,1g.11gb,yolo-inference-755b67b9bb-zbflb,default,yolo,580.178.04,GPU-d59cb1c4-ad97-d91a-6731-e7b5f38951a6
2026-10-10 06:11:24.614246,92.239,9,1g.11gb,yolo-inference-755b67b9bb-6z9g8,default,yolo,580.178.04,GPU-d59cb1c4-ad97-d91a-6731-e7b5f38951a6
2026-10-10 06:11:29.609453,92.208,10,1g.11gb,yolo-inference-755b67b9bb-jvw65,default,yolo,580.178.04,GPU-d59cb1c4-ad97-d91a-6731-e7b5f38951a6
2026-10-10 06:11:29.609453,92.239,11,1g.11gb,yolo-inference-755b67b9bb-tpwv7,default,yolo,580.178.04,GPU-d59cb1c4-ad97-d91a-6731-e7b5f38951a6
2026-10-10 06:11:29.609453,92.458,12,1g.11gb,yolo-inference-755b67b9bb-cmfkj,default,yolo,580.178.04,GPU-d59cb1c4-ad97-d91a-6731-e7b5f38951a6
2026-10-10 06:11:29.609453,92.16,13,1g.11gb,yolo-inference-755b67b9bb-7kvtl,default,yolo,580.178.04,GPU-d59cb1c4-ad97-d91a-6731-e7b5f38951a6
2026-10-10 06:11:29.609453,92.571,7,1g.11gb,yolo-inference-755b67b9bb-6w2jk,default,yolo,580.178.04,GPU-d59cb1c4-ad97-d91a-6731-e7b5f38951a6
2026-10-10 06:11:29.609453,92.458,8,1g.11gb,yolo-inference-755b67b9bb-zbflb,default,yolo,580.178.04,GPU-d59cb1c4-ad97-d91a-6731-e7b5f38951a6
2026-10-10 06:11:29.609453,92.239,9,1g.11gb,yolo-inference-755b67b9bb-6z9g8,default,yolo,580.178.04,GPU-d59cb1c4-ad97-d91a-6731-e7b5f38951a6
2026-10-10 06:11:34.613386,92.208,10,1g.11gb,yolo-inference-755b67b9bb-jvw65,default,yolo,580.178.04,GPU-d59cb1c4-ad97-d91a-6731-e7b5f38951a6
2026-10-10 06:11:34.613386,92.239,11,1g.11gb,yolo-inference-755b67b9bb-tpwv7,default,yolo,580.178.04,GPU-d59cb1c4-ad97-d91a-6731-e7b5f38951a6
2026-10-10 06:11:34.613386,92.458,12,1g.11gb,yolo-inference-755b67b9bb-cmfkj,default,yolo,580.178.04,GPU-d59cb1c4-ad97-d91a-6731-e7b5f38951a6
2026-10-10 06:11:34.613386,92.16,13,1g.11gb,yolo-inference-755b67b9bb-7kvtl,default,yolo,580.178.04,GPU-d59cb1c4-ad97-d91a-6731-e7b5f38951a6
2026-10-10 06:11:34.613386,92.571,7,1g.11gb,yolo-inference-755b67b9bb-6w2jk,default,yolo,580.178.04,GPU-d59cb1c4-ad97-d91a-6731-e7b5f38951a6
2026-10-10 06:11:34.613386,92.458,8,1g.11gb,yolo-inference-755b67b9bb-zbflb,default,yolo,580.178.04,GPU-d59cb1c4-ad97-d91a-6731-e7b5f38951a6
2026-10-10 06:11:34.613386,92.239,9,1g.11gb,yolo-inference-755b67b9bb-6z9g8,default,yolo,580.178.04,GPU-d59cb1c4-ad97-d91a-6731-e7b5f38951a6
2026-10-10 06:11:39.611659,92.208,10,1g.11gb,yolo-inference-755b67b9bb-jvw65,default,yolo,580.178.04,GPU-d59cb1c4-ad97-d91a-6731-e7b5f38951a6
2026-10-10 06:11:39.611659,92.239,11,1g.11gb,yolo-inference-755b67b9bb-tpwv7,default,yolo,580.178.04,GPU-d59cb1c4-ad97-d91a-6731-e7b5f38951a6
2026-10-10 06:11:39.611659,92.458,12,1g.11gb,yolo-inference-755b67b9bb-cmfkj,default,yolo,580.178.04,GPU-d59cb1c4-ad97-d91a-6731-e7b5f38951a6
2026-10-10 06:11:39.611659,92.16,13,1g.11gb,yolo-inference-755b67b9bb-7kvtl,default,yolo,580.178.04,GPU-d59cb1c4-ad97-d91a-6731-e7b5f38951a6
2026-10-10 06:11:39.611659,92.571,7,1g.11gb,yolo-inference-755b67b9bb-6w2jk,default,yolo,580.178.04,GPU-d59cb1c4-ad97-d91a-6731-e7b5f38951a6
2026-10-10 06:11:39.611659,92.458,8,1g.11gb,yolo-inference-755b67b9bb-zbflb,default,yolo,580.178.04,GPU-d59cb1c4-ad97-d91a-6731-e7b5f38951a6
2026-10-10 06:11:39.611659,92.239,9,1g.11gb,yolo-inference-755b67b9bb-6z9g8,default,yolo,580.178.04,GPU-d59cb1c4-ad97-d91a-6731-e7b5f38951a6
2026-10-10 06:11:44.614197,92.223,10,1g.11gb,yolo-inference-755b67b9bb-jvw65,default,yolo,580.178.04,GPU-d59cb1c4-ad97-d91a-6731-e7b5f38951a6
2026-10-10 06:11:44.614197,92.066,11,1g.11gb,yolo-inference-755b67b9bb-tpwv7,default,yolo,580.178.04,GPU-d59cb1c4-ad97-d91a-6731-e7b5f38951a6
2026-10-10 06:11:44.614197,92.572,12,1g.11gb,yolo-inference-755b67b9bb-cmfkj,default,yolo,580.178.04,GPU-d59cb1c4-ad97-d91a-6731-e7b5f38951a6
2026-10-10 06:11:44.614197,92.031,13,1g.11gb,yolo-inference-755b67b9bb-7kvtl,default,yolo,580.178.04,GPU-d59cb1c4-ad97-d91a-6731-e7b5f38951a6
2026-10-10 06:11:44.614197,92.548,7,1g.11gb,yolo-inference-755b67b9bb-6w2jk,default,yolo,580.178.04,GPU-d59cb1c4-ad97-d91a-6731-e7b5f38951a6
2026-10-10 06:11:44.614197,92.572,8,1g.11gb,yolo-inference-755b67b9bb-zbflb,default,yolo,580.178.04,GPU-d59cb1c4-ad97-d91a-6731-e7b5f38951a6
2026-10-10 06:11:44.614197,92.066,9,1g.11gb,yolo-inference-755b67b9bb-6z9g8,default,yolo,580.178.04,GPU-d59cb1c4-ad97-d91a-6731-e7b5f38951a6
2026-10-10 06:11:49.610393,92.223,10,1g.11gb,yolo-inference-755b67b9bb-jvw65,default,yolo,580.178.04,GPU-d59cb1c4-ad97-d91a-6731-e7b5f38951a6
2026-10-10 06:11:49.610393,92.066,11,1g.11gb,yolo-inference-755b67b9bb-tpwv7,default,yolo,580.178.04,GPU-d59cb1c4-ad97-d91a-6731-e7b5f38951a6
2026-10-10 06:11:49.610393,92.572,12,1g.11gb,yolo-inference-755b67b9bb-cmfkj,default,yolo,580.178.04,GPU-d59cb1c4-ad97-d91a-6731-e7b5f38951a6
2026-10-10 06:11:49.610393,92.031,13,1g.11gb,yolo-inference-755b67b9bb-7kvtl,default,yolo,580.178.04,GPU-d59cb1c4-ad97-d91a-6731-e7b5f38951a6
2026-10-10 06:11:49.610393,92.548,7,1g.11gb,yolo-inference-755b67b9bb-6w2jk,default,yolo,580.178.04,GPU-d59cb1c4-ad97-d91a-6731-e7b5f38951a6
2026-10-10 06:11:49.610393,92.572,8,1g.11gb,yolo-inference-755b67b9bb-zbflb,default,yolo,580.178.04,GPU-d59cb1c4-ad97-d91a-6731-e7b5f38951a6
2026-10-10 06:11:49.610393,92.066,9,1g.11gb,yolo-inference-755b67b9bb-6z9g8,default,yolo,580.178.04,GPU-d59cb1c4-ad97-d91a-6731-e7b5f38951a6
2026-10-10 06:11:54.614197,92.223,10,1g.11gb,yolo-inference-755b67b9bb-jvw65,default,yolo,580.178.04,GPU-d59cb1c4-ad97-d91a-6731-e7b5f38951a6
2026-10-10 06:11:54.614197,92.066,11,1g.11gb,yolo-inference-755b67b9bb-tpwv7,default,yolo,580.178.04,GPU-d59cb1c4-ad97-d91a-6731-e7b5f38951a6
2026-10-10 06:11:54.614197,92.572,12,1g.11gb,yolo-inference-755b67b9bb-cmfkj,default,yolo,580.178.04,GPU-d59cb1c4-ad97-d91a-6731-e7b5f38951a6
2026-10-10 06:11:54.614197,92.031,13,1g.11gb,yolo-inference-755b67b9bb-7kvtl,default,yolo,580.178.04,GPU-d59cb1c4-ad97-d91a-6731-e7b5f38951a6
2026-10-10 06:11:54.614197,92.548,7,1g.11gb,yolo-inference-755b67b9bb-6w2jk,default,yolo,580.178.04,GPU-d59cb1c4-ad97-d91a-6731-e7b5f38951a6
2026-10-10 06:11:54.614197,92.572,8,1g.11gb,yolo-inference-755b67b9bb-zbflb,default,yolo,580.178.04,GPU-d59cb1c4-ad97-d91a-6731-e7b5f38951a6
2026-10-10 06:11:54.614197,92.066,9,1g.11gb,yolo-inference-755b67b9bb-6z9g8,default,yolo,580.178.04,GPU-d59cb1c4-ad97-d91a-6731-e7b5f38951a6
2026-10-10 06:11:59.613981,92.223,10,1g.11gb,yolo-inference-755b67b9bb-jvw65,default,yolo,580.178.04,GPU-d59cb1c4-ad97-d91a-6731-e7b5f38951a6
2026-10-10 06:11:59.613981,92.066,11,1g.11gb,yolo-inference-755b67b9bb-tpwv7,default,yolo,580.178.04,GPU-d59cb1c4-ad97-d91a-6731-e7b5f38951a6
2026-10-10 06:11:59.613981,92.572,12,1g.11gb,yolo-inference-755b67b9bb-cmfkj,default,yolo,580.178.04,GPU-d59cb1c4-ad97-d91a-6731-e7b5f38951a6
2026-10-10 06:11:59.613981,92.031,13,1g.11gb,yolo-inference-755b67b9bb-7kvtl,default,yolo,580.178.04,GPU-d59cb1c4-ad97-d91a-6731-e7b5f38951a6
2026-10-10 06:11:59.613981,92.548,7,1g.11gb,yolo-inference-755b67b9bb-6w2jk,default,yolo,580.178.04,GPU-d59cb1c4-ad97-d91a-6731-e7b5f38951a6
2026-10-10 06:11:59.613981,92.572,8,1g.11gb,yolo-inference-755b67b9bb-zbflb,default,yolo,580.178.04,GPU-d59cb1c4-ad97-d91a-6731-e7b5f38951a6
2026-10-10 06:11:59.613981,92.066,9,1g.11gb,yolo-inference-755b67b9bb-6z9g8,default,yolo,580.178.04,GPU-d59cb1c4-ad97-d91a-6731-e7b5f38951a6
2026-10-10 06:12:04.609685,92.223,10,1g.11gb,yolo-inference-755b67b9bb-jvw65,default,yolo,580.178.04,GPU-d59cb1c4-ad97-d91a-6731-e7b5f38951a6
2026-10-10 06:12:04.609685,92.066,11,1g.11gb,yolo-inference-755b67b9bb-tpwv7,default,yolo,580.178.04,GPU-d59cb1c4-ad97-d91a-6731-e7b5f38951a6
2026-10-10 06:12:04.609685,92.572,12,1g.11gb,yolo-inference-755b67b9bb-cmfkj,default,yolo,580.178.04,GPU-d59cb1c4-ad97-d91a-6731-e7b5f38951a6
2026-10-10 06:12:04.609685,92.031,13,1g.11gb,yolo-inference-755b67b9bb-7kvtl,default,yolo,580.178.04,GPU-d59cb1c4-ad97-d91a-6731-e7b5f38951a6
2026-10-10 06:12:04.609685,92.548,7,1g.11gb,yolo-inference-755b67b9bb-6w2jk,default,yolo,580.178.04,GPU-d59cb1c4-ad97-d91a-6731-e7b5f38951a6
2026-10-10 06:12:04.609685,92.572,8,1g.11gb,yolo-inference-755b67b9bb-zbflb,default,yolo,580.178.04,GPU-d59cb1c4-ad97-d91a-6731-e7b5f38951a6
2026-10-10 06:12:04.609685,92.066,9,1g.11gb,yolo-inference-755b67b9bb-6z9g8,default,yolo,580.178.04,GPU-d59cb1c4-ad97-d91a-6731-e7b5f38951a6
2026-10-10 06:12:09.614165,92.223,10,1g.11gb,yolo-inference-755b67b9bb-jvw65,default,yolo,580.178.04,GPU-d59cb1c4-ad97-d91a-6731-e7b5f38951a6
2026-10-10 06:12:09.614165,92.066,11,1g.11gb,yolo-inference-755b67b9bb-tpwv7,default,yolo,580.178.04,GPU-d59cb1c4-ad97-d91a-6731-e7b5f38951a6
2026-10-10 06:12:09.614165,92.572,12,1g.11gb,yolo-inference-755b67b9bb-cmfkj,default,yolo,580.178.04,GPU-d59cb1c4-ad97-d91a-6731-e7b5f38951a6
2026-10-10 06:12:09.614165,92.031,13,1g.11gb,yolo-inference-755b67b9bb-7kvtl,default,yolo,580.178.04,GPU-d59cb1c4-ad97-d91a-6731-e7b5f38951a6
2026-10-10 06:12:09.614165,92.548,7,1g.11gb,yolo-inference-755b67b9bb-6w2jk,default,yolo,580.178.04,GPU-d59cb1c4-ad97-d91a-6731-e7b5f38951a6
2026-10-10 06:12:09.614165,92.572,8,1g.11gb,yolo-inference-755b67b9bb-zbflb,default,yolo,580.178.04,GPU-d59cb1c4-ad97-d91a-6731-e7b5f38951a6
2026-10-10 06:12:09.614165,92.066,9,1g.11gb,yolo-inference-755b67b9bb-6z9g8,default,yolo,580.178.04,GPU-d59cb1c4-ad97-d91a-6731-e7b5f38951a6
2026-10-10 06:12:14.609800,92.248,10,1g.11gb,yolo-inference-755b67b9bb-jvw65,default,yolo,580.178.04,GPU-d59cb1c4-ad97-d91a-6731-e7b5f38951a6
2026-10-10 06:12:14.609800,92.399,11,1g.11gb,yolo-inference-755b67b9bb-tpwv7,default,yolo,580.178.04,GPU-d59cb1c4-ad97-d91a-6731-e7b5f38951a6
2026-10-10 06:12:14.609800,92.691,12,1g.11gb,yolo-inference-755b67b9bb-cmfkj,default,yolo,580.178.04,GPU-d59cb1c4-ad97-d91a-6731-e7b5f38951a6
2026-10-10 06:12:14.609800,92.193,13,1g.11gb,yolo-inference-755b67b9bb-7kvtl,default,yolo,580.178.04,GPU-d59cb1c4-ad97-d91a-6731-e7b5f38951a6
2026-10-10 06:12:14.609800,92.498,7,1g.11gb,yolo-inference-755b67b9bb-6w2jk,default,yolo,580.178.04,GPU-d59cb1c4-ad97-d91a-6731-e7b5f38951a6
2026-10-10 06:12:14.609800,92.691,8,1g.11gb,yolo-inference-755b67b9bb-zbflb,default,yolo,580.178.04,GPU-d59cb1c4-ad97-d91a-6731-e7b5f38951a6
2026-10-10 06:12:14.609800,92.399,9,1g.11gb,yolo-inference-755b67b9bb-6z9g8,default,yolo,580.178.04,GPU-d59cb1c4-ad97-d91a-6731-e7b5f38951a6
2026-10-10 06:12:19.614183,92.248,10,1g.11gb,yolo-inference-755b67b9bb-jvw65,default,yolo,580.178.04,GPU-d59cb1c4-ad97-d91a-6731-e7b5f38951a6
2026-10-10 06:12:19.614183,92.399,11,1g.11gb,yolo-inference-755b67b9bb-tpwv7,default,yolo,580.178.04,GPU-d59cb1c4-ad97-d91a-6731-e7b5f38951a6
2026-10-10 06:12:19.614183,92.691,12,1g.11gb,yolo-inference-755b67b9bb-cmfkj,default,yolo,580.178.04,GPU-d59cb1c4-ad97-d91a-6731-e7b5f38951a6
2026-10-10 06:12:19.614183,92.193,13,1g.11gb,yolo-inference-755b67b9bb-7kvtl,default,yolo,580.178.04,GPU-d59cb1c4-ad97-d91a-6731-e7b5f38951a6
2026-10-10 06:12:19.614183,92.498,7,1g.11gb,yolo-inference-755b67b9bb-6w2jk,default,yolo,580.178.04,GPU-d59cb1c4-ad97-d91a-6731-e7b5f38951a6
2026-10-10 06:12:19.614183,92.691,8,1g.11gb,yolo-inference-755b67b9bb-zbflb,default,yolo,580.178.04,GPU-d59cb1c4-ad97-d91a-6731-e7b5f38951a6
2026-10-10 06:12:19.614183,92.399,9,1g.11gb,yolo-inference-755b67b9bb-6z9g8,default,yolo,580.178.04,GPU-d59cb1c4-ad97-d91a-6731-e7b5f38951a6
2026-10-10 06:12:24.614217,92.248,10,1g.11gb,yolo-inference-755b67b9bb-jvw65,default,yolo,580.178.04,GPU-d59cb1c4-ad97-d91a-6731-e7b5f38951a6
2026-10-10 06:12:24.614217,92.399,11,1g.11gb,yolo-inference-755b67b9bb-tpwv7,default,yolo,580.178.04,GPU-d59cb1c4-ad97-d91a-6731-e7b5f38951a6
2026-10-10 06:12:24.614217,92.691,12,1g.11gb,yolo-inference-755b67b9bb-cmfkj,default,yolo,580.178.04,GPU-d59cb1c4-ad97-d91a-6731-e7b5f38951a6
2026-10-10 06:12:24.614217,92.193,13,1g.11gb,yolo-inference-755b67b9bb-7kvtl,default,yolo,580.178.04,GPU-d59cb1c4-ad97-d91a-6731-e7b5f38951a6
2026-10-10 06:12:24.614217,92.498,7,1g.11gb,yolo-inference-755b67b9bb-6w2jk,default,yolo,580.178.04,GPU-d59cb1c4-ad97-d91a-6731-e7b5f38951a6
2026-10-10 06:12:24.614217,92.691,8,1g.11gb,yolo-inference-755b67b9bb-zbflb,default,yolo,580.178.04,GPU-d59cb1c4-ad97-d91a-6731-e7b5f38951a6
2026-10-10 06:12:24.614217,92.399,9,1g.11gb,yolo-inference-755b67b9bb-6z9g8,default,yolo,580.178.04,GPU-d59cb1c4-ad97-d91a-6731-e7b5f38951a6
2026-10-10 06:12:29.614182,92.248,10,1g.11gb,yolo-inference-755b67b9bb-jvw65,default,yolo,580.178.04,GPU-d59cb1c4-ad97-d91a-6731-e7b5f38951a6
2026-10-10 06:12:29.614182,92.399,11,1g.11gb,yolo-inference-755b67b9bb-tpwv7,default,yolo,580.178.04,GPU-d59cb1c4-ad97-d91a-6731-e7b5f38951a6
2026-10-10 06:12:29.614182,92.691,12,1g.11gb,yolo-inference-755b67b9bb-cmfkj,default,yolo,580.178.04,GPU-d59cb1c4-ad97-d91a-6731-e7b5f38951a6
2026-10-10 06:12:29.614182,92.193,13,1g.11gb,yolo-inference-755b67b9bb-7kvtl,default,yolo,580.178.04,GPU-d59cb1c4-ad97-d91a-6731-e7b5f38951a6
2026-10-10 06:12:29.614182,92.498,7,1g.11gb,yolo-inference-755b67b9bb-6w2jk,default,yolo,580.178.04,GPU-d59cb1c4-ad97-d91a-6731-e7b5f38951a6
2026-10-10 06:12:29.614182,92.691,8,1g.11gb,yolo-inference-755b67b9bb-zbflb,default,yolo,580.178.04,GPU-d59cb1c4-ad97-d91a-6731-e7b5f38951a6
2026-10-10 06:12:29.614182,92.399,9,1g.11gb,yolo-inference-755b67b9bb-6z9g8,default,yolo,580.178.04,GPU-d59cb1c4-ad97-d91a-6731-e7b5f38951a6
2026-10-10 06:12:34.614145,92.248,10,1g.11gb,yolo-inference-755b67b9bb-jvw65,default,yolo,580.178.04,GPU-d59cb1c4-ad97-d91a-6731-e7b5f38951a6
2026-10-10 06:12:34.614145,92.399,11,1g.11gb,yolo-inference-755b67b9bb-tpwv7,default,yolo,580.178.04,GPU-d59cb1c4-ad97-d91a-6731-e7b5f38951a6
2026-10-10 06:12:34.614145,92.691,12,1g.11gb,yolo-inference-755b67b9bb-cmfkj,default,yolo,580.178.04,GPU-d59cb1c4-ad97-d91a-6731-e7b5f38951a6
2026-10-10 06:12:34.614145,92.193,13,1g.11gb,yolo-inference-755b67b9bb-7kvtl,default,yolo,580.178.04,GPU-d59cb1c4-ad97-d91a-6731-e7b5f38951a6
2026-10-10 06:12:34.614145,92.498,7,1g.11gb,yolo-inference-755b67b9bb-6w2jk,default,yolo,580.178.04,GPU-d59cb1c4-ad97-d91a-6731-e7b5f38951a6
2026-10-10 06:12:34.614145,92.691,8,1g.11gb,yolo-inference-755b67b9bb-zbflb,default,yolo,580.178.04,GPU-d59cb1c4-ad97-d91a-6731-e7b5f38951a6
2026-10-10 06:12:34.614145,92.399,9,1g.11gb,yolo-inference-755b67b9bb-6z9g8,default,yolo,580.178.04,GPU-d59cb1c4-ad97-d91a-6731-e7b5f38951a6
2026-10-10 06:12:39.614173,92.248,10,1g.11gb,yolo-inference-755b67b9bb-jvw65,default,yolo,580.178.04,GPU-d59cb1c4-ad97-d91a-6731-e7b5f38951a6
2026-10-10 06:12:39.614173,92.399,11,1g.11gb,yolo-inference-755b67b9bb-tpwv7,default,yolo,580.178.04,GPU-d59cb1c4-ad97-d91a-6731-e7b5f38951a6
2026-10-10 06:12:39.614173,92.691,12,1g.11gb,yolo-inference-755b67b9bb-cmfkj,default,yolo,580.178.04,GPU-d59cb1c4-ad97-d91a-6731-e7b5f38951a6
2026-10-10 06:12:39.614173,92.193,13,1g.11gb,yolo-inference-755b67b9bb-7kvtl,default,yolo,580.178.04,GPU-d59cb1c4-ad97-d91a-6731-e7b5f38951a6
2026-10-10 06:12:39.614173,92.498,7,1g.11gb,yolo-inference-755b67b9bb-6w2jk,default,yolo,580.178.04,GPU-d59cb1c4-ad97-d91a-6731-e7b5f38951a6
2026-10-10 06:12:39.614173,92.691,8,1g.11gb,yolo-inference-755b67b9bb-zbflb,default,yolo,580.178.04,GPU-d59cb1c4-ad97-d91a-6731-e7b5f38951a6
2026-10-10 06:12:39.614173,92.399,9,1g.11gb,yolo-inference-755b67b9bb-6z9g8,default,yolo,580.178.04,GPU-d59cb1c4-ad97-d91a-6731-e7b5f38951a6
2026-10-10 06:12:44.614183,91.928,10,1g.11gb,yolo-inference-755b67b9bb-jvw65,default,yolo,580.178.04,GPU-d59cb1c4-ad97-d91a-6731-e7b5f38951a6
2026-10-10 06:12:44.614183,92.391,11,1g.11gb,yolo-inference-755b67b9bb-tpwv7,default,yolo,580.178.04,GPU-d59cb1c4-ad97-d91a-6731-e7b5f38951a6
2026-10-10 06:12:44.614183,92.459,12,1g.11gb,yolo-inference-755b67b9bb-cmfkj,default,yolo,580.178.04,GPU-d59cb1c4-ad97-d91a-6731-e7b5f38951a6
2026-10-10 06:12:44.614183,92.343,13,1g.11gb,yolo-inference-755b67b9bb-7kvtl,default,yolo,580.178.04,GPU-d59cb1c4-ad97-d91a-6731-e7b5f38951a6
2026-10-10 06:12:44.614183,92.129,7,1g.11gb,yolo-inference-755b67b9bb-6w2jk,default,yolo,580.178.04,GPU-d59cb1c4-ad97-d91a-6731-e7b5f38951a6
2026-10-10 06:12:44.614183,92.459,8,1g.11gb,yolo-inference-755b67b9bb-zbflb,default,yolo,580.178.04,GPU-d59cb1c4-ad97-d91a-6731-e7b5f38951a6
2026-10-10 06:12:44.614183,92.342,9,1g.11gb,yolo-inference-755b67b9bb-6z9g8,default,yolo,580.178.04,GPU-d59cb1c4-ad97-d91a-6731-e7b5f38951a6
2026-10-10 06:12:49.613317,91.928,10,1g.11gb,yolo-inference-755b67b9bb-jvw65,default,yolo,580.178.04,GPU-d59cb1c4-ad97-d91a-6731-e7b5f38951a6
2026-10-10 06:12:49.613317,92.391,11,1g.11gb,yolo-inference-755b67b9bb-tpwv7,default,yolo,580.178.04,GPU-d59cb1c4-ad97-d91a-6731-e7b5f38951a6
2026-10-10 06:12:49.613317,92.459,12,1g.11gb,yolo-inference-755b67b9bb-cmfkj,default,yolo,580.178.04,GPU-d59cb1c4-ad97-d91a-6731-e7b5f38951a6
2026-10-10 06:12:49.613317,92.343,13,1g.11gb,yolo-inference-755b67b9bb-7kvtl,default,yolo,580.178.04,GPU-d59cb1c4-ad97-d91a-6731-e7b5f38951a6
2026-10-10 06:12:49.613317,92.129,7,1g.11gb,yolo-inference-755b67b9bb-6w2jk,default,yolo,580.178.04,GPU-d59cb1c4-ad97-d91a-6731-e7b5f38951a6
2026-10-10 06:12:49.613317,92.459,8,1g.11gb,yolo-inference-755b67b9bb-zbflb,default,yolo,580.178.04,GPU-d59cb1c4-ad97-d91a-6731-e7b5f38951a6
2026-10-10 06:12:49.613317,92.342,9,1g.11gb,yolo-inference-755b67b9bb-6z9g8,default,yolo,580.178.04,GPU-d59cb1c4-ad97-d91a-6731-e7b5f38951a6
2026-10-10 06:12:54.613867,91.928,10,1g.11gb,yolo-inference-755b67b9bb-jvw65,default,yolo,580.178.04,GPU-d59cb1c4-ad97-d91a-6731-e7b5f38951a6
2026-10-10 06:12:54.613867,92.391,11,1g.11gb,yolo-inference-755b67b9bb-tpwv7,default,yolo,580.178.04,GPU-d59cb1c4-ad97-d91a-6731-e7b5f38951a6
2026-10-10 06:12:54.613867,92.459,12,1g.11gb,yolo-inference-755b67b9bb-cmfkj,default,yolo,580.178.04,GPU-d59cb1c4-ad97-d91a-6731-e7b5f38951a6
2026-10-10 06:12:54.613867,92.343,13,1g.11gb,yolo-inference-755b67b9bb-7kvtl,default,yolo,580.178.04,GPU-d59cb1c4-ad97-d91a-6731-e7b5f38951a6
2026-10-10 06:12:54.613867,92.129,7,1g.11gb,yolo-inference-755b67b9bb-6w2jk,default,yolo,580.178.04,GPU-d59cb1c4-ad97-d91a-6731-e7b5f38951a6
2026-10-10 06:12:54.613867,92.459,8,1g.11gb,yolo-inference-755b67b9bb-zbflb,default,yolo,580.178.04,GPU-d59cb1c4-ad97-d91a-6731-e7b5f38951a6
2026-10-10 06:12:54.613867,92.342,9,1g.11gb,yolo-inference-755b67b9bb-6z9g8,default,yolo,580.178.04,GPU-d59cb1c4-ad97-d91a-6731-e7b5f38951a6
2026-10-10 06:12:59.610201,91.928,10,1g.11gb,yolo-inference-755b67b9bb-jvw65,default,yolo,580.178.04,GPU-d59cb1c4-ad97-d91a-6731-e7b5f38951a6
2026-10-10 06:12:59.610201,92.391,11,1g.11gb,yolo-inference-755b67b9bb-tpwv7,default,yolo,580.178.04,GPU-d59cb1c4-ad97-d91a-6731-e7b5f38951a6
2026-10-10 06:12:59.610201,92.459,12,1g.11gb,yolo-inference-755b67b9bb-cmfkj,default,yolo,580.178.04,GPU-d59cb1c4-ad97-d91a-6731-e7b5f38951a6
2026-10-10 06:12:59.610201,92.343,13,1g.11gb,yolo-inference-755b67b9bb-7kvtl,default,yolo,580.178.04,GPU-d59cb1c4-ad97-d91a-6731-e7b5f38951a6
2026-10-10 06:12:59.610201,92.129,7,1g.11gb,yolo-inference-755b67b9bb-6w2jk,default,yolo,580.178.04,GPU-d59cb1c4-ad97-d91a-6731-e7b5f38951a6
2026-10-10 06:12:59.610201,92.459,8,1g.11gb,yolo-inference-755b67b9bb-zbflb,default,yolo,580.178.04,GPU-d59cb1c4-ad97-d91a-6731-e7b5f38951a6
2026-10-10 06:12:59.610201,92.342,9,1g.11gb,yolo-inference-755b67b9bb-6z9g8,default,yolo,580.178.04,GPU-d59cb1c4-ad97-d91a-6731-e7b5f38951a6
2026-10-10 06:13:04.614173,91.928,10,1g.11gb,yolo-inference-755b67b9bb-jvw65,default,yolo,580.178.04,GPU-d59cb1c4-ad97-d91a-6731-e7b5f38951a6
2026-10-10 06:13:04.614173,92.391,11,1g.11gb,yolo-inference-755b67b9bb-tpwv7,default,yolo,580.178.04,GPU-d59cb1c4-ad97-d91a-6731-e7b5f38951a6
2026-10-10 06:13:04.614173,92.459,12,1g.11gb,yolo-inference-755b67b9bb-cmfkj,default,yolo,580.178.04,GPU-d59cb1c4-ad97-d91a-6731-e7b5f38951a6
2026-10-10 06:13:04.614173,92.343,13,1g.11gb,yolo-inference-755b67b9bb-7kvtl,default,yolo,580.178.04,GPU-d59cb1c4-ad97-d91a-6731-e7b5f38951a6
2026-10-10 06:13:04.614173,92.129,7,1g.11gb,yolo-inference-755b67b9bb-6w2jk,default,yolo,580.178.04,GPU-d59cb1c4-ad97-d91a-6731-e7b5f38951a6
2026-10-10 06:13:04.614173,92.459,8,1g.11gb,yolo-inference-755b67b9bb-zbflb,default,yolo,580.178.04,GPU-d59cb1c4-ad97-d91a-6731-e7b5f38951a6
2026-10-10 06:13:04.614173,92.342,9,1g.11gb,yolo-inference-755b67b9bb-6z9g8,default,yolo,580.178.04,GPU-d59cb1c4-ad97-d91a-6731-e7b5f38951a6
2026-10-10 06:13:09.609511,91.928,10,1g.11gb,yolo-inference-755b67b9bb-jvw65,default,yolo,580.178.04,GPU-d59cb1c4-ad97-d91a-6731-e7b5f38951a6
2026-10-10 06:13:09.609511,92.391,11,1g.11gb,yolo-inference-755b67b9bb-tpwv7,default,yolo,580.178.04,GPU-d59cb1c4-ad97-d91a-6731-e7b5f38951a6
2026-10-10 06:13:09.609511,92.459,12,1g.11gb,yolo-inference-755b67b9bb-cmfkj,default,yolo,580.178.04,GPU-d59cb1c4-ad97-d91a-6731-e7b5f38951a6
2026-10-10 06:13:09.609511,92.343,13,1g.11gb,yolo-inference-755b67b9bb-7kvtl,default,yolo,580.178.04,GPU-d59cb1c4-ad97-d91a-6731-e7b5f38951a6
2026-10-10 06:13:09.609511,92.129,7,1g.11gb,yolo-inference-755b67b9bb-6w2jk,default,yolo,580.178.04,GPU-d59cb1c4-ad97-d91a-6731-e7b5f38951a6
2026-10-10 06:13:09.609511,92.459,8,1g.11gb,yolo-inference-755b67b9bb-zbflb,default,yolo,580.178.04,GPU-d59cb1c4-ad97-d91a-6731-e7b5f38951a6
2026-10-10 06:13:09.609511,92.342,9,1g.11gb,yolo-inference-755b67b9bb-6z9g8,default,yolo,580.178.04,GPU-d59cb1c4-ad97-d91a-6731-e7b5f38951a6
2026-10-10 06:13:14.614218,93.218,10,1g.11gb,yolo-inference-755b67b9bb-jvw65,default,yolo,580.178.04,GPU-d59cb1c4-ad97-d91a-6731-e7b5f38951a6
2026-10-10 06:13:14.614218,92.796,11,1g.11gb,yolo-inference-755b67b9bb-tpwv7,default,yolo,580.178.04,GPU-d59cb1c4-ad97-d91a-6731-e7b5f38951a6
2026-10-10 06:13:14.614218,92.907,12,1g.11gb,yolo-inference-755b67b9bb-cmfkj,default,yolo,580.178.04,GPU-d59cb1c4-ad97-d91a-6731-e7b5f38951a6
2026-10-10 06:13:14.614218,92.87,13,1g.11gb,yolo-inference-755b67b9bb-7kvtl,default,yolo,580.178.04,GPU-d59cb1c4-ad97-d91a-6731-e7b5f38951a6
2026-10-10 06:13:14.614218,93.072,7,1g.11gb,yolo-inference-755b67b9bb-6w2jk,default,yolo,580.178.04,GPU-d59cb1c4-ad97-d91a-6731-e7b5f38951a6
2026-10-10 06:13:14.614218,92.907,8,1g.11gb,yolo-inference-755b67b9bb-zbflb,default,yolo,580.178.04,GPU-d59cb1c4-ad97-d91a-6731-e7b5f38951a6
2026-10-10 06:13:14.614218,92.869,9,1g.11gb,yolo-inference-755b67b9bb-6z9g8,default,yolo,580.178.04,GPU-d59cb1c4-ad97-d91a-6731-e7b5f38951a6
2026-10-10 06:13:19.614182,93.218,10,1g.11gb,yolo-inference-755b67b9bb-jvw65,default,yolo,580.178.04,GPU-d59cb1c4-ad97-d91a-6731-e7b5f38951a6
2026-10-10 06:13:19.614182,92.796,11,1g.11gb,yolo-inference-755b67b9bb-tpwv7,default,yolo,580.178.04,GPU-d59cb1c4-ad97-d91a-6731-e7b5f38951a6
2026-10-10 06:13:19.614182,92.907,12,1g.11gb,yolo-inference-755b67b9bb-cmfkj,default,yolo,580.178.04,GPU-d59cb1c4-ad97-d91a-6731-e7b5f38951a6
2026-10-10 06:13:19.614182,92.87,13,1g.11gb,yolo-inference-755b67b9bb-7kvtl,default,yolo,580.178.04,GPU-d59cb1c4-ad97-d91a-6731-e7b5f38951a6
2026-10-10 06:13:19.614182,93.072,7,1g.11gb,yolo-inference-755b67b9bb-6w2jk,default,yolo,580.178.04,GPU-d59cb1c4-ad97-d91a-6731-e7b5f38951a6
2026-10-10 06:13:19.614182,92.907,8,1g.11gb,yolo-inference-755b67b9bb-zbflb,default,yolo,580.178.04,GPU-d59cb1c4-ad97-d91a-6731-e7b5f38951a6
2026-10-10 06:13:19.614182,92.869,9,1g.11gb,yolo-inference-755b67b9bb-6z9g8,default,yolo,580.178.04,GPU-d59cb1c4-ad97-d91a-6731-e7b5f38951a6
2026-10-10 06:13:24.609813,93.218,10,1g.11gb,yolo-inference-755b67b9bb-jvw65,default,yolo,580.178.04,GPU-d59cb1c4-ad97-d91a-6731-e7b5f38951a6
2026-10-10 06:13:24.609813,92.796,11,1g.11gb,yolo-inference-755b67b9bb-tpwv7,default,yolo,580.178.04,GPU-d59cb1c4-ad97-d91a-6731-e7b5f38951a6
2026-10-10 06:13:24.609813,92.907,12,1g.11gb,yolo-inference-755b67b9bb-cmfkj,default,yolo,580.178.04,GPU-d59cb1c4-ad97-d91a-6731-e7b5f38951a6
2026-10-10 06:13:24.609813,92.87,13,1g.11gb,yolo-inference-755b67b9bb-7kvtl,default,yolo,580.178.04,GPU-d59cb1c4-ad97-d91a-6731-e7b5f38951a6
2026-10-10 06:13:24.609813,93.072,7,1g.11gb,yolo-inference-755b67b9bb-6w2jk,default,yolo,580.178.04,GPU-d59cb1c4-ad97-d91a-6731-e7b5f38951a6
2026-10-10 06:13:24.609813,92.907,8,1g.11gb,yolo-inference-755b67b9bb-zbflb,default,yolo,580.178.04,GPU-d59cb1c4-ad97-d91a-6731-e7b5f38951a6
2026-10-10 06:13:24.609813,92.869,9,1g.11gb,yolo-inference-755b67b9bb-6z9g8,default,yolo,580.178.04,GPU-d59cb1c4-ad97-d91a-6731-e7b5f38951a6
2026-10-10 06:13:29.614177,93.218,10,1g.11gb,yolo-inference-755b67b9bb-jvw65,default,yolo,580.178.04,GPU-d59cb1c4-ad97-d91a-6731-e7b5f38951a6
2026-10-10 06:13:29.614177,92.796,11,1g.11gb,yolo-inference-755b67b9bb-tpwv7,default,yolo,580.178.04,GPU-d59cb1c4-ad97-d91a-6731-e7b5f38951a6
2026-10-10 06:13:29.614177,92.907,12,1g.11gb,yolo-inference-755b67b9bb-cmfkj,default,yolo,580.178.04,GPU-d59cb1c4-ad97-d91a-6731-e7b5f38951a6
2026-10-10 06:13:29.614177,92.87,13,1g.11gb,yolo-inference-755b67b9bb-7kvtl,default,yolo,580.178.04,GPU-d59cb1c4-ad97-d91a-6731-e7b5f38951a6
2026-10-10 06:13:29.614177,93.072,7,1g.11gb,yolo-inference-755b67b9bb-6w2jk,default,yolo,580.178.04,GPU-d59cb1c4-ad97-d91a-6731-e7b5f38951a6
2026-10-10 06:13:29.614177,92.907,8,1g.11gb,yolo-inference-755b67b9bb-zbflb,default,yolo,580.178.04,GPU-d59cb1c4-ad97-d91a-6731-e7b5f38951a6
2026-10-10 06:13:29.614177,92.869,9,1g.11gb,yolo-inference-755b67b9bb-6z9g8,default,yolo,580.178.04,GPU-d59cb1c4-ad97-d91a-6731-e7b5f38951a6
2026-10-10 06:13:34.610177,93.218,10,1g.11gb,yolo-inference-755b67b9bb-jvw65,default,yolo,580.178.04,GPU-d59cb1c4-ad97-d91a-6731-e7b5f38951a6
2026-10-10 06:13:34.610177,92.796,11,1g.11gb,yolo-inference-755b67b9bb-tpwv7,default,yolo,580.178.04,GPU-d59cb1c4-ad97-d91a-6731-e7b5f38951a6
2026-10-10 06:13:34.610177,92.907,12,1g.11gb,yolo-inference-755b67b9bb-cmfkj,default,yolo,580.178.04,GPU-d59cb1c4-ad97-d91a-6731-e7b5f38951a6
2026-10-10 06:13:34.610177,92.87,13,1g.11gb,yolo-inference-755b67b9bb-7kvtl,default,yolo,580.178.04,GPU-d59cb1c4-ad97-d91a-6731-e7b5f38951a6
2026-10-10 06:13:34.610177,93.072,7,1g.11gb,yolo-inference-755b67b9bb-6w2jk,default,yolo,580.178.04,GPU-d59cb1c4-ad97-d91a-6731-e7b5f38951a6
2026-10-10 06:13:34.610177,92.907,8,1g.11gb,yolo-inference-755b67b9bb-zbflb,default,yolo,580.178.04,GPU-d59cb1c4-ad97-d91a-6731-e7b5f38951a6
2026-10-10 06:13:34.610177,92.869,9,1g.11gb,yolo-inference-755b67b9bb-6z9g8,default,yolo,580.178.04,GPU-d59cb1c4-ad97-d91a-6731-e7b5f38951a6
2026-10-10 06:13:39.613339,93.218,10,1g.11gb,yolo-inference-755b67b9bb-jvw65,default,yolo,580.178.04,GPU-d59cb1c4-ad97-d91a-6731-e7b5f38951a6
2026-10-10 06:13:39.613339,92.796,11,1g.11gb,yolo-inference-755b67b9bb-tpwv7,default,yolo,580.178.04,GPU-d59cb1c4-ad97-d91a-6731-e7b5f38951a6
2026-10-10 06:13:39.613339,92.907,12,1g.11gb,yolo-inference-755b67b9bb-cmfkj,default,yolo,580.178.04,GPU-d59cb1c4-ad97-d91a-6731-e7b5f38951a6
2026-10-10 06:13:39.613339,92.87,13,1g.11gb,yolo-inference-755b67b9bb-7kvtl,default,yolo,580.178.04,GPU-d59cb1c4-ad97-d91a-6731-e7b5f38951a6
2026-10-10 06:13:39.613339,93.072,7,1g.11gb,yolo-inference-755b67b9bb-6w2jk,default,yolo,580.178.04,GPU-d59cb1c4-ad97-d91a-6731-e7b5f38951a6
2026-10-10 06:13:39.613339,92.907,8,1g.11gb,yolo-inference-755b67b9bb-zbflb,default,yolo,580.178.04,GPU-d59cb1c4-ad97-d91a-6731-e7b5f38951a6
2026-10-10 06:13:39.613339,92.869,9,1g.11gb,yolo-inference-755b67b9bb-6z9g8,default,yolo,580.178.04,GPU-d59cb1c4-ad97-d91a-6731-e7b5f38951a6
2026-10-10 06:13:44.613508,92.726,10,1g.11gb,yolo-inference-755b67b9bb-jvw65,default,yolo,580.178.04,GPU-d59cb1c4-ad97-d91a-6731-e7b5f38951a6
2026-10-10 06:13:44.613508,92.798,11,1g.11gb,yolo-inference-755b67b9bb-tpwv7,default,yolo,580.178.04,GPU-d59cb1c4-ad97-d91a-6731-e7b5f38951a6
2026-10-10 06:13:44.613508,92.853,12,1g.11gb,yolo-inference-755b67b9bb-cmfkj,default,yolo,580.178.04,GPU-d59cb1c4-ad97-d91a-6731-e7b5f38951a6
2026-10-10 06:13:44.613508,92.879,13,1g.11gb,yolo-inference-755b67b9bb-7kvtl,default,yolo,580.178.04,GPU-d59cb1c4-ad97-d91a-6731-e7b5f38951a6
2026-10-10 06:13:44.613508,92.836,7,1g.11gb,yolo-inference-755b67b9bb-6w2jk,default,yolo,580.178.04,GPU-d59cb1c4-ad97-d91a-6731-e7b5f38951a6
2026-10-10 06:13:44.613508,92.853,8,1g.11gb,yolo-inference-755b67b9bb-zbflb,default,yolo,580.178.04,GPU-d59cb1c4-ad97-d91a-6731-e7b5f38951a6
2026-10-10 06:13:44.613508,92.885,9,1g.11gb,yolo-inference-755b67b9bb-6z9g8,default,yolo,580.178.04,GPU-d59cb1c4-ad97-d91a-6731-e7b5f38951a6
2026-10-10 06:13:49.610118,92.726,10,1g.11gb,yolo-inference-755b67b9bb-jvw65,default,yolo,580.178.04,GPU-d59cb1c4-ad97-d91a-6731-e7b5f38951a6
2026-10-10 06:13:49.610118,92.798,11,1g.11gb,yolo-inference-755b67b9bb-tpwv7,default,yolo,580.178.04,GPU-d59cb1c4-ad97-d91a-6731-e7b5f38951a6
2026-10-10 06:13:49.610118,92.853,12,1g.11gb,yolo-inference-755b67b9bb-cmfkj,default,yolo,580.178.04,GPU-d59cb1c4-ad97-d91a-6731-e7b5f38951a6
2026-10-10 06:13:49.610118,92.879,13,1g.11gb,yolo-inference-755b67b9bb-7kvtl,default,yolo,580.178.04,GPU-d59cb1c4-ad97-d91a-6731-e7b5f38951a6
2026-10-10 06:13:49.610118,92.836,7,1g.11gb,yolo-inference-755b67b9bb-6w2jk,default,yolo,580.178.04,GPU-d59cb1c4-ad97-d91a-6731-e7b5f38951a6
2026-10-10 06:13:49.610118,92.853,8,1g.11gb,yolo-inference-755b67b9bb-zbflb,default,yolo,580.178.04,GPU-d59cb1c4-ad97-d91a-6731-e7b5f38951a6
2026-10-10 06:13:49.610118,92.885,9,1g.11gb,yolo-inference-755b67b9bb-6z9g8,default,yolo,580.178.04,GPU-d59cb1c4-ad97-d91a-6731-e7b5f38951a6
2026-10-10 06:13:54.611995,92.726,10,1g.11gb,yolo-inference-755b67b9bb-jvw65,default,yolo,580.178.04,GPU-d59cb1c4-ad97-d91a-6731-e7b5f38951a6
2026-10-10 06:13:54.611995,92.798,11,1g.11gb,yolo-inference-755b67b9bb-tpwv7,default,yolo,580.178.04,GPU-d59cb1c4-ad97-d91a-6731-e7b5f38951a6
2026-10-10 06:13:54.611995,92.853,12,1g.11gb,yolo-inference-755b67b9bb-cmfkj,default,yolo,580.178.04,GPU-d59cb1c4-ad97-d91a-6731-e7b5f38951a6
2026-10-10 06:13:54.611995,92.879,13,1g.11gb,yolo-inference-755b67b9bb-7kvtl,default,yolo,580.178.04,GPU-d59cb1c4-ad97-d91a-6731-e7b5f38951a6
2026-10-10 06:13:54.611995,92.836,7,1g.11gb,yolo-inference-755b67b9bb-6w2jk,default,yolo,580.178.04,GPU-d59cb1c4-ad97-d91a-6731-e7b5f38951a6
2026-10-10 06:13:54.611995,92.853,8,1g.11gb,yolo-inference-755b67b9bb-zbflb,default,yolo,580.178.04,GPU-d59cb1c4-ad97-d91a-6731-e7b5f38951a6
2026-10-10 06:13:54.611995,92.885,9,1g.11gb,yolo-inference-755b67b9bb-6z9g8,default,yolo,580.178.04,GPU-d59cb1c4-ad97-d91a-6731-e7b5f38951a6
2026-10-10 06:13:59.611005,92.726,10,1g.11gb,yolo-inference-755b67b9bb-jvw65,default,yolo,580.178.04,GPU-d59cb1c4-ad97-d91a-6731-e7b5f38951a6
2026-10-10 06:13:59.611005,92.798,11,1g.11gb,yolo-inference-755b67b9bb-tpwv7,default,yolo,580.178.04,GPU-d59cb1c4-ad97-d91a-6731-e7b5f38951a6
2026-10-10 06:13:59.611005,92.853,12,1g.11gb,yolo-inference-755b67b9bb-cmfkj,default,yolo,580.178.04,GPU-d59cb1c4-ad97-d91a-6731-e7b5f38951a6
2026-10-10 06:13:59.611005,92.879,13,1g.11gb,yolo-inference-755b67b9bb-7kvtl,default,yolo,580.178.04,GPU-d59cb1c4-ad97-d91a-6731-e7b5f38951a6
2026-10-10 06:13:59.611005,92.836,7,1g.11gb,yolo-inference-755b67b9bb-6w2jk,default,yolo,580.178.04,GPU-d59cb1c4-ad97-d91a-6731-e7b5f38951a6
2026-10-10 06:13:59.611005,92.853,8,1g.11gb,yolo-inference-755b67b9bb-zbflb,default,yolo,580.178.04,GPU-d59cb1c4-ad97-d91a-6731-e7b5f38951a6
2026-10-10 06:13:59.611005,92.885,9,1g.11gb,yolo-inference-755b67b9bb-6z9g8,default,yolo,580.178.04,GPU-d59cb1c4-ad97-d91a-6731-e7b5f38951a6
2026-10-10 06:14:04.614189,92.726,10,1g.11gb,yolo-inference-755b67b9bb-jvw65,default,yolo,580.178.04,GPU-d59cb1c4-ad97-d91a-6731-e7b5f38951a6
2026-10-10 06:14:04.614189,92.798,11,1g.11gb,yolo-inference-755b67b9bb-tpwv7,default,yolo,580.178.04,GPU-d59cb1c4-ad97-d91a-6731-e7b5f38951a6
2026-10-10 06:14:04.614189,92.853,12,1g.11gb,yolo-inference-755b67b9bb-cmfkj,default,yolo,580.178.04,GPU-d59cb1c4-ad97-d91a-6731-e7b5f38951a6
2026-10-10 06:14:04.614189,92.879,13,1g.11gb,yolo-inference-755b67b9bb-7kvtl,default,yolo,580.178.04,GPU-d59cb1c4-ad97-d91a-6731-e7b5f38951a6
2026-10-10 06:14:04.614189,92.836,7,1g.11gb,yolo-inference-755b67b9bb-6w2jk,default,yolo,580.178.04,GPU-d59cb1c4-ad97-d91a-6731-e7b5f38951a6
2026-10-10 06:14:04.614189,92.853,8,1g.11gb,yolo-inference-755b67b9bb-zbflb,default,yolo,580.178.04,GPU-d59cb1c4-ad97-d91a-6731-e7b5f38951a6
2026-10-10 06:14:04.614189,92.885,9,1g.11gb,yolo-inference-755b67b9bb-6z9g8,default,yolo,580.178.04,GPU-d59cb1c4-ad97-d91a-6731-e7b5f38951a6
2026-10-10 06:14:09.612376,92.726,10,1g.11gb,yolo-inference-755b67b9bb-jvw65,default,yolo,580.178.04,GPU-d59cb1c4-ad97-d91a-6731-e7b5f38951a6
2026-10-10 06:14:09.612376,92.798,11,1g.11gb,yolo-inference-755b67b9bb-tpwv7,default,yolo,580.178.04,GPU-d59cb1c4-ad97-d91a-6731-e7b5f38951a6
2026-10-10 06:14:09.612376,92.853,12,1g.11gb,yolo-inference-755b67b9bb-cmfkj,default,yolo,580.178.04,GPU-d59cb1c4-ad97-d91a-6731-e7b5f38951a6
2026-10-10 06:14:09.612376,92.879,13,1g.11gb,yolo-inference-755b67b9bb-7kvtl,default,yolo,580.178.04,GPU-d59cb1c4-ad97-d91a-6731-e7b5f38951a6
2026-10-10 06:14:09.612376,92.836,7,1g.11gb,yolo-inference-755b67b9bb-6w2jk,default,yolo,580.178.04,GPU-d59cb1c4-ad97-d91a-6731-e7b5f38951a6
2026-10-10 06:14:09.612376,92.853,8,1g.11gb,yolo-inference-755b67b9bb-zbflb,default,yolo,580.178.04,GPU-d59cb1c4-ad97-d91a-6731-e7b5f38951a6
2026-10-10 06:14:09.612376,92.885,9,1g.11gb,yolo-inference-755b67b9bb-6z9g8,default,yolo,580.178.04,GPU-d59cb1c4-ad97-d91a-6731-e7b5f38951a6
2026-10-10 06:14:14.612354,92.753,10,1g.11gb,yolo-inference-755b67b9bb-jvw65,default,yolo,580.178.04,GPU-d59cb1c4-ad97-d91a-6731-e7b5f38951a6
2026-10-10 06:14:14.612354,92.766,11,1g.11gb,yolo-inference-755b67b9bb-tpwv7,default,yolo,580.178.04,GPU-d59cb1c4-ad97-d91a-6731-e7b5f38951a6
2026-10-10 06:14:14.612354,92.803,12,1g.11gb,yolo-inference-755b67b9bb-cmfkj,default,yolo,580.178.04,GPU-d59cb1c4-ad97-d91a-6731-e7b5f38951a6
2026-10-10 06:14:14.612354,92.907,13,1g.11gb,yolo-inference-755b67b9bb-7kvtl,default,yolo,580.178.04,GPU-d59cb1c4-ad97-d91a-6731-e7b5f38951a6
2026-10-10 06:14:14.612354,92.746,7,1g.11gb,yolo-inference-755b67b9bb-6w2jk,default,yolo,580.178.04,GPU-d59cb1c4-ad97-d91a-6731-e7b5f38951a6
2026-10-10 06:14:14.612354,92.803,8,1g.11gb,yolo-inference-755b67b9bb-zbflb,default,yolo,580.178.04,GPU-d59cb1c4-ad97-d91a-6731-e7b5f38951a6
2026-10-10 06:14:14.612354,92.837,9,1g.11gb,yolo-inference-755b67b9bb-6z9g8,default,yolo,580.178.04,GPU-d59cb1c4-ad97-d91a-6731-e7b5f38951a6
2026-10-10 06:14:19.610330,92.753,10,1g.11gb,yolo-inference-755b67b9bb-jvw65,default,yolo,580.178.04,GPU-d59cb1c4-ad97-d91a-6731-e7b5f38951a6
2026-10-10 06:14:19.610330,92.766,11,1g.11gb,yolo-inference-755b67b9bb-tpwv7,default,yolo,580.178.04,GPU-d59cb1c4-ad97-d91a-6731-e7b5f38951a6
2026-10-10 06:14:19.610330,92.803,12,1g.11gb,yolo-inference-755b67b9bb-cmfkj,default,yolo,580.178.04,GPU-d59cb1c4-ad97-d91a-6731-e7b5f38951a6
2026-10-10 06:14:19.610330,92.907,13,1g.11gb,yolo-inference-755b67b9bb-7kvtl,default,yolo,580.178.04,GPU-d59cb1c4-ad97-d91a-6731-e7b5f38951a6
2026-10-10 06:14:19.610330,92.746,7,1g.11gb,yolo-inference-755b67b9bb-6w2jk,default,yolo,580.178.04,GPU-d59cb1c4-ad97-d91a-6731-e7b5f38951a6
2026-10-10 06:14:19.610330,92.803,8,1g.11gb,yolo-inference-755b67b9bb-zbflb,default,yolo,580.178.04,GPU-d59cb1c4-ad97-d91a-6731-e7b5f38951a6
2026-10-10 06:14:19.610330,92.837,9,1g.11gb,yolo-inference-755b67b9bb-6z9g8,default,yolo,580.178.04,GPU-d59cb1c4-ad97-d91a-6731-e7b5f38951a6
2026-10-10 06:14:24.614197,92.753,10,1g.11gb,yolo-inference-755b67b9bb-jvw65,default,yolo,580.178.04,GPU-d59cb1c4-ad97-d91a-6731-e7b5f38951a6
2026-10-10 06:14:24.614197,92.766,11,1g.11gb,yolo-inference-755b67b9bb-tpwv7,default,yolo,580.178.04,GPU-d59cb1c4-ad97-d91a-6731-e7b5f38951a6
2026-10-10 06:14:24.614197,92.803,12,1g.11gb,yolo-inference-755b67b9bb-cmfkj,default,yolo,580.178.04,GPU-d59cb1c4-ad97-d91a-6731-e7b5f38951a6
2026-10-10 06:14:24.614197,92.907,13,1g.11gb,yolo-inference-755b67b9bb-7kvtl,default,yolo,580.178.04,GPU-d59cb1c4-ad97-d91a-6731-e7b5f38951a6
2026-10-10 06:14:24.614197,92.746,7,1g.11gb,yolo-inference-755b67b9bb-6w2jk,default,yolo,580.178.04,GPU-d59cb1c4-ad97-d91a-6731-e7b5f38951a6
2026-10-10 06:14:24.614197,92.803,8,1g.11gb,yolo-inference-755b67b9bb-zbflb,default,yolo,580.178.04,GPU-d59cb1c4-ad97-d91a-6731-e7b5f38951a6
2026-10-10 06:14:24.614197,92.837,9,1g.11gb,yolo-inference-755b67b9bb-6z9g8,default,yolo,580.178.04,GPU-d59cb1c4-ad97-d91a-6731-e7b5f38951a6
2026-10-10 06:14:29.612679,92.753,10,1g.11gb,yolo-inference-755b67b9bb-jvw65,default,yolo,580.178.04,GPU-d59cb1c4-ad97-d91a-6731-e7b5f38951a6
2026-10-10 06:14:29.612679,92.766,11,1g.11gb,yolo-inference-755b67b9bb-tpwv7,default,yolo,580.178.04,GPU-d59cb1c4-ad97-d91a-6731-e7b5f38951a6
2026-10-10 06:14:29.612679,92.803,12,1g.11gb,yolo-inference-755b67b9bb-cmfkj,default,yolo,580.178.04,GPU-d59cb1c4-ad97-d91a-6731-e7b5f38951a6
2026-10-10 06:14:29.612679,92.907,13,1g.11gb,yolo-inference-755b67b9bb-7kvtl,default,yolo,580.178.04,GPU-d59cb1c4-ad97-d91a-6731-e7b5f38951a6
2026-10-10 06:14:29.612679,92.746,7,1g.11gb,yolo-inference-755b67b9bb-6w2jk,default,yolo,580.178.04,GPU-d59cb1c4-ad97-d91a-6731-e7b5f38951a6
2026-10-10 06:14:29.612679,92.803,8,1g.11gb,yolo-inference-755b67b9bb-zbflb,default,yolo,580.178.04,GPU-d59cb1c4-ad97-d91a-6731-e7b5f38951a6
2026-10-10 06:14:29.612679,92.837,9,1g.11gb,yolo-inference-755b67b9bb-6z9g8,default,yolo,580.178.04,GPU-d59cb1c4-ad97-d91a-6731-e7b5f38951a6
2026-10-10 06:14:34.614191,92.753,10,1g.11gb,yolo-inference-755b67b9bb-jvw65,default,yolo,580.178.04,GPU-d59cb1c4-ad97-d91a-6731-e7b5f38951a6
2026-10-10 06:14:34.614191,92.766,11,1g.11gb,yolo-inference-755b67b9bb-tpwv7,default,yolo,580.178.04,GPU-d59cb1c4-ad97-d91a-6731-e7b5f38951a6
2026-10-10 06:14:34.614191,92.803,12,1g.11gb,yolo-inference-755b67b9bb-cmfkj,default,yolo,580.178.04,GPU-d59cb1c4-ad97-d91a-6731-e7b5f38951a6
2026-10-10 06:14:34.614191,92.907,13,1g.11gb,yolo-inference-755b67b9bb-7kvtl,default,yolo,580.178.04,GPU-d59cb1c4-ad97-d91a-6731-e7b5f38951a6
2026-10-10 06:14:34.614191,92.746,7,1g.11gb,yolo-inference-755b67b9bb-6w2jk,default,yolo,580.178.04,GPU-d59cb1c4-ad97-d91a-6731-e7b5f38951a6
2026-10-10 06:14:34.614191,92.803,8,1g.11gb,yolo-inference-755b67b9bb-zbflb,default,yolo,580.178.04,GPU-d59cb1c4-ad97-d91a-6731-e7b5f38951a6
2026-10-10 06:14:34.614191,92.837,9,1g.11gb,yolo-inference-755b67b9bb-6z9g8,default,yolo,580.178.04,GPU-d59cb1c4-ad97-d91a-6731-e7b5f38951a6
2026-10-10 06:14:39.614160,92.753,10,1g.11gb,yolo-inference-755b67b9bb-jvw65,default,yolo,580.178.04,GPU-d59cb1c4-ad97-d91a-6731-e7b5f38951a6
2026-10-10 06:14:39.614160,92.766,11,1g.11gb,yolo-inference-755b67b9bb-tpwv7,default,yolo,580.178.04,GPU-d59cb1c4-ad97-d91a-6731-e7b5f38951a6
2026-10-10 06:14:39.614160,92.803,12,1g.11gb,yolo-inference-755b67b9bb-cmfkj,default,yolo,580.178.04,GPU-d59cb1c4-ad97-d91a-6731-e7b5f38951a6
2026-10-10 06:14:39.614160,92.907,13,1g.11gb,yolo-inference-755b67b9bb-7kvtl,default,yolo,580.178.04,GPU-d59cb1c4-ad97-d91a-6731-e7b5f38951a6
2026-10-10 06:14:39.614160,92.746,7,1g.11gb,yolo-inference-755b67b9bb-6w2jk,default,yolo,580.178.04,GPU-d59cb1c4-ad97-d91a-6731-e7b5f38951a6
2026-10-10 06:14:39.614160,92.803,8,1g.11gb,yolo-inference-755b67b9bb-zbflb,default,yolo,580.178.04,GPU-d59cb1c4-ad97-d91a-6731-e7b5f38951a6
2026-10-10 06:14:39.614160,92.837,9,1g.11gb,yolo-inference-755b67b9bb-6z9g8,default,yolo,580.178.04,GPU-d59cb1c4-ad97-d91a-6731-e7b5f38951a6
2026-10-10 06:14:44.613106,93.229,10,1g.11gb,yolo-inference-755b67b9bb-jvw65,default,yolo,580.178.04,GPU-d59cb1c4-ad97-d91a-6731-e7b5f38951a6
2026-10-10 06:14:44.613106,93.177,11,1g.11gb,yolo-inference-755b67b9bb-tpwv7,default,yolo,580.178.04,GPU-d59cb1c4-ad97-d91a-6731-e7b5f38951a6
2026-10-10 06:14:44.613106,93.106,12,1g.11gb,yolo-inference-755b67b9bb-cmfkj,default,yolo,580.178.04,GPU-d59cb1c4-ad97-d91a-6731-e7b5f38951a6
2026-10-10 06:14:44.613106,93.188,13,1g.11gb,yolo-inference-755b67b9bb-7kvtl,default,yolo,580.178.04,GPU-d59cb1c4-ad97-d91a-6731-e7b5f38951a6
2026-10-10 06:14:44.613106,92.993,7,1g.11gb,yolo-inference-755b67b9bb-6w2jk,default,yolo,580.178.04,GPU-d59cb1c4-ad97-d91a-6731-e7b5f38951a6
2026-10-10 06:14:44.613106,93.126,8,1g.11gb,yolo-inference-755b67b9bb-zbflb,default,yolo,580.178.04,GPU-d59cb1c4-ad97-d91a-6731-e7b5f38951a6
2026-10-10 06:14:44.613106,93.177,9,1g.11gb,yolo-inference-755b67b9bb-6z9g8,default,yolo,580.178.04,GPU-d59cb1c4-ad97-d91a-6731-e7b5f38951a6
2026-10-10 06:14:49.613698,93.229,10,1g.11gb,yolo-inference-755b67b9bb-jvw65,default,yolo,580.178.04,GPU-d59cb1c4-ad97-d91a-6731-e7b5f38951a6
2026-10-10 06:14:49.613698,93.177,11,1g.11gb,yolo-inference-755b67b9bb-tpwv7,default,yolo,580.178.04,GPU-d59cb1c4-ad97-d91a-6731-e7b5f38951a6
2026-10-10 06:14:49.613698,93.106,12,1g.11gb,yolo-inference-755b67b9bb-cmfkj,default,yolo,580.178.04,GPU-d59cb1c4-ad97-d91a-6731-e7b5f38951a6
2026-10-10 06:14:49.613698,93.188,13,1g.11gb,yolo-inference-755b67b9bb-7kvtl,default,yolo,580.178.04,GPU-d59cb1c4-ad97-d91a-6731-e7b5f38951a6
2026-10-10 06:14:49.613698,92.993,7,1g.11gb,yolo-inference-755b67b9bb-6w2jk,default,yolo,580.178.04,GPU-d59cb1c4-ad97-d91a-6731-e7b5f38951a6
2026-10-10 06:14:49.613698,93.126,8,1g.11gb,yolo-inference-755b67b9bb-zbflb,default,yolo,580.178.04,GPU-d59cb1c4-ad97-d91a-6731-e7b5f38951a6
2026-10-10 06:14:49.613698,93.177,9,1g.11gb,yolo-inference-755b67b9bb-6z9g8,default,yolo,580.178.04,GPU-d59cb1c4-ad97-d91a-6731-e7b5f38951a6
2026-10-10 06:14:54.614162,93.229,10,1g.11gb,yolo-inference-755b67b9bb-jvw65,default,yolo,580.178.04,GPU-d59cb1c4-ad97-d91a-6731-e7b5f38951a6
2026-10-10 06:14:54.614162,93.177,11,1g.11gb,yolo-inference-755b67b9bb-tpwv7,default,yolo,580.178.04,GPU-d59cb1c4-ad97-d91a-6731-e7b5f38951a6
2026-10-10 06:14:54.614162,93.106,12,1g.11gb,yolo-inference-755b67b9bb-cmfkj,default,yolo,580.178.04,GPU-d59cb1c4-ad97-d91a-6731-e7b5f38951a6
2026-10-10 06:14:54.614162,93.188,13,1g.11gb,yolo-inference-755b67b9bb-7kvtl,default,yolo,580.178.04,GPU-d59cb1c4-ad97-d91a-6731-e7b5f38951a6
2026-10-10 06:14:54.614162,92.993,7,1g.11gb,yolo-inference-755b67b9bb-6w2jk,default,yolo,580.178.04,GPU-d59cb1c4-ad97-d91a-6731-e7b5f38951a6
2026-10-10 06:14:54.614162,93.126,8,1g.11gb,yolo-inference-755b67b9bb-zbflb,default,yolo,580.178.04,GPU-d59cb1c4-ad97-d91a-6731-e7b5f38951a6
2026-10-10 06:14:54.614162,93.177,9,1g.11gb,yolo-inference-755b67b9bb-6z9g8,default,yolo,580.178.04,GPU-d59cb1c4-ad97-d91a-6731-e7b5f38951a6
2026-10-10 06:14:59.614222,93.229,10,1g.11gb,yolo-inference-755b67b9bb-jvw65,default,yolo,580.178.04,GPU-d59cb1c4-ad97-d91a-6731-e7b5f38951a6
2026-10-10 06:14:59.614222,93.177,11,1g.11gb,yolo-inference-755b67b9bb-tpwv7,default,yolo,580.178.04,GPU-d59cb1c4-ad97-d91a-6731-e7b5f38951a6
2026-10-10 06:14:59.614222,93.106,12,1g.11gb,yolo-inference-755b67b9bb-cmfkj,default,yolo,580.178.04,GPU-d59cb1c4-ad97-d91a-6731-e7b5f38951a6
2026-10-10 06:14:59.614222,93.188,13,1g.11gb,yolo-inference-755b67b9bb-7kvtl,default,yolo,580.178.04,GPU-d59cb1c4-ad97-d91a-6731-e7b5f38951a6
2026-10-10 06:14:59.614222,92.993,7,1g.11gb,yolo-inference-755b67b9bb-6w2jk,default,yolo,580.178.04,GPU-d59cb1c4-ad97-d91a-6731-e7b5f38951a6
2026-10-10 06:14:59.614222,93.126,8,1g.11gb,yolo-inference-755b67b9bb-zbflb,default,yolo,580.178.04,GPU-d59cb1c4-ad97-d91a-6731-e7b5f38951a6
2026-10-10 06:14:59.614222,93.177,9,1g.11gb,yolo-inference-755b67b9bb-6z9g8,default,yolo,580.178.04,GPU-d59cb1c4-ad97-d91a-6731-e7b5f38951a6
2026-10-10 06:15:04.609528,93.229,10,1g.11gb,yolo-inference-755b67b9bb-jvw65,default,yolo,580.178.04,GPU-d59cb1c4-ad97-d91a-6731-e7b5f38951a6
2026-10-10 06:15:04.609528,93.177,11,1g.11gb,yolo-inference-755b67b9bb-tpwv7,default,yolo,580.178.04,GPU-d59cb1c4-ad97-d91a-6731-e7b5f38951a6
2026-10-10 06:15:04.609528,93.106,12,1g.11gb,yolo-inference-755b67b9bb-cmfkj,default,yolo,580.178.04,GPU-d59cb1c4-ad97-d91a-6731-e7b5f38951a6
2026-10-10 06:15:04.609528,93.188,13,1g.11gb,yolo-inference-755b67b9bb-7kvtl,default,yolo,580.178.04,GPU-d59cb1c4-ad97-d91a-6731-e7b5f38951a6
2026-10-10 06:15:04.609528,92.993,7,1g.11gb,yolo-inference-755b67b9bb-6w2jk,default,yolo,580.178.04,GPU-d59cb1c4-ad97-d91a-6731-e7b5f38951a6
2026-10-10 06:15:04.609528,93.126,8,1g.11gb,yolo-inference-755b67b9bb-zbflb,default,yolo,580.178.04,GPU-d59cb1c4-ad97-d91a-6731-e7b5f38951a6
2026-10-10 06:15:04.609528,93.177,9,1g.11gb,yolo-inference-755b67b9bb-6z9g8,default,yolo,580.178.04,GPU-d59cb1c4-ad97-d91a-6731-e7b5f38951a6
2026-10-10 06:15:09.609507,93.229,10,1g.11gb,yolo-inference-755b67b9bb-jvw65,default,yolo,580.178.04,GPU-d59cb1c4-ad97-d91a-6731-e7b5f38951a6
2026-10-10 06:15:09.609507,93.177,11,1g.11gb,yolo-inference-755b67b9bb-tpwv7,default,yolo,580.178.04,GPU-d59cb1c4-ad97-d91a-6731-e7b5f38951a6
2026-10-10 06:15:09.609507,93.106,12,1g.11gb,yolo-inference-755b67b9bb-cmfkj,default,yolo,580.178.04,GPU-d59cb1c4-ad97-d91a-6731-e7b5f38951a6
2026-10-10 06:15:09.609507,93.188,13,1g.11gb,yolo-inference-755b67b9bb-7kvtl,default,yolo,580.178.04,GPU-d59cb1c4-ad97-d91a-6731-e7b5f38951a6
2026-10-10 06:15:09.609507,92.993,7,1g.11gb,yolo-inference-755b67b9bb-6w2jk,default,yolo,580.178.04,GPU-d59cb1c4-ad97-d91a-6731-e7b5f38951a6
2026-10-10 06:15:09.609507,93.126,8,1g.11gb,yolo-inference-755b67b9bb-zbflb,default,yolo,580.178.04,GPU-d59cb1c4-ad97-d91a-6731-e7b5f38951a6
2026-10-10 06:15:09.609507,93.177,9,1g.11gb,yolo-inference-755b67b9bb-6z9g8,default,yolo,580.178.04,GPU-d59cb1c4-ad97-d91a-6731-e7b5f38951a6
2026-10-10 06:15:14.613711,92.913,10,1g.11gb,yolo-inference-755b67b9bb-jvw65,default,yolo,580.178.04,GPU-d59cb1c4-ad97-d91a-6731-e7b5f38951a6
2026-10-10 06:15:14.613711,92.846,11,1g.11gb,yolo-inference-755b67b9bb-tpwv7,default,yolo,580.178.04,GPU-d59cb1c4-ad97-d91a-6731-e7b5f38951a6
2026-10-10 06:15:14.613711,92.855,12,1g.11gb,yolo-inference-755b67b9bb-cmfkj,default,yolo,580.178.04,GPU-d59cb1c4-ad97-d91a-6731-e7b5f38951a6
2026-10-10 06:15:14.613711,92.845,13,1g.11gb,yolo-inference-755b67b9bb-7kvtl,default,yolo,580.178.04,GPU-d59cb1c4-ad97-d91a-6731-e7b5f38951a6
2026-10-10 06:15:14.613711,92.894,7,1g.11gb,yolo-inference-755b67b9bb-6w2jk,default,yolo,580.178.04,GPU-d59cb1c4-ad97-d91a-6731-e7b5f38951a6
2026-10-10 06:15:14.613711,92.997,8,1g.11gb,yolo-inference-755b67b9bb-zbflb,default,yolo,580.178.04,GPU-d59cb1c4-ad97-d91a-6731-e7b5f38951a6
2026-10-10 06:15:14.613711,92.846,9,1g.11gb,yolo-inference-755b67b9bb-6z9g8,default,yolo,580.178.04,GPU-d59cb1c4-ad97-d91a-6731-e7b5f38951a6
2026-10-10 06:15:19.614195,92.913,10,1g.11gb,yolo-inference-755b67b9bb-jvw65,default,yolo,580.178.04,GPU-d59cb1c4-ad97-d91a-6731-e7b5f38951a6
2026-10-10 06:15:19.614195,92.846,11,1g.11gb,yolo-inference-755b67b9bb-tpwv7,default,yolo,580.178.04,GPU-d59cb1c4-ad97-d91a-6731-e7b5f38951a6
2026-10-10 06:15:19.614195,92.855,12,1g.11gb,yolo-inference-755b67b9bb-cmfkj,default,yolo,580.178.04,GPU-d59cb1c4-ad97-d91a-6731-e7b5f38951a6
2026-10-10 06:15:19.614195,92.845,13,1g.11gb,yolo-inference-755b67b9bb-7kvtl,default,yolo,580.178.04,GPU-d59cb1c4-ad97-d91a-6731-e7b5f38951a6
2026-10-10 06:15:19.614195,92.894,7,1g.11gb,yolo-inference-755b67b9bb-6w2jk,default,yolo,580.178.04,GPU-d59cb1c4-ad97-d91a-6731-e7b5f38951a6
2026-10-10 06:15:19.614195,92.997,8,1g.11gb,yolo-inference-755b67b9bb-zbflb,default,yolo,580.178.04,GPU-d59cb1c4-ad97-d91a-6731-e7b5f38951a6
2026-10-10 06:15:19.614195,92.846,9,1g.11gb,yolo-inference-755b67b9bb-6z9g8,default,yolo,580.178.04,GPU-d59cb1c4-ad97-d91a-6731-e7b5f38951a6
2026-10-10 06:15:24.613688,92.913,10,1g.11gb,yolo-inference-755b67b9bb-jvw65,default,yolo,580.178.04,GPU-d59cb1c4-ad97-d91a-6731-e7b5f38951a6
2026-10-10 06:15:24.613688,92.846,11,1g.11gb,yolo-inference-755b67b9bb-tpwv7,default,yolo,580.178.04,GPU-d59cb1c4-ad97-d91a-6731-e7b5f38951a6
2026-10-10 06:15:24.613688,92.855,12,1g.11gb,yolo-inference-755b67b9bb-cmfkj,default,yolo,580.178.04,GPU-d59cb1c4-ad97-d91a-6731-e7b5f38951a6
2026-10-10 06:15:24.613688,92.845,13,1g.11gb,yolo-inference-755b67b9bb-7kvtl,default,yolo,580.178.04,GPU-d59cb1c4-ad97-d91a-6731-e7b5f38951a6
2026-10-10 06:15:24.613688,92.894,7,1g.11gb,yolo-inference-755b67b9bb-6w2jk,default,yolo,580.178.04,GPU-d59cb1c4-ad97-d91a-6731-e7b5f38951a6
2026-10-10 06:15:24.613688,92.997,8,1g.11gb,yolo-inference-755b67b9bb-zbflb,default,yolo,580.178.04,GPU-d59cb1c4-ad97-d91a-6731-e7b5f38951a6
2026-10-10 06:15:24.613688,92.846,9,1g.11gb,yolo-inference-755b67b9bb-6z9g8,default,yolo,580.178.04,GPU-d59cb1c4-ad97-d91a-6731-e7b5f38951a6
2026-10-10 06:15:29.611734,92.913,10,1g.11gb,yolo-inference-755b67b9bb-jvw65,default,yolo,580.178.04,GPU-d59cb1c4-ad97-d91a-6731-e7b5f38951a6
2026-10-10 06:15:29.611734,92.846,11,1g.11gb,yolo-inference-755b67b9bb-tpwv7,default,yolo,580.178.04,GPU-d59cb1c4-ad97-d91a-6731-e7b5f38951a6
2026-10-10 06:15:29.611734,92.855,12,1g.11gb,yolo-inference-755b67b9bb-cmfkj,default,yolo,580.178.04,GPU-d59cb1c4-ad97-d91a-6731-e7b5f38951a6
2026-10-10 06:15:29.611734,92.845,13,1g.11gb,yolo-inference-755b67b9bb-7kvtl,default,yolo,580.178.04,GPU-d59cb1c4-ad97-d91a-6731-e7b5f38951a6
2026-10-10 06:15:29.611734,92.894,7,1g.11gb,yolo-inference-755b67b9bb-6w2jk,default,yolo,580.178.04,GPU-d59cb1c4-ad97-d91a-6731-e7b5f38951a6
2026-10-10 06:15:29.611734,92.997,8,1g.11gb,yolo-inference-755b67b9bb-zbflb,default,yolo,580.178.04,GPU-d59cb1c4-ad97-d91a-6731-e7b5f38951a6
2026-10-10 06:15:29.611734,92.846,9,1g.11gb,yolo-inference-755b67b9bb-6z9g8,default,yolo,580.178.04,GPU-d59cb1c4-ad97-d91a-6731-e7b5f38951a6
2026-10-10 06:15:34.613801,92.913,10,1g.11gb,yolo-inference-755b67b9bb-jvw65,default,yolo,580.178.04,GPU-d59cb1c4-ad97-d91a-6731-e7b5f38951a6
2026-10-10 06:15:34.613801,92.846,11,1g.11gb,yolo-inference-755b67b9bb-tpwv7,default,yolo,580.178.04,GPU-d59cb1c4-ad97-d91a-6731-e7b5f38951a6
2026-10-10 06:15:34.613801,92.855,12,1g.11gb,yolo-inference-755b67b9bb-cmfkj,default,yolo,580.178.04,GPU-d59cb1c4-ad97-d91a-6731-e7b5f38951a6
2026-10-10 06:15:34.613801,92.845,13,1g.11gb,yolo-inference-755b67b9bb-7kvtl,default,yolo,580.178.04,GPU-d59cb1c4-ad97-d91a-6731-e7b5f38951a6
2026-10-10 06:15:34.613801,92.894,7,1g.11gb,yolo-inference-755b67b9bb-6w2jk,default,yolo,580.178.04,GPU-d59cb1c4-ad97-d91a-6731-e7b5f38951a6
2026-10-10 06:15:34.613801,92.997,8,1g.11gb,yolo-inference-755b67b9bb-zbflb,default,yolo,580.178.04,GPU-d59cb1c4-ad97-d91a-6731-e7b5f38951a6
2026-10-10 06:15:34.613801,92.846,9,1g.11gb,yolo-inference-755b67b9bb-6z9g8,default,yolo,580.178.04,GPU-d59cb1c4-ad97-d91a-6731-e7b5f38951a6
2026-10-10 06:15:39.614195,92.913,10,1g.11gb,yolo-inference-755b67b9bb-jvw65,default,yolo,580.178.04,GPU-d59cb1c4-ad97-d91a-6731-e7b5f38951a6
2026-10-10 06:15:39.614195,92.846,11,1g.11gb,yolo-inference-755b67b9bb-tpwv7,default,yolo,580.178.04,GPU-d59cb1c4-ad97-d91a-6731-e7b5f38951a6
2026-10-10 06:15:39.614195,92.855,12,1g.11gb,yolo-inference-755b67b9bb-cmfkj,default,yolo,580.178.04,GPU-d59cb1c4-ad97-d91a-6731-e7b5f38951a6
2026-10-10 06:15:39.614195,92.845,13,1g.11gb,yolo-inference-755b67b9bb-7kvtl,default,yolo,580.178.04,GPU-d59cb1c4-ad97-d91a-6731-e7b5f38951a6
2026-10-10 06:15:39.614195,92.894,7,1g.11gb,yolo-inference-755b67b9bb-6w2jk,default,yolo,580.178.04,GPU-d59cb1c4-ad97-d91a-6731-e7b5f38951a6
2026-10-10 06:15:39.614195,92.997,8,1g.11gb,yolo-inference-755b67b9bb-zbflb,default,yolo,580.178.04,GPU-d59cb1c4-ad97-d91a-6731-e7b5f38951a6
2026-10-10 06:15:39.614195,92.846,9,1g.11gb,yolo-inference-755b67b9bb-6z9g8,default,yolo,580.178.04,GPU-d59cb1c4-ad97-d91a-6731-e7b5f38951a6
2026-10-10 06:15:44.613643,92.758,10,1g.11gb,yolo-inference-755b67b9bb-jvw65,default,yolo,580.178.04,GPU-d59cb1c4-ad97-d91a-6731-e7b5f38951a6
2026-10-10 06:15:44.613643,92.91,11,1g.11gb,yolo-inference-755b67b9bb-tpwv7,default,yolo,580.178.04,GPU-d59cb1c4-ad97-d91a-6731-e7b5f38951a6
2026-10-10 06:15:44.613643,93.052,12,1g.11gb,yolo-inference-755b67b9bb-cmfkj,default,yolo,580.178.04,GPU-d59cb1c4-ad97-d91a-6731-e7b5f38951a6
2026-10-10 06:15:44.613643,92.955,13,1g.11gb,yolo-inference-755b67b9bb-7kvtl,default,yolo,580.178.04,GPU-d59cb1c4-ad97-d91a-6731-e7b5f38951a6
2026-10-10 06:15:44.613643,93.018,7,1g.11gb,yolo-inference-755b67b9bb-6w2jk,default,yolo,580.178.04,GPU-d59cb1c4-ad97-d91a-6731-e7b5f38951a6
2026-10-10 06:15:44.613643,93.052,8,1g.11gb,yolo-inference-755b67b9bb-zbflb,default,yolo,580.178.04,GPU-d59cb1c4-ad97-d91a-6731-e7b5f38951a6
2026-10-10 06:15:44.613643,92.91,9,1g.11gb,yolo-inference-755b67b9bb-6z9g8,default,yolo,580.178.04,GPU-d59cb1c4-ad97-d91a-6731-e7b5f38951a6
2026-10-10 06:15:49.609462,92.758,10,1g.11gb,yolo-inference-755b67b9bb-jvw65,default,yolo,580.178.04,GPU-d59cb1c4-ad97-d91a-6731-e7b5f38951a6
2026-10-10 06:15:49.609462,92.91,11,1g.11gb,yolo-inference-755b67b9bb-tpwv7,default,yolo,580.178.04,GPU-d59cb1c4-ad97-d91a-6731-e7b5f38951a6
2026-10-10 06:15:49.609462,93.052,12,1g.11gb,yolo-inference-755b67b9bb-cmfkj,default,yolo,580.178.04,GPU-d59cb1c4-ad97-d91a-6731-e7b5f38951a6
2026-10-10 06:15:49.609462,92.955,13,1g.11gb,yolo-inference-755b67b9bb-7kvtl,default,yolo,580.178.04,GPU-d59cb1c4-ad97-d91a-6731-e7b5f38951a6
2026-10-10 06:15:49.609462,93.018,7,1g.11gb,yolo-inference-755b67b9bb-6w2jk,default,yolo,580.178.04,GPU-d59cb1c4-ad97-d91a-6731-e7b5f38951a6
2026-10-10 06:15:49.609462,93.052,8,1g.11gb,yolo-inference-755b67b9bb-zbflb,default,yolo,580.178.04,GPU-d59cb1c4-ad97-d91a-6731-e7b5f38951a6
2026-10-10 06:15:49.609462,92.91,9,1g.11gb,yolo-inference-755b67b9bb-6z9g8,default,yolo,580.178.04,GPU-d59cb1c4-ad97-d91a-6731-e7b5f38951a6
2026-10-10 06:15:54.614232,92.758,10,1g.11gb,yolo-inference-755b67b9bb-jvw65,default,yolo,580.178.04,GPU-d59cb1c4-ad97-d91a-6731-e7b5f38951a6
2026-10-10 06:15:54.614232,92.91,11,1g.11gb,yolo-inference-755b67b9bb-tpwv7,default,yolo,580.178.04,GPU-d59cb1c4-ad97-d91a-6731-e7b5f38951a6
2026-10-10 06:15:54.614232,93.052,12,1g.11gb,yolo-inference-755b67b9bb-cmfkj,default,yolo,580.178.04,GPU-d59cb1c4-ad97-d91a-6731-e7b5f38951a6
2026-10-10 06:15:54.614232,92.955,13,1g.11gb,yolo-inference-755b67b9bb-7kvtl,default,yolo,580.178.04,GPU-d59cb1c4-ad97-d91a-6731-e7b5f38951a6
2026-10-10 06:15:54.614232,93.018,7,1g.11gb,yolo-inference-755b67b9bb-6w2jk,default,yolo,580.178.04,GPU-d59cb1c4-ad97-d91a-6731-e7b5f38951a6
2026-10-10 06:15:54.614232,93.052,8,1g.11gb,yolo-inference-755b67b9bb-zbflb,default,yolo,580.178.04,GPU-d59cb1c4-ad97-d91a-6731-e7b5f38951a6
2026-10-10 06:15:54.614232,92.91,9,1g.11gb,yolo-inference-755b67b9bb-6z9g8,default,yolo,580.178.04,GPU-d59cb1c4-ad97-d91a-6731-e7b5f38951a6
2026-10-10 06:15:59.609701,92.758,10,1g.11gb,yolo-inference-755b67b9bb-jvw65,default,yolo,580.178.04,GPU-d59cb1c4-ad97-d91a-6731-e7b5f38951a6
2026-10-10 06:15:59.609701,92.91,11,1g.11gb,yolo-inference-755b67b9bb-tpwv7,default,yolo,580.178.04,GPU-d59cb1c4-ad97-d91a-6731-e7b5f38951a6
2026-10-10 06:15:59.609701,93.052,12,1g.11gb,yolo-inference-755b67b9bb-cmfkj,default,yolo,580.178.04,GPU-d59cb1c4-ad97-d91a-6731-e7b5f38951a6
2026-10-10 06:15:59.609701,92.955,13,1g.11gb,yolo-inference-755b67b9bb-7kvtl,default,yolo,580.178.04,GPU-d59cb1c4-ad97-d91a-6731-e7b5f38951a6
2026-10-10 06:15:59.609701,93.018,7,1g.11gb,yolo-inference-755b67b9bb-6w2jk,default,yolo,580.178.04,GPU-d59cb1c4-ad97-d91a-6731-e7b5f38951a6
2026-10-10 06:15:59.609701,93.052,8,1g.11gb,yolo-inference-755b67b9bb-zbflb,default,yolo,580.178.04,GPU-d59cb1c4-ad97-d91a-6731-e7b5f38951a6
2026-10-10 06:15:59.609701,92.91,9,1g.11gb,yolo-inference-755b67b9bb-6z9g8,default,yolo,580.178.04,GPU-d59cb1c4-ad97-d91a-6731-e7b5f38951a6
2026-10-10 06:16:04.614183,92.758,10,1g.11gb,yolo-inference-755b67b9bb-jvw65,default,yolo,580.178.04,GPU-d59cb1c4-ad97-d91a-6731-e7b5f38951a6
2026-10-10 06:16:04.614183,92.91,11,1g.11gb,yolo-inference-755b67b9bb-tpwv7,default,yolo,580.178.04,GPU-d59cb1c4-ad97-d91a-6731-e7b5f38951a6
2026-10-10 06:16:04.614183,93.052,12,1g.11gb,yolo-inference-755b67b9bb-cmfkj,default,yolo,580.178.04,GPU-d59cb1c4-ad97-d91a-6731-e7b5f38951a6
2026-10-10 06:16:04.614183,92.955,13,1g.11gb,yolo-inference-755b67b9bb-7kvtl,default,yolo,580.178.04,GPU-d59cb1c4-ad97-d91a-6731-e7b5f38951a6
2026-10-10 06:16:04.614183,93.018,7,1g.11gb,yolo-inference-755b67b9bb-6w2jk,default,yolo,580.178.04,GPU-d59cb1c4-ad97-d91a-6731-e7b5f38951a6
2026-10-10 06:16:04.614183,93.052,8,1g.11gb,yolo-inference-755b67b9bb-zbflb,default,yolo,580.178.04,GPU-d59cb1c4-ad97-d91a-6731-e7b5f38951a6
2026-10-10 06:16:04.614183,92.91,9,1g.11gb,yolo-inference-755b67b9bb-6z9g8,default,yolo,580.178.04,GPU-d59cb1c4-ad97-d91a-6731-e7b5f38951a6
2026-10-10 06:16:09.614182,92.758,10,1g.11gb,yolo-inference-755b67b9bb-jvw65,default,yolo,580.178.04,GPU-d59cb1c4-ad97-d91a-6731-e7b5f38951a6
2026-10-10 06:16:09.614182,92.91,11,1g.11gb,yolo-inference-755b67b9bb-tpwv7,default,yolo,580.178.04,GPU-d59cb1c4-ad97-d91a-6731-e7b5f38951a6
2026-10-10 06:16:09.614182,93.052,12,1g.11gb,yolo-inference-755b67b9bb-cmfkj,default,yolo,580.178.04,GPU-d59cb1c4-ad97-d91a-6731-e7b5f38951a6
2026-10-10 06:16:09.614182,92.955,13,1g.11gb,yolo-inference-755b67b9bb-7kvtl,default,yolo,580.178.04,GPU-d59cb1c4-ad97-d91a-6731-e7b5f38951a6
2026-10-10 06:16:09.614182,93.018,7,1g.11gb,yolo-inference-755b67b9bb-6w2jk,default,yolo,580.178.04,GPU-d59cb1c4-ad97-d91a-6731-e7b5f38951a6
2026-10-10 06:16:09.614182,93.052,8,1g.11gb,yolo-inference-755b67b9bb-zbflb,default,yolo,580.178.04,GPU-d59cb1c4-ad97-d91a-6731-e7b5f38951a6
2026-10-10 06:16:09.614182,92.91,9,1g.11gb,yolo-inference-755b67b9bb-6z9g8,default,yolo,580.178.04,GPU-d59cb1c4-ad97-d91a-6731-e7b5f38951a6
2026-10-10 06:16:14.614218,92.877,10,1g.11gb,yolo-inference-755b67b9bb-jvw65,default,yolo,580.178.04,GPU-d59cb1c4-ad97-d91a-6731-e7b5f38951a6
2026-10-10 06:16:14.614218,92.778,11,1g.11gb,yolo-inference-755b67b9bb-tpwv7,default,yolo,580.178.04,GPU-d59cb1c4-ad97-d91a-6731-e7b5f38951a6
2026-10-10 06:16:14.614218,92.877,12,1g.11gb,yolo-inference-755b67b9bb-cmfkj,default,yolo,580.178.04,GPU-d59cb1c4-ad97-d91a-6731-e7b5f38951a6
2026-10-10 06:16:14.614218,92.738,13,1g.11gb,yolo-inference-755b67b9bb-7kvtl,default,yolo,580.178.04,GPU-d59cb1c4-ad97-d91a-6731-e7b5f38951a6
2026-10-10 06:16:14.614218,92.738,7,1g.11gb,yolo-inference-755b67b9bb-6w2jk,default,yolo,580.178.04,GPU-d59cb1c4-ad97-d91a-6731-e7b5f38951a6
2026-10-10 06:16:14.614218,92.877,8,1g.11gb,yolo-inference-755b67b9bb-zbflb,default,yolo,580.178.04,GPU-d59cb1c4-ad97-d91a-6731-e7b5f38951a6
2026-10-10 06:16:14.614218,92.778,9,1g.11gb,yolo-inference-755b67b9bb-6z9g8,default,yolo,580.178.04,GPU-d59cb1c4-ad97-d91a-6731-e7b5f38951a6
2026-10-10 06:16:19.614235,92.877,10,1g.11gb,yolo-inference-755b67b9bb-jvw65,default,yolo,580.178.04,GPU-d59cb1c4-ad97-d91a-6731-e7b5f38951a6
2026-10-10 06:16:19.614235,92.778,11,1g.11gb,yolo-inference-755b67b9bb-tpwv7,default,yolo,580.178.04,GPU-d59cb1c4-ad97-d91a-6731-e7b5f38951a6
2026-10-10 06:16:19.614235,92.877,12,1g.11gb,yolo-inference-755b67b9bb-cmfkj,default,yolo,580.178.04,GPU-d59cb1c4-ad97-d91a-6731-e7b5f38951a6
2026-10-10 06:16:19.614235,92.738,13,1g.11gb,yolo-inference-755b67b9bb-7kvtl,default,yolo,580.178.04,GPU-d59cb1c4-ad97-d91a-6731-e7b5f38951a6
2026-10-10 06:16:19.614235,92.738,7,1g.11gb,yolo-inference-755b67b9bb-6w2jk,default,yolo,580.178.04,GPU-d59cb1c4-ad97-d91a-6731-e7b5f38951a6
2026-10-10 06:16:19.614235,92.877,8,1g.11gb,yolo-inference-755b67b9bb-zbflb,default,yolo,580.178.04,GPU-d59cb1c4-ad97-d91a-6731-e7b5f38951a6
2026-10-10 06:16:19.614235,92.778,9,1g.11gb,yolo-inference-755b67b9bb-6z9g8,default,yolo,580.178.04,GPU-d59cb1c4-ad97-d91a-6731-e7b5f38951a6
2026-10-10 06:16:24.614061,92.877,10,1g.11gb,yolo-inference-755b67b9bb-jvw65,default,yolo,580.178.04,GPU-d59cb1c4-ad97-d91a-6731-e7b5f38951a6
2026-10-10 06:16:24.614061,92.778,11,1g.11gb,yolo-inference-755b67b9bb-tpwv7,default,yolo,580.178.04,GPU-d59cb1c4-ad97-d91a-6731-e7b5f38951a6
2026-10-10 06:16:24.614061,92.877,12,1g.11gb,yolo-inference-755b67b9bb-cmfkj,default,yolo,580.178.04,GPU-d59cb1c4-ad97-d91a-6731-e7b5f38951a6
2026-10-10 06:16:24.614061,92.738,13,1g.11gb,yolo-inference-755b67b9bb-7kvtl,default,yolo,580.178.04,GPU-d59cb1c4-ad97-d91a-6731-e7b5f38951a6
2026-10-10 06:16:24.614061,92.738,7,1g.11gb,yolo-inference-755b67b9bb-6w2jk,default,yolo,580.178.04,GPU-d59cb1c4-ad97-d91a-6731-e7b5f38951a6
2026-10-10 06:16:24.614061,92.877,8,1g.11gb,yolo-inference-755b67b9bb-zbflb,default,yolo,580.178.04,GPU-d59cb1c4-ad97-d91a-6731-e7b5f38951a6
2026-10-10 06:16:24.614061,92.778,9,1g.11gb,yolo-inference-755b67b9bb-6z9g8,default,yolo,580.178.04,GPU-d59cb1c4-ad97-d91a-6731-e7b5f38951a6
2026-10-10 06:16:29.614196,92.877,10,1g.11gb,yolo-inference-755b67b9bb-jvw65,default,yolo,580.178.04,GPU-d59cb1c4-ad97-d91a-6731-e7b5f38951a6
2026-10-10 06:16:29.614196,92.778,11,1g.11gb,yolo-inference-755b67b9bb-tpwv7,default,yolo,580.178.04,GPU-d59cb1c4-ad97-d91a-6731-e7b5f38951a6
2026-10-10 06:16:29.614196,92.877,12,1g.11gb,yolo-inference-755b67b9bb-cmfkj,default,yolo,580.178.04,GPU-d59cb1c4-ad97-d91a-6731-e7b5f38951a6
2026-10-10 06:16:29.614196,92.738,13,1g.11gb,yolo-inference-755b67b9bb-7kvtl,default,yolo,580.178.04,GPU-d59cb1c4-ad97-d91a-6731-e7b5f38951a6
2026-10-10 06:16:29.614196,92.738,7,1g.11gb,yolo-inference-755b67b9bb-6w2jk,default,yolo,580.178.04,GPU-d59cb1c4-ad97-d91a-6731-e7b5f38951a6
2026-10-10 06:16:29.614196,92.877,8,1g.11gb,yolo-inference-755b67b9bb-zbflb,default,yolo,580.178.04,GPU-d59cb1c4-ad97-d91a-6731-e7b5f38951a6
2026-10-10 06:16:29.614196,92.778,9,1g.11gb,yolo-inference-755b67b9bb-6z9g8,default,yolo,580.178.04,GPU-d59cb1c4-ad97-d91a-6731-e7b5f38951a6
2026-10-10 06:16:34.609863,92.877,10,1g.11gb,yolo-inference-755b67b9bb-jvw65,default,yolo,580.178.04,GPU-d59cb1c4-ad97-d91a-6731-e7b5f38951a6
2026-10-10 06:16:34.609863,92.778,11,1g.11gb,yolo-inference-755b67b9bb-tpwv7,default,yolo,580.178.04,GPU-d59cb1c4-ad97-d91a-6731-e7b5f38951a6
2026-10-10 06:16:34.609863,92.877,12,1g.11gb,yolo-inference-755b67b9bb-cmfkj,default,yolo,580.178.04,GPU-d59cb1c4-ad97-d91a-6731-e7b5f38951a6
2026-10-10 06:16:34.609863,92.738,13,1g.11gb,yolo-inference-755b67b9bb-7kvtl,default,yolo,580.178.04,GPU-d59cb1c4-ad97-d91a-6731-e7b5f38951a6
2026-10-10 06:16:34.609863,92.738,7,1g.11gb,yolo-inference-755b67b9bb-6w2jk,default,yolo,580.178.04,GPU-d59cb1c4-ad97-d91a-6731-e7b5f38951a6
2026-10-10 06:16:34.609863,92.877,8,1g.11gb,yolo-inference-755b67b9bb-zbflb,default,yolo,580.178.04,GPU-d59cb1c4-ad97-d91a-6731-e7b5f38951a6
2026-10-10 06:16:34.609863,92.778,9,1g.11gb,yolo-inference-755b67b9bb-6z9g8,default,yolo,580.178.04,GPU-d59cb1c4-ad97-d91a-6731-e7b5f38951a6
2026-10-10 06:16:39.614212,92.877,10,1g.11gb,yolo-inference-755b67b9bb-jvw65,default,yolo,580.178.04,GPU-d59cb1c4-ad97-d91a-6731-e7b5f38951a6
2026-10-10 06:16:39.614212,92.778,11,1g.11gb,yolo-inference-755b67b9bb-tpwv7,default,yolo,580.178.04,GPU-d59cb1c4-ad97-d91a-6731-e7b5f38951a6
2026-10-10 06:16:39.614212,92.877,12,1g.11gb,yolo-inference-755b67b9bb-cmfkj,default,yolo,580.178.04,GPU-d59cb1c4-ad97-d91a-6731-e7b5f38951a6
2026-10-10 06:16:39.614212,92.738,13,1g.11gb,yolo-inference-755b67b9bb-7kvtl,default,yolo,580.178.04,GPU-d59cb1c4-ad97-d91a-6731-e7b5f38951a6
2026-10-10 06:16:39.614212,92.738,7,1g.11gb,yolo-inference-755b67b9bb-6w2jk,default,yolo,580.178.04,GPU-d59cb1c4-ad97-d91a-6731-e7b5f38951a6
2026-10-10 06:16:39.614212,92.877,8,1g.11gb,yolo-inference-755b67b9bb-zbflb,default,yolo,580.178.04,GPU-d59cb1c4-ad97-d91a-6731-e7b5f38951a6
2026-10-10 06:16:39.614212,92.778,9,1g.11gb,yolo-inference-755b67b9bb-6z9g8,default,yolo,580.178.04,GPU-d59cb1c4-ad97-d91a-6731-e7b5f38951a6
2026-10-10 06:16:44.613660,92.768,10,1g.11gb,yolo-inference-755b67b9bb-jvw65,default,yolo,580.178.04,GPU-d59cb1c4-ad97-d91a-6731-e7b5f38951a6
2026-10-10 06:16:44.613660,93.207,11,1g.11gb,yolo-inference-755b67b9bb-tpwv7,default,yolo,580.178.04,GPU-d59cb1c4-ad97-d91a-6731-e7b5f38951a6
2026-10-10 06:16:44.613660,92.864,12,1g.11gb,yolo-inference-755b67b9bb-cmfkj,default,yolo,580.178.04,GPU-d59cb1c4-ad97-d91a-6731-e7b5f38951a6
2026-10-10 06:16:44.613660,93.21,13,1g.11gb,yolo-inference-755b67b9bb-7kvtl,default,yolo,580.178.04,GPU-d59cb1c4-ad97-d91a-6731-e7b5f38951a6
2026-10-10 06:16:44.613660,92.691,7,1g.11gb,yolo-inference-755b67b9bb-6w2jk,default,yolo,580.178.04,GPU-d59cb1c4-ad97-d91a-6731-e7b5f38951a6
2026-10-10 06:16:44.613660,92.864,8,1g.11gb,yolo-inference-755b67b9bb-zbflb,default,yolo,580.178.04,GPU-d59cb1c4-ad97-d91a-6731-e7b5f38951a6
2026-10-10 06:16:44.613660,93.207,9,1g.11gb,yolo-inference-755b67b9bb-6z9g8,default,yolo,580.178.04,GPU-d59cb1c4-ad97-d91a-6731-e7b5f38951a6
2026-10-10 06:16:49.614185,92.768,10,1g.11gb,yolo-inference-755b67b9bb-jvw65,default,yolo,580.178.04,GPU-d59cb1c4-ad97-d91a-6731-e7b5f38951a6
2026-10-10 06:16:49.614185,93.207,11,1g.11gb,yolo-inference-755b67b9bb-tpwv7,default,yolo,580.178.04,GPU-d59cb1c4-ad97-d91a-6731-e7b5f38951a6
2026-10-10 06:16:49.614185,92.864,12,1g.11gb,yolo-inference-755b67b9bb-cmfkj,default,yolo,580.178.04,GPU-d59cb1c4-ad97-d91a-6731-e7b5f38951a6
2026-10-10 06:16:49.614185,93.21,13,1g.11gb,yolo-inference-755b67b9bb-7kvtl,default,yolo,580.178.04,GPU-d59cb1c4-ad97-d91a-6731-e7b5f38951a6
2026-10-10 06:16:49.614185,92.691,7,1g.11gb,yolo-inference-755b67b9bb-6w2jk,default,yolo,580.178.04,GPU-d59cb1c4-ad97-d91a-6731-e7b5f38951a6
2026-10-10 06:16:49.614185,92.864,8,1g.11gb,yolo-inference-755b67b9bb-zbflb,default,yolo,580.178.04,GPU-d59cb1c4-ad97-d91a-6731-e7b5f38951a6
2026-10-10 06:16:49.614185,93.207,9,1g.11gb,yolo-inference-755b67b9bb-6z9g8,default,yolo,580.178.04,GPU-d59cb1c4-ad97-d91a-6731-e7b5f38951a6
2026-10-10 06:16:54.610106,92.768,10,1g.11gb,yolo-inference-755b67b9bb-jvw65,default,yolo,580.178.04,GPU-d59cb1c4-ad97-d91a-6731-e7b5f38951a6
2026-10-10 06:16:54.610106,93.207,11,1g.11gb,yolo-inference-755b67b9bb-tpwv7,default,yolo,580.178.04,GPU-d59cb1c4-ad97-d91a-6731-e7b5f38951a6
2026-10-10 06:16:54.610106,92.864,12,1g.11gb,yolo-inference-755b67b9bb-cmfkj,default,yolo,580.178.04,GPU-d59cb1c4-ad97-d91a-6731-e7b5f38951a6
2026-10-10 06:16:54.610106,93.21,13,1g.11gb,yolo-inference-755b67b9bb-7kvtl,default,yolo,580.178.04,GPU-d59cb1c4-ad97-d91a-6731-e7b5f38951a6
2026-10-10 06:16:54.610106,92.691,7,1g.11gb,yolo-inference-755b67b9bb-6w2jk,default,yolo,580.178.04,GPU-d59cb1c4-ad97-d91a-6731-e7b5f38951a6
2026-10-10 06:16:54.610106,92.864,8,1g.11gb,yolo-inference-755b67b9bb-zbflb,default,yolo,580.178.04,GPU-d59cb1c4-ad97-d91a-6731-e7b5f38951a6
2026-10-10 06:16:54.610106,93.207,9,1g.11gb,yolo-inference-755b67b9bb-6z9g8,default,yolo,580.178.04,GPU-d59cb1c4-ad97-d91a-6731-e7b5f38951a6
2026-10-10 06:16:59.614192,92.768,10,1g.11gb,yolo-inference-755b67b9bb-jvw65,default,yolo,580.178.04,GPU-d59cb1c4-ad97-d91a-6731-e7b5f38951a6
2026-10-10 06:16:59.614192,93.207,11,1g.11gb,yolo-inference-755b67b9bb-tpwv7,default,yolo,580.178.04,GPU-d59cb1c4-ad97-d91a-6731-e7b5f38951a6
2026-10-10 06:16:59.614192,92.864,12,1g.11gb,yolo-inference-755b67b9bb-cmfkj,default,yolo,580.178.04,GPU-d59cb1c4-ad97-d91a-6731-e7b5f38951a6
2026-10-10 06:16:59.614192,93.21,13,1g.11gb,yolo-inference-755b67b9bb-7kvtl,default,yolo,580.178.04,GPU-d59cb1c4-ad97-d91a-6731-e7b5f38951a6
2026-10-10 06:16:59.614192,92.691,7,1g.11gb,yolo-inference-755b67b9bb-6w2jk,default,yolo,580.178.04,GPU-d59cb1c4-ad97-d91a-6731-e7b5f38951a6
2026-10-10 06:16:59.614192,92.864,8,1g.11gb,yolo-inference-755b67b9bb-zbflb,default,yolo,580.178.04,GPU-d59cb1c4-ad97-d91a-6731-e7b5f38951a6
2026-10-10 06:16:59.614192,93.207,9,1g.11gb,yolo-inference-755b67b9bb-6z9g8,default,yolo,580.178.04,GPU-d59cb1c4-ad97-d91a-6731-e7b5f38951a6
2026-10-10 06:17:04.614211,92.768,10,1g.11gb,yolo-inference-755b67b9bb-jvw65,default,yolo,580.178.04,GPU-d59cb1c4-ad97-d91a-6731-e7b5f38951a6
2026-10-10 06:17:04.614211,93.207,11,1g.11gb,yolo-inference-755b67b9bb-tpwv7,default,yolo,580.178.04,GPU-d59cb1c4-ad97-d91a-6731-e7b5f38951a6
2026-10-10 06:17:04.614211,92.864,12,1g.11gb,yolo-inference-755b67b9bb-cmfkj,default,yolo,580.178.04,GPU-d59cb1c4-ad97-d91a-6731-e7b5f38951a6
2026-10-10 06:17:04.614211,93.21,13,1g.11gb,yolo-inference-755b67b9bb-7kvtl,default,yolo,580.178.04,GPU-d59cb1c4-ad97-d91a-6731-e7b5f38951a6
2026-10-10 06:17:04.614211,92.691,7,1g.11gb,yolo-inference-755b67b9bb-6w2jk,default,yolo,580.178.04,GPU-d59cb1c4-ad97-d91a-6731-e7b5f38951a6
2026-10-10 06:17:04.614211,92.864,8,1g.11gb,yolo-inference-755b67b9bb-zbflb,default,yolo,580.178.04,GPU-d59cb1c4-ad97-d91a-6731-e7b5f38951a6
2026-10-10 06:17:04.614211,93.207,9,1g.11gb,yolo-inference-755b67b9bb-6z9g8,default,yolo,580.178.04,GPU-d59cb1c4-ad97-d91a-6731-e7b5f38951a6
2026-10-10 06:17:09.614203,92.768,10,1g.11gb,yolo-inference-755b67b9bb-jvw65,default,yolo,580.178.04,GPU-d59cb1c4-ad97-d91a-6731-e7b5f38951a6
2026-10-10 06:17:09.614203,93.207,11,1g.11gb,yolo-inference-755b67b9bb-tpwv7,default,yolo,580.178.04,GPU-d59cb1c4-ad97-d91a-6731-e7b5f38951a6
2026-10-10 06:17:09.614203,92.864,12,1g.11gb,yolo-inference-755b67b9bb-cmfkj,default,yolo,580.178.04,GPU-d59cb1c4-ad97-d91a-6731-e7b5f38951a6
2026-10-10 06:17:09.614203,93.21,13,1g.11gb,yolo-inference-755b67b9bb-7kvtl,default,yolo,580.178.04,GPU-d59cb1c4-ad97-d91a-6731-e7b5f38951a6
2026-10-10 06:17:09.614203,92.691,7,1g.11gb,yolo-inference-755b67b9bb-6w2jk,default,yolo,580.178.04,GPU-d59cb1c4-ad97-d91a-6731-e7b5f38951a6
2026-10-10 06:17:09.614203,92.864,8,1g.11gb,yolo-inference-755b67b9bb-zbflb,default,yolo,580.178.04,GPU-d59cb1c4-ad97-d91a-6731-e7b5f38951a6
2026-10-10 06:17:09.614203,93.207,9,1g.11gb,yolo-inference-755b67b9bb-6z9g8,default,yolo,580.178.04,GPU-d59cb1c4-ad97-d91a-6731-e7b5f38951a6
2026-10-10 06:17:14.614159,92.728,10,1g.11gb,yolo-inference-755b67b9bb-jvw65,default,yolo,580.178.04,GPU-d59cb1c4-ad97-d91a-6731-e7b5f38951a6
2026-10-10 06:17:14.614159,92.827,11,1g.11gb,yolo-inference-755b67b9bb-tpwv7,default,yolo,580.178.04,GPU-d59cb1c4-ad97-d91a-6731-e7b5f38951a6
2026-10-10 06:17:14.614159,92.83,12,1g.11gb,yolo-inference-755b67b9bb-cmfkj,default,yolo,580.178.04,GPU-d59cb1c4-ad97-d91a-6731-e7b5f38951a6
2026-10-10 06:17:14.614159,92.752,13,1g.11gb,yolo-inference-755b67b9bb-7kvtl,default,yolo,580.178.04,GPU-d59cb1c4-ad97-d91a-6731-e7b5f38951a6
2026-10-10 06:17:14.614159,92.828,7,1g.11gb,yolo-inference-755b67b9bb-6w2jk,default,yolo,580.178.04,GPU-d59cb1c4-ad97-d91a-6731-e7b5f38951a6
2026-10-10 06:17:14.614159,92.83,8,1g.11gb,yolo-inference-755b67b9bb-zbflb,default,yolo,580.178.04,GPU-d59cb1c4-ad97-d91a-6731-e7b5f38951a6
2026-10-10 06:17:14.614159,92.828,9,1g.11gb,yolo-inference-755b67b9bb-6z9g8,default,yolo,580.178.04,GPU-d59cb1c4-ad97-d91a-6731-e7b5f38951a6
2026-10-10 06:17:19.614180,92.728,10,1g.11gb,yolo-inference-755b67b9bb-jvw65,default,yolo,580.178.04,GPU-d59cb1c4-ad97-d91a-6731-e7b5f38951a6
2026-10-10 06:17:19.614180,92.827,11,1g.11gb,yolo-inference-755b67b9bb-tpwv7,default,yolo,580.178.04,GPU-d59cb1c4-ad97-d91a-6731-e7b5f38951a6
2026-10-10 06:17:19.614180,92.83,12,1g.11gb,yolo-inference-755b67b9bb-cmfkj,default,yolo,580.178.04,GPU-d59cb1c4-ad97-d91a-6731-e7b5f38951a6
2026-10-10 06:17:19.614180,92.752,13,1g.11gb,yolo-inference-755b67b9bb-7kvtl,default,yolo,580.178.04,GPU-d59cb1c4-ad97-d91a-6731-e7b5f38951a6
2026-10-10 06:17:19.614180,92.828,7,1g.11gb,yolo-inference-755b67b9bb-6w2jk,default,yolo,580.178.04,GPU-d59cb1c4-ad97-d91a-6731-e7b5f38951a6
2026-10-10 06:17:19.614180,92.83,8,1g.11gb,yolo-inference-755b67b9bb-zbflb,default,yolo,580.178.04,GPU-d59cb1c4-ad97-d91a-6731-e7b5f38951a6
2026-10-10 06:17:19.614180,92.828,9,1g.11gb,yolo-inference-755b67b9bb-6z9g8,default,yolo,580.178.04,GPU-d59cb1c4-ad97-d91a-6731-e7b5f38951a6
2026-10-10 06:17:24.614191,92.728,10,1g.11gb,yolo-inference-755b67b9bb-jvw65,default,yolo,580.178.04,GPU-d59cb1c4-ad97-d91a-6731-e7b5f38951a6
2026-10-10 06:17:24.614191,92.827,11,1g.11gb,yolo-inference-755b67b9bb-tpwv7,default,yolo,580.178.04,GPU-d59cb1c4-ad97-d91a-6731-e7b5f38951a6
2026-10-10 06:17:24.614191,92.83,12,1g.11gb,yolo-inference-755b67b9bb-cmfkj,default,yolo,580.178.04,GPU-d59cb1c4-ad97-d91a-6731-e7b5f38951a6
2026-10-10 06:17:24.614191,92.752,13,1g.11gb,yolo-inference-755b67b9bb-7kvtl,default,yolo,580.178.04,GPU-d59cb1c4-ad97-d91a-6731-e7b5f38951a6
2026-10-10 06:17:24.614191,92.828,7,1g.11gb,yolo-inference-755b67b9bb-6w2jk,default,yolo,580.178.04,GPU-d59cb1c4-ad97-d91a-6731-e7b5f38951a6
2026-10-10 06:17:24.614191,92.83,8,1g.11gb,yolo-inference-755b67b9bb-zbflb,default,yolo,580.178.04,GPU-d59cb1c4-ad97-d91a-6731-e7b5f38951a6
2026-10-10 06:17:24.614191,92.828,9,1g.11gb,yolo-inference-755b67b9bb-6z9g8,default,yolo,580.178.04,GPU-d59cb1c4-ad97-d91a-6731-e7b5f38951a6
2026-10-10 06:17:29.611826,92.728,10,1g.11gb,yolo-inference-755b67b9bb-jvw65,default,yolo,580.178.04,GPU-d59cb1c4-ad97-d91a-6731-e7b5f38951a6
2026-10-10 06:17:29.611826,92.827,11,1g.11gb,yolo-inference-755b67b9bb-tpwv7,default,yolo,580.178.04,GPU-d59cb1c4-ad97-d91a-6731-e7b5f38951a6
2026-10-10 06:17:29.611826,92.83,12,1g.11gb,yolo-inference-755b67b9bb-cmfkj,default,yolo,580.178.04,GPU-d59cb1c4-ad97-d91a-6731-e7b5f38951a6
2026-10-10 06:17:29.611826,92.752,13,1g.11gb,yolo-inference-755b67b9bb-7kvtl,default,yolo,580.178.04,GPU-d59cb1c4-ad97-d91a-6731-e7b5f38951a6
2026-10-10 06:17:29.611826,92.828,7,1g.11gb,yolo-inference-755b67b9bb-6w2jk,default,yolo,580.178.04,GPU-d59cb1c4-ad97-d91a-6731-e7b5f38951a6
2026-10-10 06:17:29.611826,92.83,8,1g.11gb,yolo-inference-755b67b9bb-zbflb,default,yolo,580.178.04,GPU-d59cb1c4-ad97-d91a-6731-e7b5f38951a6
2026-10-10 06:17:29.611826,92.828,9,1g.11gb,yolo-inference-755b67b9bb-6z9g8,default,yolo,580.178.04,GPU-d59cb1c4-ad97-d91a-6731-e7b5f38951a6
2026-10-10 06:17:34.609494,92.728,10,1g.11gb,yolo-inference-755b67b9bb-jvw65,default,yolo,580.178.04,GPU-d59cb1c4-ad97-d91a-6731-e7b5f38951a6
2026-10-10 06:17:34.609494,92.827,11,1g.11gb,yolo-inference-755b67b9bb-tpwv7,default,yolo,580.178.04,GPU-d59cb1c4-ad97-d91a-6731-e7b5f38951a6
2026-10-10 06:17:34.609494,92.83,12,1g.11gb,yolo-inference-755b67b9bb-cmfkj,default,yolo,580.178.04,GPU-d59cb1c4-ad97-d91a-6731-e7b5f38951a6
2026-10-10 06:17:34.609494,92.752,13,1g.11gb,yolo-inference-755b67b9bb-7kvtl,default,yolo,580.178.04,GPU-d59cb1c4-ad97-d91a-6731-e7b5f38951a6
2026-10-10 06:17:34.609494,92.828,7,1g.11gb,yolo-inference-755b67b9bb-6w2jk,default,yolo,580.178.04,GPU-d59cb1c4-ad97-d91a-6731-e7b5f38951a6
2026-10-10 06:17:34.609494,92.83,8,1g.11gb,yolo-inference-755b67b9bb-zbflb,default,yolo,580.178.04,GPU-d59cb1c4-ad97-d91a-6731-e7b5f38951a6
2026-10-10 06:17:34.609494,92.828,9,1g.11gb,yolo-inference-755b67b9bb-6z9g8,default,yolo,580.178.04,GPU-d59cb1c4-ad97-d91a-6731-e7b5f38951a6
2026-10-10 06:17:39.614280,92.728,10,1g.11gb,yolo-inference-755b67b9bb-jvw65,default,yolo,580.178.04,GPU-d59cb1c4-ad97-d91a-6731-e7b5f38951a6
2026-10-10 06:17:39.614280,92.827,11,1g.11gb,yolo-inference-755b67b9bb-tpwv7,default,yolo,580.178.04,GPU-d59cb1c4-ad97-d91a-6731-e7b5f38951a6
2026-10-10 06:17:39.614280,92.83,12,1g.11gb,yolo-inference-755b67b9bb-cmfkj,default,yolo,580.178.04,GPU-d59cb1c4-ad97-d91a-6731-e7b5f38951a6
2026-10-10 06:17:39.614280,92.752,13,1g.11gb,yolo-inference-755b67b9bb-7kvtl,default,yolo,580.178.04,GPU-d59cb1c4-ad97-d91a-6731-e7b5f38951a6
2026-10-10 06:17:39.614280,92.828,7,1g.11gb,yolo-inference-755b67b9bb-6w2jk,default,yolo,580.178.04,GPU-d59cb1c4-ad97-d91a-6731-e7b5f38951a6
2026-10-10 06:17:39.614280,92.83,8,1g.11gb,yolo-inference-755b67b9bb-zbflb,default,yolo,580.178.04,GPU-d59cb1c4-ad97-d91a-6731-e7b5f38951a6
2026-10-10 06:17:39.614280,92.828,9,1g.11gb,yolo-inference-755b67b9bb-6z9g8,default,yolo,580.178.04,GPU-d59cb1c4-ad97-d91a-6731-e7b5f38951a6
2026-10-10 06:17:44.610029,92.83,10,1g.11gb,yolo-inference-755b67b9bb-jvw65,default,yolo,580.178.04,GPU-d59cb1c4-ad97-d91a-6731-e7b5f38951a6
2026-10-10 06:17:44.610029,93.288,11,1g.11gb,yolo-inference-755b67b9bb-tpwv7,default,yolo,580.178.04,GPU-d59cb1c4-ad97-d91a-6731-e7b5f38951a6
2026-10-10 06:17:44.610029,92.868,12,1g.11gb,yolo-inference-755b67b9bb-cmfkj,default,yolo,580.178.04,GPU-d59cb1c4-ad97-d91a-6731-e7b5f38951a6
2026-10-10 06:17:44.610029,93.347,13,1g.11gb,yolo-inference-755b67b9bb-7kvtl,default,yolo,580.178.04,GPU-d59cb1c4-ad97-d91a-6731-e7b5f38951a6
2026-10-10 06:17:44.610029,92.645,7,1g.11gb,yolo-inference-755b67b9bb-6w2jk,default,yolo,580.178.04,GPU-d59cb1c4-ad97-d91a-6731-e7b5f38951a6
2026-10-10 06:17:44.610029,92.868,8,1g.11gb,yolo-inference-755b67b9bb-zbflb,default,yolo,580.178.04,GPU-d59cb1c4-ad97-d91a-6731-e7b5f38951a6
2026-10-10 06:17:44.610029,93.214,9,1g.11gb,yolo-inference-755b67b9bb-6z9g8,default,yolo,580.178.04,GPU-d59cb1c4-ad97-d91a-6731-e7b5f38951a6
2026-10-10 06:17:49.614198,92.83,10,1g.11gb,yolo-inference-755b67b9bb-jvw65,default,yolo,580.178.04,GPU-d59cb1c4-ad97-d91a-6731-e7b5f38951a6
2026-10-10 06:17:49.614198,93.288,11,1g.11gb,yolo-inference-755b67b9bb-tpwv7,default,yolo,580.178.04,GPU-d59cb1c4-ad97-d91a-6731-e7b5f38951a6
2026-10-10 06:17:49.614198,92.868,12,1g.11gb,yolo-inference-755b67b9bb-cmfkj,default,yolo,580.178.04,GPU-d59cb1c4-ad97-d91a-6731-e7b5f38951a6
2026-10-10 06:17:49.614198,93.347,13,1g.11gb,yolo-inference-755b67b9bb-7kvtl,default,yolo,580.178.04,GPU-d59cb1c4-ad97-d91a-6731-e7b5f38951a6
2026-10-10 06:17:49.614198,92.645,7,1g.11gb,yolo-inference-755b67b9bb-6w2jk,default,yolo,580.178.04,GPU-d59cb1c4-ad97-d91a-6731-e7b5f38951a6
2026-10-10 06:17:49.614198,92.868,8,1g.11gb,yolo-inference-755b67b9bb-zbflb,default,yolo,580.178.04,GPU-d59cb1c4-ad97-d91a-6731-e7b5f38951a6
2026-10-10 06:17:49.614198,93.214,9,1g.11gb,yolo-inference-755b67b9bb-6z9g8,default,yolo,580.178.04,GPU-d59cb1c4-ad97-d91a-6731-e7b5f38951a6
2026-10-10 06:17:54.614242,92.83,10,1g.11gb,yolo-inference-755b67b9bb-jvw65,default,yolo,580.178.04,GPU-d59cb1c4-ad97-d91a-6731-e7b5f38951a6
2026-10-10 06:17:54.614242,93.288,11,1g.11gb,yolo-inference-755b67b9bb-tpwv7,default,yolo,580.178.04,GPU-d59cb1c4-ad97-d91a-6731-e7b5f38951a6
2026-10-10 06:17:54.614242,92.868,12,1g.11gb,yolo-inference-755b67b9bb-cmfkj,default,yolo,580.178.04,GPU-d59cb1c4-ad97-d91a-6731-e7b5f38951a6
2026-10-10 06:17:54.614242,93.347,13,1g.11gb,yolo-inference-755b67b9bb-7kvtl,default,yolo,580.178.04,GPU-d59cb1c4-ad97-d91a-6731-e7b5f38951a6
2026-10-10 06:17:54.614242,92.645,7,1g.11gb,yolo-inference-755b67b9bb-6w2jk,default,yolo,580.178.04,GPU-d59cb1c4-ad97-d91a-6731-e7b5f38951a6
2026-10-10 06:17:54.614242,92.868,8,1g.11gb,yolo-inference-755b67b9bb-zbflb,default,yolo,580.178.04,GPU-d59cb1c4-ad97-d91a-6731-e7b5f38951a6
2026-10-10 06:17:54.614242,93.214,9,1g.11gb,yolo-inference-755b67b9bb-6z9g8,default,yolo,580.178.04,GPU-d59cb1c4-ad97-d91a-6731-e7b5f38951a6
2026-10-10 06:17:59.614250,92.83,10,1g.11gb,yolo-inference-755b67b9bb-jvw65,default,yolo,580.178.04,GPU-d59cb1c4-ad97-d91a-6731-e7b5f38951a6
2026-10-10 06:17:59.614250,93.288,11,1g.11gb,yolo-inference-755b67b9bb-tpwv7,default,yolo,580.178.04,GPU-d59cb1c4-ad97-d91a-6731-e7b5f38951a6
2026-10-10 06:17:59.614250,92.868,12,1g.11gb,yolo-inference-755b67b9bb-cmfkj,default,yolo,580.178.04,GPU-d59cb1c4-ad97-d91a-6731-e7b5f38951a6
2026-10-10 06:17:59.614250,93.347,13,1g.11gb,yolo-inference-755b67b9bb-7kvtl,default,yolo,580.178.04,GPU-d59cb1c4-ad97-d91a-6731-e7b5f38951a6
2026-10-10 06:17:59.614250,92.645,7,1g.11gb,yolo-inference-755b67b9bb-6w2jk,default,yolo,580.178.04,GPU-d59cb1c4-ad97-d91a-6731-e7b5f38951a6
2026-10-10 06:17:59.614250,92.868,8,1g.11gb,yolo-inference-755b67b9bb-zbflb,default,yolo,580.178.04,GPU-d59cb1c4-ad97-d91a-6731-e7b5f38951a6
2026-10-10 06:17:59.614250,93.214,9,1g.11gb,yolo-inference-755b67b9bb-6z9g8,default,yolo,580.178.04,GPU-d59cb1c4-ad97-d91a-6731-e7b5f38951a6
2026-10-10 06:18:04.610087,92.83,10,1g.11gb,yolo-inference-755b67b9bb-jvw65,default,yolo,580.178.04,GPU-d59cb1c4-ad97-d91a-6731-e7b5f38951a6
2026-10-10 06:18:04.610087,93.288,11,1g.11gb,yolo-inference-755b67b9bb-tpwv7,default,yolo,580.178.04,GPU-d59cb1c4-ad97-d91a-6731-e7b5f38951a6
2026-10-10 06:18:04.610087,92.868,12,1g.11gb,yolo-inference-755b67b9bb-cmfkj,default,yolo,580.178.04,GPU-d59cb1c4-ad97-d91a-6731-e7b5f38951a6
2026-10-10 06:18:04.610087,93.347,13,1g.11gb,yolo-inference-755b67b9bb-7kvtl,default,yolo,580.178.04,GPU-d59cb1c4-ad97-d91a-6731-e7b5f38951a6
2026-10-10 06:18:04.610087,92.645,7,1g.11gb,yolo-inference-755b67b9bb-6w2jk,default,yolo,580.178.04,GPU-d59cb1c4-ad97-d91a-6731-e7b5f38951a6
2026-10-10 06:18:04.610087,92.868,8,1g.11gb,yolo-inference-755b67b9bb-zbflb,default,yolo,580.178.04,GPU-d59cb1c4-ad97-d91a-6731-e7b5f38951a6
2026-10-10 06:18:04.610087,93.214,9,1g.11gb,yolo-inference-755b67b9bb-6z9g8,default,yolo,580.178.04,GPU-d59cb1c4-ad97-d91a-6731-e7b5f38951a6
2026-10-10 06:18:09.612498,92.83,10,1g.11gb,yolo-inference-755b67b9bb-jvw65,default,yolo,580.178.04,GPU-d59cb1c4-ad97-d91a-6731-e7b5f38951a6
2026-10-10 06:18:09.612498,93.288,11,1g.11gb,yolo-inference-755b67b9bb-tpwv7,default,yolo,580.178.04,GPU-d59cb1c4-ad97-d91a-6731-e7b5f38951a6
2026-10-10 06:18:09.612498,92.868,12,1g.11gb,yolo-inference-755b67b9bb-cmfkj,default,yolo,580.178.04,GPU-d59cb1c4-ad97-d91a-6731-e7b5f38951a6
2026-10-10 06:18:09.612498,93.347,13,1g.11gb,yolo-inference-755b67b9bb-7kvtl,default,yolo,580.178.04,GPU-d59cb1c4-ad97-d91a-6731-e7b5f38951a6
2026-10-10 06:18:09.612498,92.645,7,1g.11gb,yolo-inference-755b67b9bb-6w2jk,default,yolo,580.178.04,GPU-d59cb1c4-ad97-d91a-6731-e7b5f38951a6
2026-10-10 06:18:09.612498,92.868,8,1g.11gb,yolo-inference-755b67b9bb-zbflb,default,yolo,580.178.04,GPU-d59cb1c4-ad97-d91a-6731-e7b5f38951a6
2026-10-10 06:18:09.612498,93.214,9,1g.11gb,yolo-inference-755b67b9bb-6z9g8,default,yolo,580.178.04,GPU-d59cb1c4-ad97-d91a-6731-e7b5f38951a6
2026-10-10 06:18:14.610390,92.729,10,1g.11gb,yolo-inference-755b67b9bb-jvw65,default,yolo,580.178.04,GPU-d59cb1c4-ad97-d91a-6731-e7b5f38951a6
2026-10-10 06:18:14.610390,93.002,11,1g.11gb,yolo-inference-755b67b9bb-tpwv7,default,yolo,580.178.04,GPU-d59cb1c4-ad97-d91a-6731-e7b5f38951a6
2026-10-10 06:18:14.610390,92.821,12,1g.11gb,yolo-inference-755b67b9bb-cmfkj,default,yolo,580.178.04,GPU-d59cb1c4-ad97-d91a-6731-e7b5f38951a6
2026-10-10 06:18:14.610390,93.02,13,1g.11gb,yolo-inference-755b67b9bb-7kvtl,default,yolo,580.178.04,GPU-d59cb1c4-ad97-d91a-6731-e7b5f38951a6
2026-10-10 06:18:14.610390,92.731,7,1g.11gb,yolo-inference-755b67b9bb-6w2jk,default,yolo,580.178.04,GPU-d59cb1c4-ad97-d91a-6731-e7b5f38951a6
2026-10-10 06:18:14.610390,92.821,8,1g.11gb,yolo-inference-755b67b9bb-zbflb,default,yolo,580.178.04,GPU-d59cb1c4-ad97-d91a-6731-e7b5f38951a6
2026-10-10 06:18:14.610390,92.912,9,1g.11gb,yolo-inference-755b67b9bb-6z9g8,default,yolo,580.178.04,GPU-d59cb1c4-ad97-d91a-6731-e7b5f38951a6
2026-10-10 06:18:19.614216,92.729,10,1g.11gb,yolo-inference-755b67b9bb-jvw65,default,yolo,580.178.04,GPU-d59cb1c4-ad97-d91a-6731-e7b5f38951a6
2026-10-10 06:18:19.614216,93.002,11,1g.11gb,yolo-inference-755b67b9bb-tpwv7,default,yolo,580.178.04,GPU-d59cb1c4-ad97-d91a-6731-e7b5f38951a6
2026-10-10 06:18:19.614216,92.821,12,1g.11gb,yolo-inference-755b67b9bb-cmfkj,default,yolo,580.178.04,GPU-d59cb1c4-ad97-d91a-6731-e7b5f38951a6
2026-10-10 06:18:19.614216,93.02,13,1g.11gb,yolo-inference-755b67b9bb-7kvtl,default,yolo,580.178.04,GPU-d59cb1c4-ad97-d91a-6731-e7b5f38951a6
2026-10-10 06:18:19.614216,92.731,7,1g.11gb,yolo-inference-755b67b9bb-6w2jk,default,yolo,580.178.04,GPU-d59cb1c4-ad97-d91a-6731-e7b5f38951a6
2026-10-10 06:18:19.614216,92.821,8,1g.11gb,yolo-inference-755b67b9bb-zbflb,default,yolo,580.178.04,GPU-d59cb1c4-ad97-d91a-6731-e7b5f38951a6
2026-10-10 06:18:19.614216,92.912,9,1g.11gb,yolo-inference-755b67b9bb-6z9g8,default,yolo,580.178.04,GPU-d59cb1c4-ad97-d91a-6731-e7b5f38951a6
2026-10-10 06:18:24.612725,92.729,10,1g.11gb,yolo-inference-755b67b9bb-jvw65,default,yolo,580.178.04,GPU-d59cb1c4-ad97-d91a-6731-e7b5f38951a6
2026-10-10 06:18:24.612725,93.002,11,1g.11gb,yolo-inference-755b67b9bb-tpwv7,default,yolo,580.178.04,GPU-d59cb1c4-ad97-d91a-6731-e7b5f38951a6
2026-10-10 06:18:24.612725,92.821,12,1g.11gb,yolo-inference-755b67b9bb-cmfkj,default,yolo,580.178.04,GPU-d59cb1c4-ad97-d91a-6731-e7b5f38951a6
2026-10-10 06:18:24.612725,93.02,13,1g.11gb,yolo-inference-755b67b9bb-7kvtl,default,yolo,580.178.04,GPU-d59cb1c4-ad97-d91a-6731-e7b5f38951a6
2026-10-10 06:18:24.612725,92.731,7,1g.11gb,yolo-inference-755b67b9bb-6w2jk,default,yolo,580.178.04,GPU-d59cb1c4-ad97-d91a-6731-e7b5f38951a6
2026-10-10 06:18:24.612725,92.821,8,1g.11gb,yolo-inference-755b67b9bb-zbflb,default,yolo,580.178.04,GPU-d59cb1c4-ad97-d91a-6731-e7b5f38951a6
2026-10-10 06:18:24.612725,92.912,9,1g.11gb,yolo-inference-755b67b9bb-6z9g8,default,yolo,580.178.04,GPU-d59cb1c4-ad97-d91a-6731-e7b5f38951a6
2026-10-10 06:18:29.614187,92.729,10,1g.11gb,yolo-inference-755b67b9bb-jvw65,default,yolo,580.178.04,GPU-d59cb1c4-ad97-d91a-6731-e7b5f38951a6
2026-10-10 06:18:29.614187,93.002,11,1g.11gb,yolo-inference-755b67b9bb-tpwv7,default,yolo,580.178.04,GPU-d59cb1c4-ad97-d91a-6731-e7b5f38951a6
2026-10-10 06:18:29.614187,92.821,12,1g.11gb,yolo-inference-755b67b9bb-cmfkj,default,yolo,580.178.04,GPU-d59cb1c4-ad97-d91a-6731-e7b5f38951a6
2026-10-10 06:18:29.614187,93.02,13,1g.11gb,yolo-inference-755b67b9bb-7kvtl,default,yolo,580.178.04,GPU-d59cb1c4-ad97-d91a-6731-e7b5f38951a6
2026-10-10 06:18:29.614187,92.731,7,1g.11gb,yolo-inference-755b67b9bb-6w2jk,default,yolo,580.178.04,GPU-d59cb1c4-ad97-d91a-6731-e7b5f38951a6
2026-10-10 06:18:29.614187,92.821,8,1g.11gb,yolo-inference-755b67b9bb-zbflb,default,yolo,580.178.04,GPU-d59cb1c4-ad97-d91a-6731-e7b5f38951a6
2026-10-10 06:18:29.614187,92.912,9,1g.11gb,yolo-inference-755b67b9bb-6z9g8,default,yolo,580.178.04,GPU-d59cb1c4-ad97-d91a-6731-e7b5f38951a6
2026-10-10 06:18:34.614191,92.729,10,1g.11gb,yolo-inference-755b67b9bb-jvw65,default,yolo,580.178.04,GPU-d59cb1c4-ad97-d91a-6731-e7b5f38951a6
2026-10-10 06:18:34.614191,93.002,11,1g.11gb,yolo-inference-755b67b9bb-tpwv7,default,yolo,580.178.04,GPU-d59cb1c4-ad97-d91a-6731-e7b5f38951a6
2026-10-10 06:18:34.614191,92.821,12,1g.11gb,yolo-inference-755b67b9bb-cmfkj,default,yolo,580.178.04,GPU-d59cb1c4-ad97-d91a-6731-e7b5f38951a6
2026-10-10 06:18:34.614191,93.02,13,1g.11gb,yolo-inference-755b67b9bb-7kvtl,default,yolo,580.178.04,GPU-d59cb1c4-ad97-d91a-6731-e7b5f38951a6
2026-10-10 06:18:34.614191,92.731,7,1g.11gb,yolo-inference-755b67b9bb-6w2jk,default,yolo,580.178.04,GPU-d59cb1c4-ad97-d91a-6731-e7b5f38951a6
2026-10-10 06:18:34.614191,92.821,8,1g.11gb,yolo-inference-755b67b9bb-zbflb,default,yolo,580.178.04,GPU-d59cb1c4-ad97-d91a-6731-e7b5f38951a6
2026-10-10 06:18:34.614191,92.912,9,1g.11gb,yolo-inference-755b67b9bb-6z9g8,default,yolo,580.178.04,GPU-d59cb1c4-ad97-d91a-6731-e7b5f38951a6
2026-10-10 06:18:39.614221,92.729,10,1g.11gb,yolo-inference-755b67b9bb-jvw65,default,yolo,580.178.04,GPU-d59cb1c4-ad97-d91a-6731-e7b5f38951a6
2026-10-10 06:18:39.614221,93.002,11,1g.11gb,yolo-inference-755b67b9bb-tpwv7,default,yolo,580.178.04,GPU-d59cb1c4-ad97-d91a-6731-e7b5f38951a6
2026-10-10 06:18:39.614221,92.821,12,1g.11gb,yolo-inference-755b67b9bb-cmfkj,default,yolo,580.178.04,GPU-d59cb1c4-ad97-d91a-6731-e7b5f38951a6
2026-10-10 06:18:39.614221,93.02,13,1g.11gb,yolo-inference-755b67b9bb-7kvtl,default,yolo,580.178.04,GPU-d59cb1c4-ad97-d91a-6731-e7b5f38951a6
2026-10-10 06:18:39.614221,92.731,7,1g.11gb,yolo-inference-755b67b9bb-6w2jk,default,yolo,580.178.04,GPU-d59cb1c4-ad97-d91a-6731-e7b5f38951a6
2026-10-10 06:18:39.614221,92.821,8,1g.11gb,yolo-inference-755b67b9bb-zbflb,default,yolo,580.178.04,GPU-d59cb1c4-ad97-d91a-6731-e7b5f38951a6
2026-10-10 06:18:39.614221,92.912,9,1g.11gb,yolo-inference-755b67b9bb-6z9g8,default,yolo,580.178.04,GPU-d59cb1c4-ad97-d91a-6731-e7b5f38951a6
2026-10-10 06:18:44.613656,92.84,10,1g.11gb,yolo-inference-755b67b9bb-jvw65,default,yolo,580.178.04,GPU-d59cb1c4-ad97-d91a-6731-e7b5f38951a6
2026-10-10 06:18:44.613656,92.82,11,1g.11gb,yolo-inference-755b67b9bb-tpwv7,default,yolo,580.178.04,GPU-d59cb1c4-ad97-d91a-6731-e7b5f38951a6
2026-10-10 06:18:44.613656,92.735,12,1g.11gb,yolo-inference-755b67b9bb-cmfkj,default,yolo,580.178.04,GPU-d59cb1c4-ad97-d91a-6731-e7b5f38951a6
2026-10-10 06:18:44.613656,92.848,13,1g.11gb,yolo-inference-755b67b9bb-7kvtl,default,yolo,580.178.04,GPU-d59cb1c4-ad97-d91a-6731-e7b5f38951a6
2026-10-10 06:18:44.613656,92.714,7,1g.11gb,yolo-inference-755b67b9bb-6w2jk,default,yolo,580.178.04,GPU-d59cb1c4-ad97-d91a-6731-e7b5f38951a6
2026-10-10 06:18:44.613656,92.735,8,1g.11gb,yolo-inference-755b67b9bb-zbflb,default,yolo,580.178.04,GPU-d59cb1c4-ad97-d91a-6731-e7b5f38951a6
2026-10-10 06:18:44.613656,92.859,9,1g.11gb,yolo-inference-755b67b9bb-6z9g8,default,yolo,580.178.04,GPU-d59cb1c4-ad97-d91a-6731-e7b5f38951a6
2026-10-10 06:18:49.614185,92.84,10,1g.11gb,yolo-inference-755b67b9bb-jvw65,default,yolo,580.178.04,GPU-d59cb1c4-ad97-d91a-6731-e7b5f38951a6
2026-10-10 06:18:49.614185,92.82,11,1g.11gb,yolo-inference-755b67b9bb-tpwv7,default,yolo,580.178.04,GPU-d59cb1c4-ad97-d91a-6731-e7b5f38951a6
2026-10-10 06:18:49.614185,92.735,12,1g.11gb,yolo-inference-755b67b9bb-cmfkj,default,yolo,580.178.04,GPU-d59cb1c4-ad97-d91a-6731-e7b5f38951a6
2026-10-10 06:18:49.614185,92.848,13,1g.11gb,yolo-inference-755b67b9bb-7kvtl,default,yolo,580.178.04,GPU-d59cb1c4-ad97-d91a-6731-e7b5f38951a6
2026-10-10 06:18:49.614185,92.714,7,1g.11gb,yolo-inference-755b67b9bb-6w2jk,default,yolo,580.178.04,GPU-d59cb1c4-ad97-d91a-6731-e7b5f38951a6
2026-10-10 06:18:49.614185,92.735,8,1g.11gb,yolo-inference-755b67b9bb-zbflb,default,yolo,580.178.04,GPU-d59cb1c4-ad97-d91a-6731-e7b5f38951a6
2026-10-10 06:18:49.614185,92.859,9,1g.11gb,yolo-inference-755b67b9bb-6z9g8,default,yolo,580.178.04,GPU-d59cb1c4-ad97-d91a-6731-e7b5f38951a6
2026-10-10 06:18:54.610001,92.84,10,1g.11gb,yolo-inference-755b67b9bb-jvw65,default,yolo,580.178.04,GPU-d59cb1c4-ad97-d91a-6731-e7b5f38951a6
2026-10-10 06:18:54.610001,92.82,11,1g.11gb,yolo-inference-755b67b9bb-tpwv7,default,yolo,580.178.04,GPU-d59cb1c4-ad97-d91a-6731-e7b5f38951a6
2026-10-10 06:18:54.610001,92.735,12,1g.11gb,yolo-inference-755b67b9bb-cmfkj,default,yolo,580.178.04,GPU-d59cb1c4-ad97-d91a-6731-e7b5f38951a6
2026-10-10 06:18:54.610001,92.848,13,1g.11gb,yolo-inference-755b67b9bb-7kvtl,default,yolo,580.178.04,GPU-d59cb1c4-ad97-d91a-6731-e7b5f38951a6
2026-10-10 06:18:54.610001,92.714,7,1g.11gb,yolo-inference-755b67b9bb-6w2jk,default,yolo,580.178.04,GPU-d59cb1c4-ad97-d91a-6731-e7b5f38951a6
2026-10-10 06:18:54.610001,92.735,8,1g.11gb,yolo-inference-755b67b9bb-zbflb,default,yolo,580.178.04,GPU-d59cb1c4-ad97-d91a-6731-e7b5f38951a6
2026-10-10 06:18:54.610001,92.859,9,1g.11gb,yolo-inference-755b67b9bb-6z9g8,default,yolo,580.178.04,GPU-d59cb1c4-ad97-d91a-6731-e7b5f38951a6
2026-10-10 06:18:59.614252,92.84,10,1g.11gb,yolo-inference-755b67b9bb-jvw65,default,yolo,580.178.04,GPU-d59cb1c4-ad97-d91a-6731-e7b5f38951a6
2026-10-10 06:18:59.614252,92.82,11,1g.11gb,yolo-inference-755b67b9bb-tpwv7,default,yolo,580.178.04,GPU-d59cb1c4-ad97-d91a-6731-e7b5f38951a6
2026-10-10 06:18:59.614252,92.735,12,1g.11gb,yolo-inference-755b67b9bb-cmfkj,default,yolo,580.178.04,GPU-d59cb1c4-ad97-d91a-6731-e7b5f38951a6
2026-10-10 06:18:59.614252,92.848,13,1g.11gb,yolo-inference-755b67b9bb-7kvtl,default,yolo,580.178.04,GPU-d59cb1c4-ad97-d91a-6731-e7b5f38951a6
2026-10-10 06:18:59.614252,92.714,7,1g.11gb,yolo-inference-755b67b9bb-6w2jk,default,yolo,580.178.04,GPU-d59cb1c4-ad97-d91a-6731-e7b5f38951a6
2026-10-10 06:18:59.614252,92.735,8,1g.11gb,yolo-inference-755b67b9bb-zbflb,default,yolo,580.178.04,GPU-d59cb1c4-ad97-d91a-6731-e7b5f38951a6
2026-10-10 06:18:59.614252,92.859,9,1g.11gb,yolo-inference-755b67b9bb-6z9g8,default,yolo,580.178.04,GPU-d59cb1c4-ad97-d91a-6731-e7b5f38951a6
2026-10-10 06:19:04.609754,92.84,10,1g.11gb,yolo-inference-755b67b9bb-jvw65,default,yolo,580.178.04,GPU-d59cb1c4-ad97-d91a-6731-e7b5f38951a6
2026-10-10 06:19:04.609754,92.82,11,1g.11gb,yolo-inference-755b67b9bb-tpwv7,default,yolo,580.178.04,GPU-d59cb1c4-ad97-d91a-6731-e7b5f38951a6
2026-10-10 06:19:04.609754,92.735,12,1g.11gb,yolo-inference-755b67b9bb-cmfkj,default,yolo,580.178.04,GPU-d59cb1c4-ad97-d91a-6731-e7b5f38951a6
2026-10-10 06:19:04.609754,92.848,13,1g.11gb,yolo-inference-755b67b9bb-7kvtl,default,yolo,580.178.04,GPU-d59cb1c4-ad97-d91a-6731-e7b5f38951a6
2026-10-10 06:19:04.609754,92.714,7,1g.11gb,yolo-inference-755b67b9bb-6w2jk,default,yolo,580.178.04,GPU-d59cb1c4-ad97-d91a-6731-e7b5f38951a6
2026-10-10 06:19:04.609754,92.735,8,1g.11gb,yolo-inference-755b67b9bb-zbflb,default,yolo,580.178.04,GPU-d59cb1c4-ad97-d91a-6731-e7b5f38951a6
2026-10-10 06:19:04.609754,92.859,9,1g.11gb,yolo-inference-755b67b9bb-6z9g8,default,yolo,580.178.04,GPU-d59cb1c4-ad97-d91a-6731-e7b5f38951a6
2026-10-10 06:19:09.609659,92.84,10,1g.11gb,yolo-inference-755b67b9bb-jvw65,default,yolo,580.178.04,GPU-d59cb1c4-ad97-d91a-6731-e7b5f38951a6
2026-10-10 06:19:09.609659,92.82,11,1g.11gb,yolo-inference-755b67b9bb-tpwv7,default,yolo,580.178.04,GPU-d59cb1c4-ad97-d91a-6731-e7b5f38951a6
2026-10-10 06:19:09.609659,92.735,12,1g.11gb,yolo-inference-755b67b9bb-cmfkj,default,yolo,580.178.04,GPU-d59cb1c4-ad97-d91a-6731-e7b5f38951a6
2026-10-10 06:19:09.609659,92.848,13,1g.11gb,yolo-inference-755b67b9bb-7kvtl,default,yolo,580.178.04,GPU-d59cb1c4-ad97-d91a-6731-e7b5f38951a6
2026-10-10 06:19:09.609659,92.714,7,1g.11gb,yolo-inference-755b67b9bb-6w2jk,default,yolo,580.178.04,GPU-d59cb1c4-ad97-d91a-6731-e7b5f38951a6
2026-10-10 06:19:09.609659,92.735,8,1g.11gb,yolo-inference-755b67b9bb-zbflb,default,yolo,580.178.04,GPU-d59cb1c4-ad97-d91a-6731-e7b5f38951a6
2026-10-10 06:19:09.609659,92.859,9,1g.11gb,yolo-inference-755b67b9bb-6z9g8,default,yolo,580.178.04,GPU-d59cb1c4-ad97-d91a-6731-e7b5f38951a6
2026-10-10 06:19:14.611515,92.918,10,1g.11gb,yolo-inference-755b67b9bb-jvw65,default,yolo,580.178.04,GPU-d59cb1c4-ad97-d91a-6731-e7b5f38951a6
2026-10-10 06:19:14.611515,92.822,11,1g.11gb,yolo-inference-755b67b9bb-tpwv7,default,yolo,580.178.04,GPU-d59cb1c4-ad97-d91a-6731-e7b5f38951a6
2026-10-10 06:19:14.611515,93.024,12,1g.11gb,yolo-inference-755b67b9bb-cmfkj,default,yolo,580.178.04,GPU-d59cb1c4-ad97-d91a-6731-e7b5f38951a6
2026-10-10 06:19:14.611515,92.709,13,1g.11gb,yolo-inference-755b67b9bb-7kvtl,default,yolo,580.178.04,GPU-d59cb1c4-ad97-d91a-6731-e7b5f38951a6
2026-10-10 06:19:14.611515,92.844,7,1g.11gb,yolo-inference-755b67b9bb-6w2jk,default,yolo,580.178.04,GPU-d59cb1c4-ad97-d91a-6731-e7b5f38951a6
2026-10-10 06:19:14.611515,92.999,8,1g.11gb,yolo-inference-755b67b9bb-zbflb,default,yolo,580.178.04,GPU-d59cb1c4-ad97-d91a-6731-e7b5f38951a6
2026-10-10 06:19:14.611515,92.822,9,1g.11gb,yolo-inference-755b67b9bb-6z9g8,default,yolo,580.178.04,GPU-d59cb1c4-ad97-d91a-6731-e7b5f38951a6
2026-10-10 06:19:19.613659,92.918,10,1g.11gb,yolo-inference-755b67b9bb-jvw65,default,yolo,580.178.04,GPU-d59cb1c4-ad97-d91a-6731-e7b5f38951a6
2026-10-10 06:19:19.613659,92.822,11,1g.11gb,yolo-inference-755b67b9bb-tpwv7,default,yolo,580.178.04,GPU-d59cb1c4-ad97-d91a-6731-e7b5f38951a6
2026-10-10 06:19:19.613659,93.024,12,1g.11gb,yolo-inference-755b67b9bb-cmfkj,default,yolo,580.178.04,GPU-d59cb1c4-ad97-d91a-6731-e7b5f38951a6
2026-10-10 06:19:19.613659,92.709,13,1g.11gb,yolo-inference-755b67b9bb-7kvtl,default,yolo,580.178.04,GPU-d59cb1c4-ad97-d91a-6731-e7b5f38951a6
2026-10-10 06:19:19.613659,92.844,7,1g.11gb,yolo-inference-755b67b9bb-6w2jk,default,yolo,580.178.04,GPU-d59cb1c4-ad97-d91a-6731-e7b5f38951a6
2026-10-10 06:19:19.613659,92.999,8,1g.11gb,yolo-inference-755b67b9bb-zbflb,default,yolo,580.178.04,GPU-d59cb1c4-ad97-d91a-6731-e7b5f38951a6
2026-10-10 06:19:19.613659,92.822,9,1g.11gb,yolo-inference-755b67b9bb-6z9g8,default,yolo,580.178.04,GPU-d59cb1c4-ad97-d91a-6731-e7b5f38951a6
2026-10-10 06:19:24.613680,92.918,10,1g.11gb,yolo-inference-755b67b9bb-jvw65,default,yolo,580.178.04,GPU-d59cb1c4-ad97-d91a-6731-e7b5f38951a6
2026-10-10 06:19:24.613680,92.822,11,1g.11gb,yolo-inference-755b67b9bb-tpwv7,default,yolo,580.178.04,GPU-d59cb1c4-ad97-d91a-6731-e7b5f38951a6
2026-10-10 06:19:24.613680,93.024,12,1g.11gb,yolo-inference-755b67b9bb-cmfkj,default,yolo,580.178.04,GPU-d59cb1c4-ad97-d91a-6731-e7b5f38951a6
2026-10-10 06:19:24.613680,92.709,13,1g.11gb,yolo-inference-755b67b9bb-7kvtl,default,yolo,580.178.04,GPU-d59cb1c4-ad97-d91a-6731-e7b5f38951a6
2026-10-10 06:19:24.613680,92.844,7,1g.11gb,yolo-inference-755b67b9bb-6w2jk,default,yolo,580.178.04,GPU-d59cb1c4-ad97-d91a-6731-e7b5f38951a6
2026-10-10 06:19:24.613680,92.999,8,1g.11gb,yolo-inference-755b67b9bb-zbflb,default,yolo,580.178.04,GPU-d59cb1c4-ad97-d91a-6731-e7b5f38951a6
2026-10-10 06:19:24.613680,92.822,9,1g.11gb,yolo-inference-755b67b9bb-6z9g8,default,yolo,580.178.04,GPU-d59cb1c4-ad97-d91a-6731-e7b5f38951a6
2026-10-10 06:19:29.613647,92.918,10,1g.11gb,yolo-inference-755b67b9bb-jvw65,default,yolo,580.178.04,GPU-d59cb1c4-ad97-d91a-6731-e7b5f38951a6
2026-10-10 06:19:29.613647,92.822,11,1g.11gb,yolo-inference-755b67b9bb-tpwv7,default,yolo,580.178.04,GPU-d59cb1c4-ad97-d91a-6731-e7b5f38951a6
2026-10-10 06:19:29.613647,93.024,12,1g.11gb,yolo-inference-755b67b9bb-cmfkj,default,yolo,580.178.04,GPU-d59cb1c4-ad97-d91a-6731-e7b5f38951a6
2026-10-10 06:19:29.613647,92.709,13,1g.11gb,yolo-inference-755b67b9bb-7kvtl,default,yolo,580.178.04,GPU-d59cb1c4-ad97-d91a-6731-e7b5f38951a6
2026-10-10 06:19:29.613647,92.844,7,1g.11gb,yolo-inference-755b67b9bb-6w2jk,default,yolo,580.178.04,GPU-d59cb1c4-ad97-d91a-6731-e7b5f38951a6
2026-10-10 06:19:29.613647,92.999,8,1g.11gb,yolo-inference-755b67b9bb-zbflb,default,yolo,580.178.04,GPU-d59cb1c4-ad97-d91a-6731-e7b5f38951a6
2026-10-10 06:19:29.613647,92.822,9,1g.11gb,yolo-inference-755b67b9bb-6z9g8,default,yolo,580.178.04,GPU-d59cb1c4-ad97-d91a-6731-e7b5f38951a6
2026-10-10 06:19:34.614218,92.918,10,1g.11gb,yolo-inference-755b67b9bb-jvw65,default,yolo,580.178.04,GPU-d59cb1c4-ad97-d91a-6731-e7b5f38951a6
2026-10-10 06:19:34.614218,92.822,11,1g.11gb,yolo-inference-755b67b9bb-tpwv7,default,yolo,580.178.04,GPU-d59cb1c4-ad97-d91a-6731-e7b5f38951a6
2026-10-10 06:19:34.614218,93.024,12,1g.11gb,yolo-inference-755b67b9bb-cmfkj,default,yolo,580.178.04,GPU-d59cb1c4-ad97-d91a-6731-e7b5f38951a6
2026-10-10 06:19:34.614218,92.709,13,1g.11gb,yolo-inference-755b67b9bb-7kvtl,default,yolo,580.178.04,GPU-d59cb1c4-ad97-d91a-6731-e7b5f38951a6
2026-10-10 06:19:34.614218,92.844,7,1g.11gb,yolo-inference-755b67b9bb-6w2jk,default,yolo,580.178.04,GPU-d59cb1c4-ad97-d91a-6731-e7b5f38951a6
2026-10-10 06:19:34.614218,92.999,8,1g.11gb,yolo-inference-755b67b9bb-zbflb,default,yolo,580.178.04,GPU-d59cb1c4-ad97-d91a-6731-e7b5f38951a6
2026-10-10 06:19:34.614218,92.822,9,1g.11gb,yolo-inference-755b67b9bb-6z9g8,default,yolo,580.178.04,GPU-d59cb1c4-ad97-d91a-6731-e7b5f38951a6
2026-10-10 06:19:39.613947,92.918,10,1g.11gb,yolo-inference-755b67b9bb-jvw65,default,yolo,580.178.04,GPU-d59cb1c4-ad97-d91a-6731-e7b5f38951a6
2026-10-10 06:19:39.613947,92.822,11,1g.11gb,yolo-inference-755b67b9bb-tpwv7,default,yolo,580.178.04,GPU-d59cb1c4-ad97-d91a-6731-e7b5f38951a6
2026-10-10 06:19:39.613947,93.024,12,1g.11gb,yolo-inference-755b67b9bb-cmfkj,default,yolo,580.178.04,GPU-d59cb1c4-ad97-d91a-6731-e7b5f38951a6
2026-10-10 06:19:39.613947,92.709,13,1g.11gb,yolo-inference-755b67b9bb-7kvtl,default,yolo,580.178.04,GPU-d59cb1c4-ad97-d91a-6731-e7b5f38951a6
2026-10-10 06:19:39.613947,92.844,7,1g.11gb,yolo-inference-755b67b9bb-6w2jk,default,yolo,580.178.04,GPU-d59cb1c4-ad97-d91a-6731-e7b5f38951a6
2026-10-10 06:19:39.613947,92.999,8,1g.11gb,yolo-inference-755b67b9bb-zbflb,default,yolo,580.178.04,GPU-d59cb1c4-ad97-d91a-6731-e7b5f38951a6
2026-10-10 06:19:39.613947,92.822,9,1g.11gb,yolo-inference-755b67b9bb-6z9g8,default,yolo,580.178.04,GPU-d59cb1c4-ad97-d91a-6731-e7b5f38951a6
2026-10-10 06:19:44.612158,92.709,10,1g.11gb,yolo-inference-755b67b9bb-jvw65,default,yolo,580.178.04,GPU-d59cb1c4-ad97-d91a-6731-e7b5f38951a6
2026-10-10 06:19:44.612158,92.851,11,1g.11gb,yolo-inference-755b67b9bb-tpwv7,default,yolo,580.178.04,GPU-d59cb1c4-ad97-d91a-6731-e7b5f38951a6
2026-10-10 06:19:44.612158,92.862,12,1g.11gb,yolo-inference-755b67b9bb-cmfkj,default,yolo,580.178.04,GPU-d59cb1c4-ad97-d91a-6731-e7b5f38951a6
2026-10-10 06:19:44.612158,92.939,13,1g.11gb,yolo-inference-755b67b9bb-7kvtl,default,yolo,580.178.04,GPU-d59cb1c4-ad97-d91a-6731-e7b5f38951a6
2026-10-10 06:19:44.612158,92.835,7,1g.11gb,yolo-inference-755b67b9bb-6w2jk,default,yolo,580.178.04,GPU-d59cb1c4-ad97-d91a-6731-e7b5f38951a6
2026-10-10 06:19:44.612158,92.825,8,1g.11gb,yolo-inference-755b67b9bb-zbflb,default,yolo,580.178.04,GPU-d59cb1c4-ad97-d91a-6731-e7b5f38951a6
2026-10-10 06:19:44.612158,92.851,9,1g.11gb,yolo-inference-755b67b9bb-6z9g8,default,yolo,580.178.04,GPU-d59cb1c4-ad97-d91a-6731-e7b5f38951a6
2026-10-10 06:19:49.614185,92.709,10,1g.11gb,yolo-inference-755b67b9bb-jvw65,default,yolo,580.178.04,GPU-d59cb1c4-ad97-d91a-6731-e7b5f38951a6
2026-10-10 06:19:49.614185,92.851,11,1g.11gb,yolo-inference-755b67b9bb-tpwv7,default,yolo,580.178.04,GPU-d59cb1c4-ad97-d91a-6731-e7b5f38951a6
2026-10-10 06:19:49.614185,92.862,12,1g.11gb,yolo-inference-755b67b9bb-cmfkj,default,yolo,580.178.04,GPU-d59cb1c4-ad97-d91a-6731-e7b5f38951a6
2026-10-10 06:19:49.614185,92.939,13,1g.11gb,yolo-inference-755b67b9bb-7kvtl,default,yolo,580.178.04,GPU-d59cb1c4-ad97-d91a-6731-e7b5f38951a6
2026-10-10 06:19:49.614185,92.835,7,1g.11gb,yolo-inference-755b67b9bb-6w2jk,default,yolo,580.178.04,GPU-d59cb1c4-ad97-d91a-6731-e7b5f38951a6
2026-10-10 06:19:49.614185,92.825,8,1g.11gb,yolo-inference-755b67b9bb-zbflb,default,yolo,580.178.04,GPU-d59cb1c4-ad97-d91a-6731-e7b5f38951a6
2026-10-10 06:19:49.614185,92.851,9,1g.11gb,yolo-inference-755b67b9bb-6z9g8,default,yolo,580.178.04,GPU-d59cb1c4-ad97-d91a-6731-e7b5f38951a6
2026-10-10 06:19:54.613872,92.709,10,1g.11gb,yolo-inference-755b67b9bb-jvw65,default,yolo,580.178.04,GPU-d59cb1c4-ad97-d91a-6731-e7b5f38951a6
2026-10-10 06:19:54.613872,92.851,11,1g.11gb,yolo-inference-755b67b9bb-tpwv7,default,yolo,580.178.04,GPU-d59cb1c4-ad97-d91a-6731-e7b5f38951a6
2026-10-10 06:19:54.613872,92.862,12,1g.11gb,yolo-inference-755b67b9bb-cmfkj,default,yolo,580.178.04,GPU-d59cb1c4-ad97-d91a-6731-e7b5f38951a6
2026-10-10 06:19:54.613872,92.939,13,1g.11gb,yolo-inference-755b67b9bb-7kvtl,default,yolo,580.178.04,GPU-d59cb1c4-ad97-d91a-6731-e7b5f38951a6
2026-10-10 06:19:54.613872,92.835,7,1g.11gb,yolo-inference-755b67b9bb-6w2jk,default,yolo,580.178.04,GPU-d59cb1c4-ad97-d91a-6731-e7b5f38951a6
2026-10-10 06:19:54.613872,92.825,8,1g.11gb,yolo-inference-755b67b9bb-zbflb,default,yolo,580.178.04,GPU-d59cb1c4-ad97-d91a-6731-e7b5f38951a6
2026-10-10 06:19:54.613872,92.851,9,1g.11gb,yolo-inference-755b67b9bb-6z9g8,default,yolo,580.178.04,GPU-d59cb1c4-ad97-d91a-6731-e7b5f38951a6
2026-10-10 06:19:59.610459,92.709,10,1g.11gb,yolo-inference-755b67b9bb-jvw65,default,yolo,580.178.04,GPU-d59cb1c4-ad97-d91a-6731-e7b5f38951a6
2026-10-10 06:19:59.610459,92.851,11,1g.11gb,yolo-inference-755b67b9bb-tpwv7,default,yolo,580.178.04,GPU-d59cb1c4-ad97-d91a-6731-e7b5f38951a6
2026-10-10 06:19:59.610459,92.862,12,1g.11gb,yolo-inference-755b67b9bb-cmfkj,default,yolo,580.178.04,GPU-d59cb1c4-ad97-d91a-6731-e7b5f38951a6
2026-10-10 06:19:59.610459,92.939,13,1g.11gb,yolo-inference-755b67b9bb-7kvtl,default,yolo,580.178.04,GPU-d59cb1c4-ad97-d91a-6731-e7b5f38951a6
2026-10-10 06:19:59.610459,92.835,7,1g.11gb,yolo-inference-755b67b9bb-6w2jk,default,yolo,580.178.04,GPU-d59cb1c4-ad97-d91a-6731-e7b5f38951a6
2026-10-10 06:19:59.610459,92.825,8,1g.11gb,yolo-inference-755b67b9bb-zbflb,default,yolo,580.178.04,GPU-d59cb1c4-ad97-d91a-6731-e7b5f38951a6
2026-10-10 06:19:59.610459,92.851,9,1g.11gb,yolo-inference-755b67b9bb-6z9g8,default,yolo,580.178.04,GPU-d59cb1c4-ad97-d91a-6731-e7b5f38951a6
2026-10-10 06:20:04.613146,92.709,10,1g.11gb,yolo-inference-755b67b9bb-jvw65,default,yolo,580.178.04,GPU-d59cb1c4-ad97-d91a-6731-e7b5f38951a6
2026-10-10 06:20:04.613146,92.851,11,1g.11gb,yolo-inference-755b67b9bb-tpwv7,default,yolo,580.178.04,GPU-d59cb1c4-ad97-d91a-6731-e7b5f38951a6
2026-10-10 06:20:04.613146,92.862,12,1g.11gb,yolo-inference-755b67b9bb-cmfkj,default,yolo,580.178.04,GPU-d59cb1c4-ad97-d91a-6731-e7b5f38951a6
2026-10-10 06:20:04.613146,92.939,13,1g.11gb,yolo-inference-755b67b9bb-7kvtl,default,yolo,580.178.04,GPU-d59cb1c4-ad97-d91a-6731-e7b5f38951a6
2026-10-10 06:20:04.613146,92.835,7,1g.11gb,yolo-inference-755b67b9bb-6w2jk,default,yolo,580.178.04,GPU-d59cb1c4-ad97-d91a-6731-e7b5f38951a6
2026-10-10 06:20:04.613146,92.825,8,1g.11gb,yolo-inference-755b67b9bb-zbflb,default,yolo,580.178.04,GPU-d59cb1c4-ad97-d91a-6731-e7b5f38951a6
2026-10-10 06:20:04.613146,92.851,9,1g.11gb,yolo-inference-755b67b9bb-6z9g8,default,yolo,580.178.04,GPU-d59cb1c4-ad97-d91a-6731-e7b5f38951a6
2026-10-10 06:20:09.614179,92.709,10,1g.11gb,yolo-inference-755b67b9bb-jvw65,default,yolo,580.178.04,GPU-d59cb1c4-ad97-d91a-6731-e7b5f38951a6
2026-10-10 06:20:09.614179,92.851,11,1g.11gb,yolo-inference-755b67b9bb-tpwv7,default,yolo,580.178.04,GPU-d59cb1c4-ad97-d91a-6731-e7b5f38951a6
2026-10-10 06:20:09.614179,92.862,12,1g.11gb,yolo-inference-755b67b9bb-cmfkj,default,yolo,580.178.04,GPU-d59cb1c4-ad97-d91a-6731-e7b5f38951a6
2026-10-10 06:20:09.614179,92.939,13,1g.11gb,yolo-inference-755b67b9bb-7kvtl,default,yolo,580.178.04,GPU-d59cb1c4-ad97-d91a-6731-e7b5f38951a6
2026-10-10 06:20:09.614179,92.835,7,1g.11gb,yolo-inference-755b67b9bb-6w2jk,default,yolo,580.178.04,GPU-d59cb1c4-ad97-d91a-6731-e7b5f38951a6
2026-10-10 06:20:09.614179,92.825,8,1g.11gb,yolo-inference-755b67b9bb-zbflb,default,yolo,580.178.04,GPU-d59cb1c4-ad97-d91a-6731-e7b5f38951a6
2026-10-10 06:20:09.614179,92.851,9,1g.11gb,yolo-inference-755b67b9bb-6z9g8,default,yolo,580.178.04,GPU-d59cb1c4-ad97-d91a-6731-e7b5f38951a6
2026-10-10 06:20:14.614210,94.5,10,1g.11gb,yolo-inference-755b67b9bb-jvw65,default,yolo,580.178.04,GPU-d59cb1c4-ad97-d91a-6731-e7b5f38951a6
2026-10-10 06:20:14.614210,93.843,11,1g.11gb,yolo-inference-755b67b9bb-tpwv7,default,yolo,580.178.04,GPU-d59cb1c4-ad97-d91a-6731-e7b5f38951a6
2026-10-10 06:20:14.614210,94.002,12,1g.11gb,yolo-inference-755b67b9bb-cmfkj,default,yolo,580.178.04,GPU-d59cb1c4-ad97-d91a-6731-e7b5f38951a6
2026-10-10 06:20:14.614210,93.98,13,1g.11gb,yolo-inference-755b67b9bb-7kvtl,default,yolo,580.178.04,GPU-d59cb1c4-ad97-d91a-6731-e7b5f38951a6
2026-10-10 06:20:14.614210,94.238,7,1g.11gb,yolo-inference-755b67b9bb-6w2jk,default,yolo,580.178.04,GPU-d59cb1c4-ad97-d91a-6731-e7b5f38951a6
2026-10-10 06:20:14.614210,94.002,8,1g.11gb,yolo-inference-755b67b9bb-zbflb,default,yolo,580.178.04,GPU-d59cb1c4-ad97-d91a-6731-e7b5f38951a6
2026-10-10 06:20:14.614210,93.843,9,1g.11gb,yolo-inference-755b67b9bb-6z9g8,default,yolo,580.178.04,GPU-d59cb1c4-ad97-d91a-6731-e7b5f38951a6
2026-10-10 06:20:19.614216,94.5,10,1g.11gb,yolo-inference-755b67b9bb-jvw65,default,yolo,580.178.04,GPU-d59cb1c4-ad97-d91a-6731-e7b5f38951a6
2026-10-10 06:20:19.614216,93.843,11,1g.11gb,yolo-inference-755b67b9bb-tpwv7,default,yolo,580.178.04,GPU-d59cb1c4-ad97-d91a-6731-e7b5f38951a6
2026-10-10 06:20:19.614216,94.002,12,1g.11gb,yolo-inference-755b67b9bb-cmfkj,default,yolo,580.178.04,GPU-d59cb1c4-ad97-d91a-6731-e7b5f38951a6
2026-10-10 06:20:19.614216,93.98,13,1g.11gb,yolo-inference-755b67b9bb-7kvtl,default,yolo,580.178.04,GPU-d59cb1c4-ad97-d91a-6731-e7b5f38951a6
2026-10-10 06:20:19.614216,94.238,7,1g.11gb,yolo-inference-755b67b9bb-6w2jk,default,yolo,580.178.04,GPU-d59cb1c4-ad97-d91a-6731-e7b5f38951a6
2026-10-10 06:20:19.614216,94.002,8,1g.11gb,yolo-inference-755b67b9bb-zbflb,default,yolo,580.178.04,GPU-d59cb1c4-ad97-d91a-6731-e7b5f38951a6
2026-10-10 06:20:19.614216,93.843,9,1g.11gb,yolo-inference-755b67b9bb-6z9g8,default,yolo,580.178.04,GPU-d59cb1c4-ad97-d91a-6731-e7b5f38951a6
2026-10-10 06:20:24.614192,94.5,10,1g.11gb,yolo-inference-755b67b9bb-jvw65,default,yolo,580.178.04,GPU-d59cb1c4-ad97-d91a-6731-e7b5f38951a6
2026-10-10 06:20:24.614192,93.843,11,1g.11gb,yolo-inference-755b67b9bb-tpwv7,default,yolo,580.178.04,GPU-d59cb1c4-ad97-d91a-6731-e7b5f38951a6
2026-10-10 06:20:24.614192,94.002,12,1g.11gb,yolo-inference-755b67b9bb-cmfkj,default,yolo,580.178.04,GPU-d59cb1c4-ad97-d91a-6731-e7b5f38951a6
2026-10-10 06:20:24.614192,93.98,13,1g.11gb,yolo-inference-755b67b9bb-7kvtl,default,yolo,580.178.04,GPU-d59cb1c4-ad97-d91a-6731-e7b5f38951a6
2026-10-10 06:20:24.614192,94.238,7,1g.11gb,yolo-inference-755b67b9bb-6w2jk,default,yolo,580.178.04,GPU-d59cb1c4-ad97-d91a-6731-e7b5f38951a6
2026-10-10 06:20:24.614192,94.002,8,1g.11gb,yolo-inference-755b67b9bb-zbflb,default,yolo,580.178.04,GPU-d59cb1c4-ad97-d91a-6731-e7b5f38951a6
2026-10-10 06:20:24.614192,93.843,9,1g.11gb,yolo-inference-755b67b9bb-6z9g8,default,yolo,580.178.04,GPU-d59cb1c4-ad97-d91a-6731-e7b5f38951a6
2026-10-10 06:20:29.614183,94.5,10,1g.11gb,yolo-inference-755b67b9bb-jvw65,default,yolo,580.178.04,GPU-d59cb1c4-ad97-d91a-6731-e7b5f38951a6
2026-10-10 06:20:29.614183,93.843,11,1g.11gb,yolo-inference-755b67b9bb-tpwv7,default,yolo,580.178.04,GPU-d59cb1c4-ad97-d91a-6731-e7b5f38951a6
2026-10-10 06:20:29.614183,94.002,12,1g.11gb,yolo-inference-755b67b9bb-cmfkj,default,yolo,580.178.04,GPU-d59cb1c4-ad97-d91a-6731-e7b5f38951a6
2026-10-10 06:20:29.614183,93.98,13,1g.11gb,yolo-inference-755b67b9bb-7kvtl,default,yolo,580.178.04,GPU-d59cb1c4-ad97-d91a-6731-e7b5f38951a6
2026-10-10 06:20:29.614183,94.238,7,1g.11gb,yolo-inference-755b67b9bb-6w2jk,default,yolo,580.178.04,GPU-d59cb1c4-ad97-d91a-6731-e7b5f38951a6
2026-10-10 06:20:29.614183,94.002,8,1g.11gb,yolo-inference-755b67b9bb-zbflb,default,yolo,580.178.04,GPU-d59cb1c4-ad97-d91a-6731-e7b5f38951a6
2026-10-10 06:20:29.614183,93.843,9,1g.11gb,yolo-inference-755b67b9bb-6z9g8,default,yolo,580.178.04,GPU-d59cb1c4-ad97-d91a-6731-e7b5f38951a6
2026-10-10 06:20:34.614258,94.5,10,1g.11gb,yolo-inference-755b67b9bb-jvw65,default,yolo,580.178.04,GPU-d59cb1c4-ad97-d91a-6731-e7b5f38951a6
2026-10-10 06:20:34.614258,93.843,11,1g.11gb,yolo-inference-755b67b9bb-tpwv7,default,yolo,580.178.04,GPU-d59cb1c4-ad97-d91a-6731-e7b5f38951a6
2026-10-10 06:20:34.614258,94.002,12,1g.11gb,yolo-inference-755b67b9bb-cmfkj,default,yolo,580.178.04,GPU-d59cb1c4-ad97-d91a-6731-e7b5f38951a6
2026-10-10 06:20:34.614258,93.98,13,1g.11gb,yolo-inference-755b67b9bb-7kvtl,default,yolo,580.178.04,GPU-d59cb1c4-ad97-d91a-6731-e7b5f38951a6
2026-10-10 06:20:34.614258,94.238,7,1g.11gb,yolo-inference-755b67b9bb-6w2jk,default,yolo,580.178.04,GPU-d59cb1c4-ad97-d91a-6731-e7b5f38951a6
2026-10-10 06:20:34.614258,94.002,8,1g.11gb,yolo-inference-755b67b9bb-zbflb,default,yolo,580.178.04,GPU-d59cb1c4-ad97-d91a-6731-e7b5f38951a6
2026-10-10 06:20:34.614258,93.843,9,1g.11gb,yolo-inference-755b67b9bb-6z9g8,default,yolo,580.178.04,GPU-d59cb1c4-ad97-d91a-6731-e7b5f38951a6
2026-10-10 06:20:39.612231,94.5,10,1g.11gb,yolo-inference-755b67b9bb-jvw65,default,yolo,580.178.04,GPU-d59cb1c4-ad97-d91a-6731-e7b5f38951a6
2026-10-10 06:20:39.612231,93.843,11,1g.11gb,yolo-inference-755b67b9bb-tpwv7,default,yolo,580.178.04,GPU-d59cb1c4-ad97-d91a-6731-e7b5f38951a6
2026-10-10 06:20:39.612231,94.002,12,1g.11gb,yolo-inference-755b67b9bb-cmfkj,default,yolo,580.178.04,GPU-d59cb1c4-ad97-d91a-6731-e7b5f38951a6
2026-10-10 06:20:39.612231,93.98,13,1g.11gb,yolo-inference-755b67b9bb-7kvtl,default,yolo,580.178.04,GPU-d59cb1c4-ad97-d91a-6731-e7b5f38951a6
2026-10-10 06:20:39.612231,94.238,7,1g.11gb,yolo-inference-755b67b9bb-6w2jk,default,yolo,580.178.04,GPU-d59cb1c4-ad97-d91a-6731-e7b5f38951a6
2026-10-10 06:20:39.612231,94.002,8,1g.11gb,yolo-inference-755b67b9bb-zbflb,default,yolo,580.178.04,GPU-d59cb1c4-ad97-d91a-6731-e7b5f38951a6
2026-10-10 06:20:39.612231,93.843,9,1g.11gb,yolo-inference-755b67b9bb-6z9g8,default,yolo,580.178.04,GPU-d59cb1c4-ad97-d91a-6731-e7b5f38951a6
2026-10-10 06:20:44.614280,94.464,10,1g.11gb,yolo-inference-755b67b9bb-jvw65,default,yolo,580.178.04,GPU-d59cb1c4-ad97-d91a-6731-e7b5f38951a6
2026-10-10 06:20:44.614280,93.804,11,1g.11gb,yolo-inference-755b67b9bb-tpwv7,default,yolo,580.178.04,GPU-d59cb1c4-ad97-d91a-6731-e7b5f38951a6
2026-10-10 06:20:44.614280,93.919,12,1g.11gb,yolo-inference-755b67b9bb-cmfkj,default,yolo,580.178.04,GPU-d59cb1c4-ad97-d91a-6731-e7b5f38951a6
2026-10-10 06:20:44.614280,93.817,13,1g.11gb,yolo-inference-755b67b9bb-7kvtl,default,yolo,580.178.04,GPU-d59cb1c4-ad97-d91a-6731-e7b5f38951a6
2026-10-10 06:20:44.614280,94.226,7,1g.11gb,yolo-inference-755b67b9bb-6w2jk,default,yolo,580.178.04,GPU-d59cb1c4-ad97-d91a-6731-e7b5f38951a6
2026-10-10 06:20:44.614280,93.919,8,1g.11gb,yolo-inference-755b67b9bb-zbflb,default,yolo,580.178.04,GPU-d59cb1c4-ad97-d91a-6731-e7b5f38951a6
2026-10-10 06:20:44.614280,93.804,9,1g.11gb,yolo-inference-755b67b9bb-6z9g8,default,yolo,580.178.04,GPU-d59cb1c4-ad97-d91a-6731-e7b5f38951a6
2026-10-10 06:20:49.614183,94.464,10,1g.11gb,yolo-inference-755b67b9bb-jvw65,default,yolo,580.178.04,GPU-d59cb1c4-ad97-d91a-6731-e7b5f38951a6
2026-10-10 06:20:49.614183,93.804,11,1g.11gb,yolo-inference-755b67b9bb-tpwv7,default,yolo,580.178.04,GPU-d59cb1c4-ad97-d91a-6731-e7b5f38951a6
2026-10-10 06:20:49.614183,93.919,12,1g.11gb,yolo-inference-755b67b9bb-cmfkj,default,yolo,580.178.04,GPU-d59cb1c4-ad97-d91a-6731-e7b5f38951a6
2026-10-10 06:20:49.614183,93.817,13,1g.11gb,yolo-inference-755b67b9bb-7kvtl,default,yolo,580.178.04,GPU-d59cb1c4-ad97-d91a-6731-e7b5f38951a6
2026-10-10 06:20:49.614183,94.226,7,1g.11gb,yolo-inference-755b67b9bb-6w2jk,default,yolo,580.178.04,GPU-d59cb1c4-ad97-d91a-6731-e7b5f38951a6
2026-10-10 06:20:49.614183,93.919,8,1g.11gb,yolo-inference-755b67b9bb-zbflb,default,yolo,580.178.04,GPU-d59cb1c4-ad97-d91a-6731-e7b5f38951a6
2026-10-10 06:20:49.614183,93.804,9,1g.11gb,yolo-inference-755b67b9bb-6z9g8,default,yolo,580.178.04,GPU-d59cb1c4-ad97-d91a-6731-e7b5f38951a6
2026-10-10 06:20:54.614105,94.464,10,1g.11gb,yolo-inference-755b67b9bb-jvw65,default,yolo,580.178.04,GPU-d59cb1c4-ad97-d91a-6731-e7b5f38951a6
2026-10-10 06:20:54.614105,93.804,11,1g.11gb,yolo-inference-755b67b9bb-tpwv7,default,yolo,580.178.04,GPU-d59cb1c4-ad97-d91a-6731-e7b5f38951a6
2026-10-10 06:20:54.614105,93.919,12,1g.11gb,yolo-inference-755b67b9bb-cmfkj,default,yolo,580.178.04,GPU-d59cb1c4-ad97-d91a-6731-e7b5f38951a6
2026-10-10 06:20:54.614105,93.817,13,1g.11gb,yolo-inference-755b67b9bb-7kvtl,default,yolo,580.178.04,GPU-d59cb1c4-ad97-d91a-6731-e7b5f38951a6
2026-10-10 06:20:54.614105,94.226,7,1g.11gb,yolo-inference-755b67b9bb-6w2jk,default,yolo,580.178.04,GPU-d59cb1c4-ad97-d91a-6731-e7b5f38951a6
2026-10-10 06:20:54.614105,93.919,8,1g.11gb,yolo-inference-755b67b9bb-zbflb,default,yolo,580.178.04,GPU-d59cb1c4-ad97-d91a-6731-e7b5f38951a6
2026-10-10 06:20:54.614105,93.804,9,1g.11gb,yolo-inference-755b67b9bb-6z9g8,default,yolo,580.178.04,GPU-d59cb1c4-ad97-d91a-6731-e7b5f38951a6
2026-10-10 06:20:59.614232,94.464,10,1g.11gb,yolo-inference-755b67b9bb-jvw65,default,yolo,580.178.04,GPU-d59cb1c4-ad97-d91a-6731-e7b5f38951a6
2026-10-10 06:20:59.614232,93.804,11,1g.11gb,yolo-inference-755b67b9bb-tpwv7,default,yolo,580.178.04,GPU-d59cb1c4-ad97-d91a-6731-e7b5f38951a6
2026-10-10 06:20:59.614232,93.919,12,1g.11gb,yolo-inference-755b67b9bb-cmfkj,default,yolo,580.178.04,GPU-d59cb1c4-ad97-d91a-6731-e7b5f38951a6
2026-10-10 06:20:59.614232,93.817,13,1g.11gb,yolo-inference-755b67b9bb-7kvtl,default,yolo,580.178.04,GPU-d59cb1c4-ad97-d91a-6731-e7b5f38951a6
2026-10-10 06:20:59.614232,94.226,7,1g.11gb,yolo-inference-755b67b9bb-6w2jk,default,yolo,580.178.04,GPU-d59cb1c4-ad97-d91a-6731-e7b5f38951a6
2026-10-10 06:20:59.614232,93.919,8,1g.11gb,yolo-inference-755b67b9bb-zbflb,default,yolo,580.178.04,GPU-d59cb1c4-ad97-d91a-6731-e7b5f38951a6
2026-10-10 06:20:59.614232,93.804,9,1g.11gb,yolo-inference-755b67b9bb-6z9g8,default,yolo,580.178.04,GPU-d59cb1c4-ad97-d91a-6731-e7b5f38951a6
2026-10-10 06:21:04.614209,94.464,10,1g.11gb,yolo-inference-755b67b9bb-jvw65,default,yolo,580.178.04,GPU-d59cb1c4-ad97-d91a-6731-e7b5f38951a6
2026-10-10 06:21:04.614209,93.804,11,1g.11gb,yolo-inference-755b67b9bb-tpwv7,default,yolo,580.178.04,GPU-d59cb1c4-ad97-d91a-6731-e7b5f38951a6
2026-10-10 06:21:04.614209,93.919,12,1g.11gb,yolo-inference-755b67b9bb-cmfkj,default,yolo,580.178.04,GPU-d59cb1c4-ad97-d91a-6731-e7b5f38951a6
2026-10-10 06:21:04.614209,93.817,13,1g.11gb,yolo-inference-755b67b9bb-7kvtl,default,yolo,580.178.04,GPU-d59cb1c4-ad97-d91a-6731-e7b5f38951a6
2026-10-10 06:21:04.614209,94.226,7,1g.11gb,yolo-inference-755b67b9bb-6w2jk,default,yolo,580.178.04,GPU-d59cb1c4-ad97-d91a-6731-e7b5f38951a6
2026-10-10 06:21:04.614209,93.919,8,1g.11gb,yolo-inference-755b67b9bb-zbflb,default,yolo,580.178.04,GPU-d59cb1c4-ad97-d91a-6731-e7b5f38951a6
2026-10-10 06:21:04.614209,93.804,9,1g.11gb,yolo-inference-755b67b9bb-6z9g8,default,yolo,580.178.04,GPU-d59cb1c4-ad97-d91a-6731-e7b5f38951a6
2026-10-10 06:21:09.614196,94.464,10,1g.11gb,yolo-inference-755b67b9bb-jvw65,default,yolo,580.178.04,GPU-d59cb1c4-ad97-d91a-6731-e7b5f38951a6
2026-10-10 06:21:09.614196,93.804,11,1g.11gb,yolo-inference-755b67b9bb-tpwv7,default,yolo,580.178.04,GPU-d59cb1c4-ad97-d91a-6731-e7b5f38951a6
2026-10-10 06:21:09.614196,93.919,12,1g.11gb,yolo-inference-755b67b9bb-cmfkj,default,yolo,580.178.04,GPU-d59cb1c4-ad97-d91a-6731-e7b5f38951a6
2026-10-10 06:21:09.614196,93.817,13,1g.11gb,yolo-inference-755b67b9bb-7kvtl,default,yolo,580.178.04,GPU-d59cb1c4-ad97-d91a-6731-e7b5f38951a6
2026-10-10 06:21:09.614196,94.226,7,1g.11gb,yolo-inference-755b67b9bb-6w2jk,default,yolo,580.178.04,GPU-d59cb1c4-ad97-d91a-6731-e7b5f38951a6
2026-10-10 06:21:09.614196,93.919,8,1g.11gb,yolo-inference-755b67b9bb-zbflb,default,yolo,580.178.04,GPU-d59cb1c4-ad97-d91a-6731-e7b5f38951a6
2026-10-10 06:21:09.614196,93.804,9,1g.11gb,yolo-inference-755b67b9bb-6z9g8,default,yolo,580.178.04,GPU-d59cb1c4-ad97-d91a-6731-e7b5f38951a6
2026-10-10 06:21:14.610041,95.395,10,1g.11gb,yolo-inference-755b67b9bb-jvw65,default,yolo,580.178.04,GPU-d59cb1c4-ad97-d91a-6731-e7b5f38951a6
2026-10-10 06:21:14.610041,94.231,11,1g.11gb,yolo-inference-755b67b9bb-tpwv7,default,yolo,580.178.04,GPU-d59cb1c4-ad97-d91a-6731-e7b5f38951a6
2026-10-10 06:21:14.610041,94.986,12,1g.11gb,yolo-inference-755b67b9bb-cmfkj,default,yolo,580.178.04,GPU-d59cb1c4-ad97-d91a-6731-e7b5f38951a6
2026-10-10 06:21:14.610041,94.201,13,1g.11gb,yolo-inference-755b67b9bb-7kvtl,default,yolo,580.178.04,GPU-d59cb1c4-ad97-d91a-6731-e7b5f38951a6
2026-10-10 06:21:14.610041,95.345,7,1g.11gb,yolo-inference-755b67b9bb-6w2jk,default,yolo,580.178.04,GPU-d59cb1c4-ad97-d91a-6731-e7b5f38951a6
2026-10-10 06:21:14.610041,94.986,8,1g.11gb,yolo-inference-755b67b9bb-zbflb,default,yolo,580.178.04,GPU-d59cb1c4-ad97-d91a-6731-e7b5f38951a6
2026-10-10 06:21:14.610041,94.231,9,1g.11gb,yolo-inference-755b67b9bb-6z9g8,default,yolo,580.178.04,GPU-d59cb1c4-ad97-d91a-6731-e7b5f38951a6
2026-10-10 06:21:19.614194,95.395,10,1g.11gb,yolo-inference-755b67b9bb-jvw65,default,yolo,580.178.04,GPU-d59cb1c4-ad97-d91a-6731-e7b5f38951a6
2026-10-10 06:21:19.614194,94.231,11,1g.11gb,yolo-inference-755b67b9bb-tpwv7,default,yolo,580.178.04,GPU-d59cb1c4-ad97-d91a-6731-e7b5f38951a6
2026-10-10 06:21:19.614194,94.986,12,1g.11gb,yolo-inference-755b67b9bb-cmfkj,default,yolo,580.178.04,GPU-d59cb1c4-ad97-d91a-6731-e7b5f38951a6
2026-10-10 06:21:19.614194,94.201,13,1g.11gb,yolo-inference-755b67b9bb-7kvtl,default,yolo,580.178.04,GPU-d59cb1c4-ad97-d91a-6731-e7b5f38951a6
2026-10-10 06:21:19.614194,95.345,7,1g.11gb,yolo-inference-755b67b9bb-6w2jk,default,yolo,580.178.04,GPU-d59cb1c4-ad97-d91a-6731-e7b5f38951a6
2026-10-10 06:21:19.614194,94.986,8,1g.11gb,yolo-inference-755b67b9bb-zbflb,default,yolo,580.178.04,GPU-d59cb1c4-ad97-d91a-6731-e7b5f38951a6
2026-10-10 06:21:19.614194,94.231,9,1g.11gb,yolo-inference-755b67b9bb-6z9g8,default,yolo,580.178.04,GPU-d59cb1c4-ad97-d91a-6731-e7b5f38951a6
2026-10-10 06:21:24.610361,95.395,10,1g.11gb,yolo-inference-755b67b9bb-jvw65,default,yolo,580.178.04,GPU-d59cb1c4-ad97-d91a-6731-e7b5f38951a6
2026-10-10 06:21:24.610361,94.231,11,1g.11gb,yolo-inference-755b67b9bb-tpwv7,default,yolo,580.178.04,GPU-d59cb1c4-ad97-d91a-6731-e7b5f38951a6
2026-10-10 06:21:24.610361,94.986,12,1g.11gb,yolo-inference-755b67b9bb-cmfkj,default,yolo,580.178.04,GPU-d59cb1c4-ad97-d91a-6731-e7b5f38951a6
2026-10-10 06:21:24.610361,94.201,13,1g.11gb,yolo-inference-755b67b9bb-7kvtl,default,yolo,580.178.04,GPU-d59cb1c4-ad97-d91a-6731-e7b5f38951a6
2026-10-10 06:21:24.610361,95.345,7,1g.11gb,yolo-inference-755b67b9bb-6w2jk,default,yolo,580.178.04,GPU-d59cb1c4-ad97-d91a-6731-e7b5f38951a6
2026-10-10 06:21:24.610361,94.986,8,1g.11gb,yolo-inference-755b67b9bb-zbflb,default,yolo,580.178.04,GPU-d59cb1c4-ad97-d91a-6731-e7b5f38951a6
2026-10-10 06:21:24.610361,94.231,9,1g.11gb,yolo-inference-755b67b9bb-6z9g8,default,yolo,580.178.04,GPU-d59cb1c4-ad97-d91a-6731-e7b5f38951a6
2026-10-10 06:21:29.613754,95.395,10,1g.11gb,yolo-inference-755b67b9bb-jvw65,default,yolo,580.178.04,GPU-d59cb1c4-ad97-d91a-6731-e7b5f38951a6
2026-10-10 06:21:29.613754,94.231,11,1g.11gb,yolo-inference-755b67b9bb-tpwv7,default,yolo,580.178.04,GPU-d59cb1c4-ad97-d91a-6731-e7b5f38951a6
2026-10-10 06:21:29.613754,94.986,12,1g.11gb,yolo-inference-755b67b9bb-cmfkj,default,yolo,580.178.04,GPU-d59cb1c4-ad97-d91a-6731-e7b5f38951a6
2026-10-10 06:21:29.613754,94.201,13,1g.11gb,yolo-inference-755b67b9bb-7kvtl,default,yolo,580.178.04,GPU-d59cb1c4-ad97-d91a-6731-e7b5f38951a6
2026-10-10 06:21:29.613754,95.345,7,1g.11gb,yolo-inference-755b67b9bb-6w2jk,default,yolo,580.178.04,GPU-d59cb1c4-ad97-d91a-6731-e7b5f38951a6
2026-10-10 06:21:29.613754,94.986,8,1g.11gb,yolo-inference-755b67b9bb-zbflb,default,yolo,580.178.04,GPU-d59cb1c4-ad97-d91a-6731-e7b5f38951a6
2026-10-10 06:21:29.613754,94.231,9,1g.11gb,yolo-inference-755b67b9bb-6z9g8,default,yolo,580.178.04,GPU-d59cb1c4-ad97-d91a-6731-e7b5f38951a6
2026-10-10 06:21:34.614215,95.395,10,1g.11gb,yolo-inference-755b67b9bb-jvw65,default,yolo,580.178.04,GPU-d59cb1c4-ad97-d91a-6731-e7b5f38951a6
2026-10-10 06:21:34.614215,94.231,11,1g.11gb,yolo-inference-755b67b9bb-tpwv7,default,yolo,580.178.04,GPU-d59cb1c4-ad97-d91a-6731-e7b5f38951a6
2026-10-10 06:21:34.614215,94.986,12,1g.11gb,yolo-inference-755b67b9bb-cmfkj,default,yolo,580.178.04,GPU-d59cb1c4-ad97-d91a-6731-e7b5f38951a6
2026-10-10 06:21:34.614215,94.201,13,1g.11gb,yolo-inference-755b67b9bb-7kvtl,default,yolo,580.178.04,GPU-d59cb1c4-ad97-d91a-6731-e7b5f38951a6
2026-10-10 06:21:34.614215,95.345,7,1g.11gb,yolo-inference-755b67b9bb-6w2jk,default,yolo,580.178.04,GPU-d59cb1c4-ad97-d91a-6731-e7b5f38951a6
2026-10-10 06:21:34.614215,94.986,8,1g.11gb,yolo-inference-755b67b9bb-zbflb,default,yolo,580.178.04,GPU-d59cb1c4-ad97-d91a-6731-e7b5f38951a6
2026-10-10 06:21:34.614215,94.231,9,1g.11gb,yolo-inference-755b67b9bb-6z9g8,default,yolo,580.178.04,GPU-d59cb1c4-ad97-d91a-6731-e7b5f38951a6
2026-10-10 06:21:39.609895,95.395,10,1g.11gb,yolo-inference-755b67b9bb-jvw65,default,yolo,580.178.04,GPU-d59cb1c4-ad97-d91a-6731-e7b5f38951a6
2026-10-10 06:21:39.609895,94.231,11,1g.11gb,yolo-inference-755b67b9bb-tpwv7,default,yolo,580.178.04,GPU-d59cb1c4-ad97-d91a-6731-e7b5f38951a6
2026-10-10 06:21:39.609895,94.986,12,1g.11gb,yolo-inference-755b67b9bb-cmfkj,default,yolo,580.178.04,GPU-d59cb1c4-ad97-d91a-6731-e7b5f38951a6
2026-10-10 06:21:39.609895,94.201,13,1g.11gb,yolo-inference-755b67b9bb-7kvtl,default,yolo,580.178.04,GPU-d59cb1c4-ad97-d91a-6731-e7b5f38951a6
2026-10-10 06:21:39.609895,95.345,7,1g.11gb,yolo-inference-755b67b9bb-6w2jk,default,yolo,580.178.04,GPU-d59cb1c4-ad97-d91a-6731-e7b5f38951a6
2026-10-10 06:21:39.609895,94.986,8,1g.11gb,yolo-inference-755b67b9bb-zbflb,default,yolo,580.178.04,GPU-d59cb1c4-ad97-d91a-6731-e7b5f38951a6
2026-10-10 06:21:39.609895,94.231,9,1g.11gb,yolo-inference-755b67b9bb-6z9g8,default,yolo,580.178.04,GPU-d59cb1c4-ad97-d91a-6731-e7b5f38951a6
2026-10-10 06:21:44.609578,94.755,10,1g.11gb,yolo-inference-755b67b9bb-jvw65,default,yolo,580.178.04,GPU-d59cb1c4-ad97-d91a-6731-e7b5f38951a6
2026-10-10 06:21:44.609578,94.111,11,1g.11gb,yolo-inference-755b67b9bb-tpwv7,default,yolo,580.178.04,GPU-d59cb1c4-ad97-d91a-6731-e7b5f38951a6
2026-10-10 06:21:44.609578,94.204,12,1g.11gb,yolo-inference-755b67b9bb-cmfkj,default,yolo,580.178.04,GPU-d59cb1c4-ad97-d91a-6731-e7b5f38951a6
2026-10-10 06:21:44.609578,94.104,13,1g.11gb,yolo-inference-755b67b9bb-7kvtl,default,yolo,580.178.04,GPU-d59cb1c4-ad97-d91a-6731-e7b5f38951a6
2026-10-10 06:21:44.609578,94.694,7,1g.11gb,yolo-inference-755b67b9bb-6w2jk,default,yolo,580.178.04,GPU-d59cb1c4-ad97-d91a-6731-e7b5f38951a6
2026-10-10 06:21:44.609578,94.204,8,1g.11gb,yolo-inference-755b67b9bb-zbflb,default,yolo,580.178.04,GPU-d59cb1c4-ad97-d91a-6731-e7b5f38951a6
2026-10-10 06:21:44.609578,94.193,9,1g.11gb,yolo-inference-755b67b9bb-6z9g8,default,yolo,580.178.04,GPU-d59cb1c4-ad97-d91a-6731-e7b5f38951a6
2026-10-10 06:21:49.609358,94.755,10,1g.11gb,yolo-inference-755b67b9bb-jvw65,default,yolo,580.178.04,GPU-d59cb1c4-ad97-d91a-6731-e7b5f38951a6
2026-10-10 06:21:49.609358,94.111,11,1g.11gb,yolo-inference-755b67b9bb-tpwv7,default,yolo,580.178.04,GPU-d59cb1c4-ad97-d91a-6731-e7b5f38951a6
2026-10-10 06:21:49.609358,94.204,12,1g.11gb,yolo-inference-755b67b9bb-cmfkj,default,yolo,580.178.04,GPU-d59cb1c4-ad97-d91a-6731-e7b5f38951a6
2026-10-10 06:21:49.609358,94.104,13,1g.11gb,yolo-inference-755b67b9bb-7kvtl,default,yolo,580.178.04,GPU-d59cb1c4-ad97-d91a-6731-e7b5f38951a6
2026-10-10 06:21:49.609358,94.694,7,1g.11gb,yolo-inference-755b67b9bb-6w2jk,default,yolo,580.178.04,GPU-d59cb1c4-ad97-d91a-6731-e7b5f38951a6
2026-10-10 06:21:49.609358,94.204,8,1g.11gb,yolo-inference-755b67b9bb-zbflb,default,yolo,580.178.04,GPU-d59cb1c4-ad97-d91a-6731-e7b5f38951a6
2026-10-10 06:21:49.609358,94.193,9,1g.11gb,yolo-inference-755b67b9bb-6z9g8,default,yolo,580.178.04,GPU-d59cb1c4-ad97-d91a-6731-e7b5f38951a6
2026-10-10 06:21:54.612701,94.755,10,1g.11gb,yolo-inference-755b67b9bb-jvw65,default,yolo,580.178.04,GPU-d59cb1c4-ad97-d91a-6731-e7b5f38951a6
2026-10-10 06:21:54.612701,94.111,11,1g.11gb,yolo-inference-755b67b9bb-tpwv7,default,yolo,580.178.04,GPU-d59cb1c4-ad97-d91a-6731-e7b5f38951a6
2026-10-10 06:21:54.612701,94.204,12,1g.11gb,yolo-inference-755b67b9bb-cmfkj,default,yolo,580.178.04,GPU-d59cb1c4-ad97-d91a-6731-e7b5f38951a6
2026-10-10 06:21:54.612701,94.104,13,1g.11gb,yolo-inference-755b67b9bb-7kvtl,default,yolo,580.178.04,GPU-d59cb1c4-ad97-d91a-6731-e7b5f38951a6
2026-10-10 06:21:54.612701,94.694,7,1g.11gb,yolo-inference-755b67b9bb-6w2jk,default,yolo,580.178.04,GPU-d59cb1c4-ad97-d91a-6731-e7b5f38951a6
2026-10-10 06:21:54.612701,94.204,8,1g.11gb,yolo-inference-755b67b9bb-zbflb,default,yolo,580.178.04,GPU-d59cb1c4-ad97-d91a-6731-e7b5f38951a6
2026-10-10 06:21:54.612701,94.193,9,1g.11gb,yolo-inference-755b67b9bb-6z9g8,default,yolo,580.178.04,GPU-d59cb1c4-ad97-d91a-6731-e7b5f38951a6
2026-10-10 06:21:59.613666,94.755,10,1g.11gb,yolo-inference-755b67b9bb-jvw65,default,yolo,580.178.04,GPU-d59cb1c4-ad97-d91a-6731-e7b5f38951a6
2026-10-10 06:21:59.613666,94.111,11,1g.11gb,yolo-inference-755b67b9bb-tpwv7,default,yolo,580.178.04,GPU-d59cb1c4-ad97-d91a-6731-e7b5f38951a6
2026-10-10 06:21:59.613666,94.204,12,1g.11gb,yolo-inference-755b67b9bb-cmfkj,default,yolo,580.178.04,GPU-d59cb1c4-ad97-d91a-6731-e7b5f38951a6
2026-10-10 06:21:59.613666,94.104,13,1g.11gb,yolo-inference-755b67b9bb-7kvtl,default,yolo,580.178.04,GPU-d59cb1c4-ad97-d91a-6731-e7b5f38951a6
2026-10-10 06:21:59.613666,94.694,7,1g.11gb,yolo-inference-755b67b9bb-6w2jk,default,yolo,580.178.04,GPU-d59cb1c4-ad97-d91a-6731-e7b5f38951a6
2026-10-10 06:21:59.613666,94.204,8,1g.11gb,yolo-inference-755b67b9bb-zbflb,default,yolo,580.178.04,GPU-d59cb1c4-ad97-d91a-6731-e7b5f38951a6
2026-10-10 06:21:59.613666,94.193,9,1g.11gb,yolo-inference-755b67b9bb-6z9g8,default,yolo,580.178.04,GPU-d59cb1c4-ad97-d91a-6731-e7b5f38951a6
2026-10-10 06:22:04.610936,94.755,10,1g.11gb,yolo-inference-755b67b9bb-jvw65,default,yolo,580.178.04,GPU-d59cb1c4-ad97-d91a-6731-e7b5f38951a6
2026-10-10 06:22:04.610936,94.111,11,1g.11gb,yolo-inference-755b67b9bb-tpwv7,default,yolo,580.178.04,GPU-d59cb1c4-ad97-d91a-6731-e7b5f38951a6
2026-10-10 06:22:04.610936,94.204,12,1g.11gb,yolo-inference-755b67b9bb-cmfkj,default,yolo,580.178.04,GPU-d59cb1c4-ad97-d91a-6731-e7b5f38951a6
2026-10-10 06:22:04.610936,94.104,13,1g.11gb,yolo-inference-755b67b9bb-7kvtl,default,yolo,580.178.04,GPU-d59cb1c4-ad97-d91a-6731-e7b5f38951a6
2026-10-10 06:22:04.610936,94.694,7,1g.11gb,yolo-inference-755b67b9bb-6w2jk,default,yolo,580.178.04,GPU-d59cb1c4-ad97-d91a-6731-e7b5f38951a6
2026-10-10 06:22:04.610936,94.204,8,1g.11gb,yolo-inference-755b67b9bb-zbflb,default,yolo,580.178.04,GPU-d59cb1c4-ad97-d91a-6731-e7b5f38951a6
2026-10-10 06:22:04.610936,94.193,9,1g.11gb,yolo-inference-755b67b9bb-6z9g8,default,yolo,580.178.04,GPU-d59cb1c4-ad97-d91a-6731-e7b5f38951a6
2026-10-10 06:22:09.613170,94.755,10,1g.11gb,yolo-inference-755b67b9bb-jvw65,default,yolo,580.178.04,GPU-d59cb1c4-ad97-d91a-6731-e7b5f38951a6
2026-10-10 06:22:09.613170,94.111,11,1g.11gb,yolo-inference-755b67b9bb-tpwv7,default,yolo,580.178.04,GPU-d59cb1c4-ad97-d91a-6731-e7b5f38951a6
2026-10-10 06:22:09.613170,94.204,12,1g.11gb,yolo-inference-755b67b9bb-cmfkj,default,yolo,580.178.04,GPU-d59cb1c4-ad97-d91a-6731-e7b5f38951a6
2026-10-10 06:22:09.613170,94.104,13,1g.11gb,yolo-inference-755b67b9bb-7kvtl,default,yolo,580.178.04,GPU-d59cb1c4-ad97-d91a-6731-e7b5f38951a6
2026-10-10 06:22:09.613170,94.694,7,1g.11gb,yolo-inference-755b67b9bb-6w2jk,default,yolo,580.178.04,GPU-d59cb1c4-ad97-d91a-6731-e7b5f38951a6
2026-10-10 06:22:09.613170,94.204,8,1g.11gb,yolo-inference-755b67b9bb-zbflb,default,yolo,580.178.04,GPU-d59cb1c4-ad97-d91a-6731-e7b5f38951a6
2026-10-10 06:22:09.613170,94.193,9,1g.11gb,yolo-inference-755b67b9bb-6z9g8,default,yolo,580.178.04,GPU-d59cb1c4-ad97-d91a-6731-e7b5f38951a6
2026-10-10 06:22:14.614191,94.59,10,1g.11gb,yolo-inference-755b67b9bb-jvw65,default,yolo,580.178.04,GPU-d59cb1c4-ad97-d91a-6731-e7b5f38951a6
2026-10-10 06:22:14.614191,94.719,11,1g.11gb,yolo-inference-755b67b9bb-tpwv7,default,yolo,580.178.04,GPU-d59cb1c4-ad97-d91a-6731-e7b5f38951a6
2026-10-10 06:22:14.614191,94.851,12,1g.11gb,yolo-inference-755b67b9bb-cmfkj,default,yolo,580.178.04,GPU-d59cb1c4-ad97-d91a-6731-e7b5f38951a6
2026-10-10 06:22:14.614191,94.218,13,1g.11gb,yolo-inference-755b67b9bb-7kvtl,default,yolo,580.178.04,GPU-d59cb1c4-ad97-d91a-6731-e7b5f38951a6
2026-10-10 06:22:14.614191,95.077,7,1g.11gb,yolo-inference-755b67b9bb-6w2jk,default,yolo,580.178.04,GPU-d59cb1c4-ad97-d91a-6731-e7b5f38951a6
2026-10-10 06:22:14.614191,94.851,8,1g.11gb,yolo-inference-755b67b9bb-zbflb,default,yolo,580.178.04,GPU-d59cb1c4-ad97-d91a-6731-e7b5f38951a6
2026-10-10 06:22:14.614191,94.72,9,1g.11gb,yolo-inference-755b67b9bb-6z9g8,default,yolo,580.178.04,GPU-d59cb1c4-ad97-d91a-6731-e7b5f38951a6
2026-10-10 06:22:19.614167,94.59,10,1g.11gb,yolo-inference-755b67b9bb-jvw65,default,yolo,580.178.04,GPU-d59cb1c4-ad97-d91a-6731-e7b5f38951a6
2026-10-10 06:22:19.614167,94.719,11,1g.11gb,yolo-inference-755b67b9bb-tpwv7,default,yolo,580.178.04,GPU-d59cb1c4-ad97-d91a-6731-e7b5f38951a6
2026-10-10 06:22:19.614167,94.851,12,1g.11gb,yolo-inference-755b67b9bb-cmfkj,default,yolo,580.178.04,GPU-d59cb1c4-ad97-d91a-6731-e7b5f38951a6
2026-10-10 06:22:19.614167,94.218,13,1g.11gb,yolo-inference-755b67b9bb-7kvtl,default,yolo,580.178.04,GPU-d59cb1c4-ad97-d91a-6731-e7b5f38951a6
2026-10-10 06:22:19.614167,95.077,7,1g.11gb,yolo-inference-755b67b9bb-6w2jk,default,yolo,580.178.04,GPU-d59cb1c4-ad97-d91a-6731-e7b5f38951a6
2026-10-10 06:22:19.614167,94.851,8,1g.11gb,yolo-inference-755b67b9bb-zbflb,default,yolo,580.178.04,GPU-d59cb1c4-ad97-d91a-6731-e7b5f38951a6
2026-10-10 06:22:19.614167,94.72,9,1g.11gb,yolo-inference-755b67b9bb-6z9g8,default,yolo,580.178.04,GPU-d59cb1c4-ad97-d91a-6731-e7b5f38951a6
2026-10-10 06:22:24.614182,94.59,10,1g.11gb,yolo-inference-755b67b9bb-jvw65,default,yolo,580.178.04,GPU-d59cb1c4-ad97-d91a-6731-e7b5f38951a6
2026-10-10 06:22:24.614182,94.719,11,1g.11gb,yolo-inference-755b67b9bb-tpwv7,default,yolo,580.178.04,GPU-d59cb1c4-ad97-d91a-6731-e7b5f38951a6
2026-10-10 06:22:24.614182,94.851,12,1g.11gb,yolo-inference-755b67b9bb-cmfkj,default,yolo,580.178.04,GPU-d59cb1c4-ad97-d91a-6731-e7b5f38951a6
2026-10-10 06:22:24.614182,94.218,13,1g.11gb,yolo-inference-755b67b9bb-7kvtl,default,yolo,580.178.04,GPU-d59cb1c4-ad97-d91a-6731-e7b5f38951a6
2026-10-10 06:22:24.614182,95.077,7,1g.11gb,yolo-inference-755b67b9bb-6w2jk,default,yolo,580.178.04,GPU-d59cb1c4-ad97-d91a-6731-e7b5f38951a6
2026-10-10 06:22:24.614182,94.851,8,1g.11gb,yolo-inference-755b67b9bb-zbflb,default,yolo,580.178.04,GPU-d59cb1c4-ad97-d91a-6731-e7b5f38951a6
2026-10-10 06:22:24.614182,94.72,9,1g.11gb,yolo-inference-755b67b9bb-6z9g8,default,yolo,580.178.04,GPU-d59cb1c4-ad97-d91a-6731-e7b5f38951a6
2026-10-10 06:22:29.614185,94.59,10,1g.11gb,yolo-inference-755b67b9bb-jvw65,default,yolo,580.178.04,GPU-d59cb1c4-ad97-d91a-6731-e7b5f38951a6
2026-10-10 06:22:29.614185,94.719,11,1g.11gb,yolo-inference-755b67b9bb-tpwv7,default,yolo,580.178.04,GPU-d59cb1c4-ad97-d91a-6731-e7b5f38951a6
2026-10-10 06:22:29.614185,94.851,12,1g.11gb,yolo-inference-755b67b9bb-cmfkj,default,yolo,580.178.04,GPU-d59cb1c4-ad97-d91a-6731-e7b5f38951a6
2026-10-10 06:22:29.614185,94.218,13,1g.11gb,yolo-inference-755b67b9bb-7kvtl,default,yolo,580.178.04,GPU-d59cb1c4-ad97-d91a-6731-e7b5f38951a6
2026-10-10 06:22:29.614185,95.077,7,1g.11gb,yolo-inference-755b67b9bb-6w2jk,default,yolo,580.178.04,GPU-d59cb1c4-ad97-d91a-6731-e7b5f38951a6
2026-10-10 06:22:29.614185,94.851,8,1g.11gb,yolo-inference-755b67b9bb-zbflb,default,yolo,580.178.04,GPU-d59cb1c4-ad97-d91a-6731-e7b5f38951a6
2026-10-10 06:22:29.614185,94.72,9,1g.11gb,yolo-inference-755b67b9bb-6z9g8,default,yolo,580.178.04,GPU-d59cb1c4-ad97-d91a-6731-e7b5f38951a6
2026-10-10 06:22:34.614171,94.59,10,1g.11gb,yolo-inference-755b67b9bb-jvw65,default,yolo,580.178.04,GPU-d59cb1c4-ad97-d91a-6731-e7b5f38951a6
2026-10-10 06:22:34.614171,94.719,11,1g.11gb,yolo-inference-755b67b9bb-tpwv7,default,yolo,580.178.04,GPU-d59cb1c4-ad97-d91a-6731-e7b5f38951a6
2026-10-10 06:22:34.614171,94.851,12,1g.11gb,yolo-inference-755b67b9bb-cmfkj,default,yolo,580.178.04,GPU-d59cb1c4-ad97-d91a-6731-e7b5f38951a6
2026-10-10 06:22:34.614171,94.218,13,1g.11gb,yolo-inference-755b67b9bb-7kvtl,default,yolo,580.178.04,GPU-d59cb1c4-ad97-d91a-6731-e7b5f38951a6
2026-10-10 06:22:34.614171,95.077,7,1g.11gb,yolo-inference-755b67b9bb-6w2jk,default,yolo,580.178.04,GPU-d59cb1c4-ad97-d91a-6731-e7b5f38951a6
2026-10-10 06:22:34.614171,94.851,8,1g.11gb,yolo-inference-755b67b9bb-zbflb,default,yolo,580.178.04,GPU-d59cb1c4-ad97-d91a-6731-e7b5f38951a6
2026-10-10 06:22:34.614171,94.72,9,1g.11gb,yolo-inference-755b67b9bb-6z9g8,default,yolo,580.178.04,GPU-d59cb1c4-ad97-d91a-6731-e7b5f38951a6
2026-10-10 06:22:39.614217,94.59,10,1g.11gb,yolo-inference-755b67b9bb-jvw65,default,yolo,580.178.04,GPU-d59cb1c4-ad97-d91a-6731-e7b5f38951a6
2026-10-10 06:22:39.614217,94.719,11,1g.11gb,yolo-inference-755b67b9bb-tpwv7,default,yolo,580.178.04,GPU-d59cb1c4-ad97-d91a-6731-e7b5f38951a6
2026-10-10 06:22:39.614217,94.851,12,1g.11gb,yolo-inference-755b67b9bb-cmfkj,default,yolo,580.178.04,GPU-d59cb1c4-ad97-d91a-6731-e7b5f38951a6
2026-10-10 06:22:39.614217,94.218,13,1g.11gb,yolo-inference-755b67b9bb-7kvtl,default,yolo,580.178.04,GPU-d59cb1c4-ad97-d91a-6731-e7b5f38951a6
2026-10-10 06:22:39.614217,95.077,7,1g.11gb,yolo-inference-755b67b9bb-6w2jk,default,yolo,580.178.04,GPU-d59cb1c4-ad97-d91a-6731-e7b5f38951a6
2026-10-10 06:22:39.614217,94.851,8,1g.11gb,yolo-inference-755b67b9bb-zbflb,default,yolo,580.178.04,GPU-d59cb1c4-ad97-d91a-6731-e7b5f38951a6
2026-10-10 06:22:39.614217,94.72,9,1g.11gb,yolo-inference-755b67b9bb-6z9g8,default,yolo,580.178.04,GPU-d59cb1c4-ad97-d91a-6731-e7b5f38951a6
2026-10-10 06:22:44.614182,93.995,10,1g.11gb,yolo-inference-755b67b9bb-jvw65,default,yolo,580.178.04,GPU-d59cb1c4-ad97-d91a-6731-e7b5f38951a6
2026-10-10 06:22:44.614182,94.242,11,1g.11gb,yolo-inference-755b67b9bb-tpwv7,default,yolo,580.178.04,GPU-d59cb1c4-ad97-d91a-6731-e7b5f38951a6
2026-10-10 06:22:44.614182,94.311,12,1g.11gb,yolo-inference-755b67b9bb-cmfkj,default,yolo,580.178.04,GPU-d59cb1c4-ad97-d91a-6731-e7b5f38951a6
2026-10-10 06:22:44.614182,94.422,13,1g.11gb,yolo-inference-755b67b9bb-7kvtl,default,yolo,580.178.04,GPU-d59cb1c4-ad97-d91a-6731-e7b5f38951a6
2026-10-10 06:22:44.614182,93.906,7,1g.11gb,yolo-inference-755b67b9bb-6w2jk,default,yolo,580.178.04,GPU-d59cb1c4-ad97-d91a-6731-e7b5f38951a6
2026-10-10 06:22:44.614182,94.311,8,1g.11gb,yolo-inference-755b67b9bb-zbflb,default,yolo,580.178.04,GPU-d59cb1c4-ad97-d91a-6731-e7b5f38951a6
2026-10-10 06:22:44.614182,94.31,9,1g.11gb,yolo-inference-755b67b9bb-6z9g8,default,yolo,580.178.04,GPU-d59cb1c4-ad97-d91a-6731-e7b5f38951a6
2026-10-10 06:22:49.613835,93.995,10,1g.11gb,yolo-inference-755b67b9bb-jvw65,default,yolo,580.178.04,GPU-d59cb1c4-ad97-d91a-6731-e7b5f38951a6
2026-10-10 06:22:49.613835,94.242,11,1g.11gb,yolo-inference-755b67b9bb-tpwv7,default,yolo,580.178.04,GPU-d59cb1c4-ad97-d91a-6731-e7b5f38951a6
2026-10-10 06:22:49.613835,94.311,12,1g.11gb,yolo-inference-755b67b9bb-cmfkj,default,yolo,580.178.04,GPU-d59cb1c4-ad97-d91a-6731-e7b5f38951a6
2026-10-10 06:22:49.613835,94.422,13,1g.11gb,yolo-inference-755b67b9bb-7kvtl,default,yolo,580.178.04,GPU-d59cb1c4-ad97-d91a-6731-e7b5f38951a6
2026-10-10 06:22:49.613835,93.906,7,1g.11gb,yolo-inference-755b67b9bb-6w2jk,default,yolo,580.178.04,GPU-d59cb1c4-ad97-d91a-6731-e7b5f38951a6
2026-10-10 06:22:49.613835,94.311,8,1g.11gb,yolo-inference-755b67b9bb-zbflb,default,yolo,580.178.04,GPU-d59cb1c4-ad97-d91a-6731-e7b5f38951a6
2026-10-10 06:22:49.613835,94.31,9,1g.11gb,yolo-inference-755b67b9bb-6z9g8,default,yolo,580.178.04,GPU-d59cb1c4-ad97-d91a-6731-e7b5f38951a6
2026-10-10 06:22:54.614189,93.995,10,1g.11gb,yolo-inference-755b67b9bb-jvw65,default,yolo,580.178.04,GPU-d59cb1c4-ad97-d91a-6731-e7b5f38951a6
2026-10-10 06:22:54.614189,94.242,11,1g.11gb,yolo-inference-755b67b9bb-tpwv7,default,yolo,580.178.04,GPU-d59cb1c4-ad97-d91a-6731-e7b5f38951a6
2026-10-10 06:22:54.614189,94.311,12,1g.11gb,yolo-inference-755b67b9bb-cmfkj,default,yolo,580.178.04,GPU-d59cb1c4-ad97-d91a-6731-e7b5f38951a6
2026-10-10 06:22:54.614189,94.422,13,1g.11gb,yolo-inference-755b67b9bb-7kvtl,default,yolo,580.178.04,GPU-d59cb1c4-ad97-d91a-6731-e7b5f38951a6
2026-10-10 06:22:54.614189,93.906,7,1g.11gb,yolo-inference-755b67b9bb-6w2jk,default,yolo,580.178.04,GPU-d59cb1c4-ad97-d91a-6731-e7b5f38951a6
2026-10-10 06:22:54.614189,94.311,8,1g.11gb,yolo-inference-755b67b9bb-zbflb,default,yolo,580.178.04,GPU-d59cb1c4-ad97-d91a-6731-e7b5f38951a6
2026-10-10 06:22:54.614189,94.31,9,1g.11gb,yolo-inference-755b67b9bb-6z9g8,default,yolo,580.178.04,GPU-d59cb1c4-ad97-d91a-6731-e7b5f38951a6
2026-10-10 06:22:59.614214,93.995,10,1g.11gb,yolo-inference-755b67b9bb-jvw65,default,yolo,580.178.04,GPU-d59cb1c4-ad97-d91a-6731-e7b5f38951a6
2026-10-10 06:22:59.614214,94.242,11,1g.11gb,yolo-inference-755b67b9bb-tpwv7,default,yolo,580.178.04,GPU-d59cb1c4-ad97-d91a-6731-e7b5f38951a6
2026-10-10 06:22:59.614214,94.311,12,1g.11gb,yolo-inference-755b67b9bb-cmfkj,default,yolo,580.178.04,GPU-d59cb1c4-ad97-d91a-6731-e7b5f38951a6
2026-10-10 06:22:59.614214,94.422,13,1g.11gb,yolo-inference-755b67b9bb-7kvtl,default,yolo,580.178.04,GPU-d59cb1c4-ad97-d91a-6731-e7b5f38951a6
2026-10-10 06:22:59.614214,93.906,7,1g.11gb,yolo-inference-755b67b9bb-6w2jk,default,yolo,580.178.04,GPU-d59cb1c4-ad97-d91a-6731-e7b5f38951a6
2026-10-10 06:22:59.614214,94.311,8,1g.11gb,yolo-inference-755b67b9bb-zbflb,default,yolo,580.178.04,GPU-d59cb1c4-ad97-d91a-6731-e7b5f38951a6
2026-10-10 06:22:59.614214,94.31,9,1g.11gb,yolo-inference-755b67b9bb-6z9g8,default,yolo,580.178.04,GPU-d59cb1c4-ad97-d91a-6731-e7b5f38951a6
2026-10-10 06:23:04.609832,93.995,10,1g.11gb,yolo-inference-755b67b9bb-jvw65,default,yolo,580.178.04,GPU-d59cb1c4-ad97-d91a-6731-e7b5f38951a6
2026-10-10 06:23:04.609832,94.242,11,1g.11gb,yolo-inference-755b67b9bb-tpwv7,default,yolo,580.178.04,GPU-d59cb1c4-ad97-d91a-6731-e7b5f38951a6
2026-10-10 06:23:04.609832,94.311,12,1g.11gb,yolo-inference-755b67b9bb-cmfkj,default,yolo,580.178.04,GPU-d59cb1c4-ad97-d91a-6731-e7b5f38951a6
2026-10-10 06:23:04.609832,94.422,13,1g.11gb,yolo-inference-755b67b9bb-7kvtl,default,yolo,580.178.04,GPU-d59cb1c4-ad97-d91a-6731-e7b5f38951a6
2026-10-10 06:23:04.609832,93.906,7,1g.11gb,yolo-inference-755b67b9bb-6w2jk,default,yolo,580.178.04,GPU-d59cb1c4-ad97-d91a-6731-e7b5f38951a6
2026-10-10 06:23:04.609832,94.311,8,1g.11gb,yolo-inference-755b67b9bb-zbflb,default,yolo,580.178.04,GPU-d59cb1c4-ad97-d91a-6731-e7b5f38951a6
2026-10-10 06:23:04.609832,94.31,9,1g.11gb,yolo-inference-755b67b9bb-6z9g8,default,yolo,580.178.04,GPU-d59cb1c4-ad97-d91a-6731-e7b5f38951a6
2026-10-10 06:23:09.614208,93.995,10,1g.11gb,yolo-inference-755b67b9bb-jvw65,default,yolo,580.178.04,GPU-d59cb1c4-ad97-d91a-6731-e7b5f38951a6
2026-10-10 06:23:09.614208,94.242,11,1g.11gb,yolo-inference-755b67b9bb-tpwv7,default,yolo,580.178.04,GPU-d59cb1c4-ad97-d91a-6731-e7b5f38951a6
2026-10-10 06:23:09.614208,94.311,12,1g.11gb,yolo-inference-755b67b9bb-cmfkj,default,yolo,580.178.04,GPU-d59cb1c4-ad97-d91a-6731-e7b5f38951a6
2026-10-10 06:23:09.614208,94.422,13,1g.11gb,yolo-inference-755b67b9bb-7kvtl,default,yolo,580.178.04,GPU-d59cb1c4-ad97-d91a-6731-e7b5f38951a6
2026-10-10 06:23:09.614208,93.906,7,1g.11gb,yolo-inference-755b67b9bb-6w2jk,default,yolo,580.178.04,GPU-d59cb1c4-ad97-d91a-6731-e7b5f38951a6
2026-10-10 06:23:09.614208,94.311,8,1g.11gb,yolo-inference-755b67b9bb-zbflb,default,yolo,580.178.04,GPU-d59cb1c4-ad97-d91a-6731-e7b5f38951a6
2026-10-10 06:23:09.614208,94.31,9,1g.11gb,yolo-inference-755b67b9bb-6z9g8,default,yolo,580.178.04,GPU-d59cb1c4-ad97-d91a-6731-e7b5f38951a6
2026-10-10 06:23:14.614192,94.509,10,1g.11gb,yolo-inference-755b67b9bb-jvw65,default,yolo,580.178.04,GPU-d59cb1c4-ad97-d91a-6731-e7b5f38951a6
2026-10-10 06:23:14.614192,94.329,11,1g.11gb,yolo-inference-755b67b9bb-tpwv7,default,yolo,580.178.04,GPU-d59cb1c4-ad97-d91a-6731-e7b5f38951a6
2026-10-10 06:23:14.614192,94.599,12,1g.11gb,yolo-inference-755b67b9bb-cmfkj,default,yolo,580.178.04,GPU-d59cb1c4-ad97-d91a-6731-e7b5f38951a6
2026-10-10 06:23:14.614192,94.233,13,1g.11gb,yolo-inference-755b67b9bb-7kvtl,default,yolo,580.178.04,GPU-d59cb1c4-ad97-d91a-6731-e7b5f38951a6
2026-10-10 06:23:14.614192,94.56,7,1g.11gb,yolo-inference-755b67b9bb-6w2jk,default,yolo,580.178.04,GPU-d59cb1c4-ad97-d91a-6731-e7b5f38951a6
2026-10-10 06:23:14.614192,94.599,8,1g.11gb,yolo-inference-755b67b9bb-zbflb,default,yolo,580.178.04,GPU-d59cb1c4-ad97-d91a-6731-e7b5f38951a6
2026-10-10 06:23:14.614192,94.491,9,1g.11gb,yolo-inference-755b67b9bb-6z9g8,default,yolo,580.178.04,GPU-d59cb1c4-ad97-d91a-6731-e7b5f38951a6
2026-10-10 06:23:19.610328,94.509,10,1g.11gb,yolo-inference-755b67b9bb-jvw65,default,yolo,580.178.04,GPU-d59cb1c4-ad97-d91a-6731-e7b5f38951a6
2026-10-10 06:23:19.610328,94.329,11,1g.11gb,yolo-inference-755b67b9bb-tpwv7,default,yolo,580.178.04,GPU-d59cb1c4-ad97-d91a-6731-e7b5f38951a6
2026-10-10 06:23:19.610328,94.599,12,1g.11gb,yolo-inference-755b67b9bb-cmfkj,default,yolo,580.178.04,GPU-d59cb1c4-ad97-d91a-6731-e7b5f38951a6
2026-10-10 06:23:19.610328,94.233,13,1g.11gb,yolo-inference-755b67b9bb-7kvtl,default,yolo,580.178.04,GPU-d59cb1c4-ad97-d91a-6731-e7b5f38951a6
2026-10-10 06:23:19.610328,94.56,7,1g.11gb,yolo-inference-755b67b9bb-6w2jk,default,yolo,580.178.04,GPU-d59cb1c4-ad97-d91a-6731-e7b5f38951a6
2026-10-10 06:23:19.610328,94.599,8,1g.11gb,yolo-inference-755b67b9bb-zbflb,default,yolo,580.178.04,GPU-d59cb1c4-ad97-d91a-6731-e7b5f38951a6
2026-10-10 06:23:19.610328,94.491,9,1g.11gb,yolo-inference-755b67b9bb-6z9g8,default,yolo,580.178.04,GPU-d59cb1c4-ad97-d91a-6731-e7b5f38951a6
2026-10-10 06:23:24.610020,94.509,10,1g.11gb,yolo-inference-755b67b9bb-jvw65,default,yolo,580.178.04,GPU-d59cb1c4-ad97-d91a-6731-e7b5f38951a6
2026-10-10 06:23:24.610020,94.329,11,1g.11gb,yolo-inference-755b67b9bb-tpwv7,default,yolo,580.178.04,GPU-d59cb1c4-ad97-d91a-6731-e7b5f38951a6
2026-10-10 06:23:24.610020,94.599,12,1g.11gb,yolo-inference-755b67b9bb-cmfkj,default,yolo,580.178.04,GPU-d59cb1c4-ad97-d91a-6731-e7b5f38951a6
2026-10-10 06:23:24.610020,94.233,13,1g.11gb,yolo-inference-755b67b9bb-7kvtl,default,yolo,580.178.04,GPU-d59cb1c4-ad97-d91a-6731-e7b5f38951a6
2026-10-10 06:23:24.610020,94.56,7,1g.11gb,yolo-inference-755b67b9bb-6w2jk,default,yolo,580.178.04,GPU-d59cb1c4-ad97-d91a-6731-e7b5f38951a6
2026-10-10 06:23:24.610020,94.599,8,1g.11gb,yolo-inference-755b67b9bb-zbflb,default,yolo,580.178.04,GPU-d59cb1c4-ad97-d91a-6731-e7b5f38951a6
2026-10-10 06:23:24.610020,94.491,9,1g.11gb,yolo-inference-755b67b9bb-6z9g8,default,yolo,580.178.04,GPU-d59cb1c4-ad97-d91a-6731-e7b5f38951a6
2026-10-10 06:23:29.614187,94.509,10,1g.11gb,yolo-inference-755b67b9bb-jvw65,default,yolo,580.178.04,GPU-d59cb1c4-ad97-d91a-6731-e7b5f38951a6
2026-10-10 06:23:29.614187,94.329,11,1g.11gb,yolo-inference-755b67b9bb-tpwv7,default,yolo,580.178.04,GPU-d59cb1c4-ad97-d91a-6731-e7b5f38951a6
2026-10-10 06:23:29.614187,94.599,12,1g.11gb,yolo-inference-755b67b9bb-cmfkj,default,yolo,580.178.04,GPU-d59cb1c4-ad97-d91a-6731-e7b5f38951a6
2026-10-10 06:23:29.614187,94.233,13,1g.11gb,yolo-inference-755b67b9bb-7kvtl,default,yolo,580.178.04,GPU-d59cb1c4-ad97-d91a-6731-e7b5f38951a6
2026-10-10 06:23:29.614187,94.56,7,1g.11gb,yolo-inference-755b67b9bb-6w2jk,default,yolo,580.178.04,GPU-d59cb1c4-ad97-d91a-6731-e7b5f38951a6
2026-10-10 06:23:29.614187,94.599,8,1g.11gb,yolo-inference-755b67b9bb-zbflb,default,yolo,580.178.04,GPU-d59cb1c4-ad97-d91a-6731-e7b5f38951a6
2026-10-10 06:23:29.614187,94.491,9,1g.11gb,yolo-inference-755b67b9bb-6z9g8,default,yolo,580.178.04,GPU-d59cb1c4-ad97-d91a-6731-e7b5f38951a6
2026-10-10 06:23:34.614181,94.509,10,1g.11gb,yolo-inference-755b67b9bb-jvw65,default,yolo,580.178.04,GPU-d59cb1c4-ad97-d91a-6731-e7b5f38951a6
2026-10-10 06:23:34.614181,94.329,11,1g.11gb,yolo-inference-755b67b9bb-tpwv7,default,yolo,580.178.04,GPU-d59cb1c4-ad97-d91a-6731-e7b5f38951a6
2026-10-10 06:23:34.614181,94.599,12,1g.11gb,yolo-inference-755b67b9bb-cmfkj,default,yolo,580.178.04,GPU-d59cb1c4-ad97-d91a-6731-e7b5f38951a6
2026-10-10 06:23:34.614181,94.233,13,1g.11gb,yolo-inference-755b67b9bb-7kvtl,default,yolo,580.178.04,GPU-d59cb1c4-ad97-d91a-6731-e7b5f38951a6
2026-10-10 06:23:34.614181,94.56,7,1g.11gb,yolo-inference-755b67b9bb-6w2jk,default,yolo,580.178.04,GPU-d59cb1c4-ad97-d91a-6731-e7b5f38951a6
2026-10-10 06:23:34.614181,94.599,8,1g.11gb,yolo-inference-755b67b9bb-zbflb,default,yolo,580.178.04,GPU-d59cb1c4-ad97-d91a-6731-e7b5f38951a6
2026-10-10 06:23:34.614181,94.491,9,1g.11gb,yolo-inference-755b67b9bb-6z9g8,default,yolo,580.178.04,GPU-d59cb1c4-ad97-d91a-6731-e7b5f38951a6
2026-10-10 06:23:39.610142,94.509,10,1g.11gb,yolo-inference-755b67b9bb-jvw65,default,yolo,580.178.04,GPU-d59cb1c4-ad97-d91a-6731-e7b5f38951a6
2026-10-10 06:23:39.610142,94.329,11,1g.11gb,yolo-inference-755b67b9bb-tpwv7,default,yolo,580.178.04,GPU-d59cb1c4-ad97-d91a-6731-e7b5f38951a6
2026-10-10 06:23:39.610142,94.599,12,1g.11gb,yolo-inference-755b67b9bb-cmfkj,default,yolo,580.178.04,GPU-d59cb1c4-ad97-d91a-6731-e7b5f38951a6
2026-10-10 06:23:39.610142,94.233,13,1g.11gb,yolo-inference-755b67b9bb-7kvtl,default,yolo,580.178.04,GPU-d59cb1c4-ad97-d91a-6731-e7b5f38951a6
2026-10-10 06:23:39.610142,94.56,7,1g.11gb,yolo-inference-755b67b9bb-6w2jk,default,yolo,580.178.04,GPU-d59cb1c4-ad97-d91a-6731-e7b5f38951a6
2026-10-10 06:23:39.610142,94.599,8,1g.11gb,yolo-inference-755b67b9bb-zbflb,default,yolo,580.178.04,GPU-d59cb1c4-ad97-d91a-6731-e7b5f38951a6
2026-10-10 06:23:39.610142,94.491,9,1g.11gb,yolo-inference-755b67b9bb-6z9g8,default,yolo,580.178.04,GPU-d59cb1c4-ad97-d91a-6731-e7b5f38951a6
2026-10-10 06:23:44.614232,93.85,10,1g.11gb,yolo-inference-755b67b9bb-jvw65,default,yolo,580.178.04,GPU-d59cb1c4-ad97-d91a-6731-e7b5f38951a6
2026-10-10 06:23:44.614232,94.982,11,1g.11gb,yolo-inference-755b67b9bb-tpwv7,default,yolo,580.178.04,GPU-d59cb1c4-ad97-d91a-6731-e7b5f38951a6
2026-10-10 06:23:44.614232,94.739,12,1g.11gb,yolo-inference-755b67b9bb-cmfkj,default,yolo,580.178.04,GPU-d59cb1c4-ad97-d91a-6731-e7b5f38951a6
2026-10-10 06:23:44.614232,95.185,13,1g.11gb,yolo-inference-755b67b9bb-7kvtl,default,yolo,580.178.04,GPU-d59cb1c4-ad97-d91a-6731-e7b5f38951a6
2026-10-10 06:23:44.614232,94.529,7,1g.11gb,yolo-inference-755b67b9bb-6w2jk,default,yolo,580.178.04,GPU-d59cb1c4-ad97-d91a-6731-e7b5f38951a6
2026-10-10 06:23:44.614232,94.787,8,1g.11gb,yolo-inference-755b67b9bb-zbflb,default,yolo,580.178.04,GPU-d59cb1c4-ad97-d91a-6731-e7b5f38951a6
2026-10-10 06:23:44.614232,94.982,9,1g.11gb,yolo-inference-755b67b9bb-6z9g8,default,yolo,580.178.04,GPU-d59cb1c4-ad97-d91a-6731-e7b5f38951a6
2026-10-10 06:23:49.612865,93.85,10,1g.11gb,yolo-inference-755b67b9bb-jvw65,default,yolo,580.178.04,GPU-d59cb1c4-ad97-d91a-6731-e7b5f38951a6
2026-10-10 06:23:49.612865,94.982,11,1g.11gb,yolo-inference-755b67b9bb-tpwv7,default,yolo,580.178.04,GPU-d59cb1c4-ad97-d91a-6731-e7b5f38951a6
2026-10-10 06:23:49.612865,94.739,12,1g.11gb,yolo-inference-755b67b9bb-cmfkj,default,yolo,580.178.04,GPU-d59cb1c4-ad97-d91a-6731-e7b5f38951a6
2026-10-10 06:23:49.612865,95.185,13,1g.11gb,yolo-inference-755b67b9bb-7kvtl,default,yolo,580.178.04,GPU-d59cb1c4-ad97-d91a-6731-e7b5f38951a6
2026-10-10 06:23:49.612865,94.529,7,1g.11gb,yolo-inference-755b67b9bb-6w2jk,default,yolo,580.178.04,GPU-d59cb1c4-ad97-d91a-6731-e7b5f38951a6
2026-10-10 06:23:49.612865,94.787,8,1g.11gb,yolo-inference-755b67b9bb-zbflb,default,yolo,580.178.04,GPU-d59cb1c4-ad97-d91a-6731-e7b5f38951a6
2026-10-10 06:23:49.612865,94.982,9,1g.11gb,yolo-inference-755b67b9bb-6z9g8,default,yolo,580.178.04,GPU-d59cb1c4-ad97-d91a-6731-e7b5f38951a6
2026-10-10 06:23:54.609793,93.85,10,1g.11gb,yolo-inference-755b67b9bb-jvw65,default,yolo,580.178.04,GPU-d59cb1c4-ad97-d91a-6731-e7b5f38951a6
2026-10-10 06:23:54.609793,94.982,11,1g.11gb,yolo-inference-755b67b9bb-tpwv7,default,yolo,580.178.04,GPU-d59cb1c4-ad97-d91a-6731-e7b5f38951a6
2026-10-10 06:23:54.609793,94.739,12,1g.11gb,yolo-inference-755b67b9bb-cmfkj,default,yolo,580.178.04,GPU-d59cb1c4-ad97-d91a-6731-e7b5f38951a6
2026-10-10 06:23:54.609793,95.185,13,1g.11gb,yolo-inference-755b67b9bb-7kvtl,default,yolo,580.178.04,GPU-d59cb1c4-ad97-d91a-6731-e7b5f38951a6
2026-10-10 06:23:54.609793,94.529,7,1g.11gb,yolo-inference-755b67b9bb-6w2jk,default,yolo,580.178.04,GPU-d59cb1c4-ad97-d91a-6731-e7b5f38951a6
2026-10-10 06:23:54.609793,94.787,8,1g.11gb,yolo-inference-755b67b9bb-zbflb,default,yolo,580.178.04,GPU-d59cb1c4-ad97-d91a-6731-e7b5f38951a6
2026-10-10 06:23:54.609793,94.982,9,1g.11gb,yolo-inference-755b67b9bb-6z9g8,default,yolo,580.178.04,GPU-d59cb1c4-ad97-d91a-6731-e7b5f38951a6
2026-10-10 06:23:59.613497,93.85,10,1g.11gb,yolo-inference-755b67b9bb-jvw65,default,yolo,580.178.04,GPU-d59cb1c4-ad97-d91a-6731-e7b5f38951a6
2026-10-10 06:23:59.613497,94.982,11,1g.11gb,yolo-inference-755b67b9bb-tpwv7,default,yolo,580.178.04,GPU-d59cb1c4-ad97-d91a-6731-e7b5f38951a6
2026-10-10 06:23:59.613497,94.739,12,1g.11gb,yolo-inference-755b67b9bb-cmfkj,default,yolo,580.178.04,GPU-d59cb1c4-ad97-d91a-6731-e7b5f38951a6
2026-10-10 06:23:59.613497,95.185,13,1g.11gb,yolo-inference-755b67b9bb-7kvtl,default,yolo,580.178.04,GPU-d59cb1c4-ad97-d91a-6731-e7b5f38951a6
2026-10-10 06:23:59.613497,94.529,7,1g.11gb,yolo-inference-755b67b9bb-6w2jk,default,yolo,580.178.04,GPU-d59cb1c4-ad97-d91a-6731-e7b5f38951a6
2026-10-10 06:23:59.613497,94.787,8,1g.11gb,yolo-inference-755b67b9bb-zbflb,default,yolo,580.178.04,GPU-d59cb1c4-ad97-d91a-6731-e7b5f38951a6
2026-10-10 06:23:59.613497,94.982,9,1g.11gb,yolo-inference-755b67b9bb-6z9g8,default,yolo,580.178.04,GPU-d59cb1c4-ad97-d91a-6731-e7b5f38951a6
2026-10-10 06:24:04.610018,93.85,10,1g.11gb,yolo-inference-755b67b9bb-jvw65,default,yolo,580.178.04,GPU-d59cb1c4-ad97-d91a-6731-e7b5f38951a6
2026-10-10 06:24:04.610018,94.982,11,1g.11gb,yolo-inference-755b67b9bb-tpwv7,default,yolo,580.178.04,GPU-d59cb1c4-ad97-d91a-6731-e7b5f38951a6
2026-10-10 06:24:04.610018,94.739,12,1g.11gb,yolo-inference-755b67b9bb-cmfkj,default,yolo,580.178.04,GPU-d59cb1c4-ad97-d91a-6731-e7b5f38951a6
2026-10-10 06:24:04.610018,95.185,13,1g.11gb,yolo-inference-755b67b9bb-7kvtl,default,yolo,580.178.04,GPU-d59cb1c4-ad97-d91a-6731-e7b5f38951a6
2026-10-10 06:24:04.610018,94.529,7,1g.11gb,yolo-inference-755b67b9bb-6w2jk,default,yolo,580.178.04,GPU-d59cb1c4-ad97-d91a-6731-e7b5f38951a6
2026-10-10 06:24:04.610018,94.787,8,1g.11gb,yolo-inference-755b67b9bb-zbflb,default,yolo,580.178.04,GPU-d59cb1c4-ad97-d91a-6731-e7b5f38951a6
2026-10-10 06:24:04.610018,94.982,9,1g.11gb,yolo-inference-755b67b9bb-6z9g8,default,yolo,580.178.04,GPU-d59cb1c4-ad97-d91a-6731-e7b5f38951a6
2026-10-10 06:24:09.613671,93.85,10,1g.11gb,yolo-inference-755b67b9bb-jvw65,default,yolo,580.178.04,GPU-d59cb1c4-ad97-d91a-6731-e7b5f38951a6
2026-10-10 06:24:09.613671,94.982,11,1g.11gb,yolo-inference-755b67b9bb-tpwv7,default,yolo,580.178.04,GPU-d59cb1c4-ad97-d91a-6731-e7b5f38951a6
2026-10-10 06:24:09.613671,94.739,12,1g.11gb,yolo-inference-755b67b9bb-cmfkj,default,yolo,580.178.04,GPU-d59cb1c4-ad97-d91a-6731-e7b5f38951a6
2026-10-10 06:24:09.613671,95.185,13,1g.11gb,yolo-inference-755b67b9bb-7kvtl,default,yolo,580.178.04,GPU-d59cb1c4-ad97-d91a-6731-e7b5f38951a6
2026-10-10 06:24:09.613671,94.529,7,1g.11gb,yolo-inference-755b67b9bb-6w2jk,default,yolo,580.178.04,GPU-d59cb1c4-ad97-d91a-6731-e7b5f38951a6
2026-10-10 06:24:09.613671,94.787,8,1g.11gb,yolo-inference-755b67b9bb-zbflb,default,yolo,580.178.04,GPU-d59cb1c4-ad97-d91a-6731-e7b5f38951a6
2026-10-10 06:24:09.613671,94.982,9,1g.11gb,yolo-inference-755b67b9bb-6z9g8,default,yolo,580.178.04,GPU-d59cb1c4-ad97-d91a-6731-e7b5f38951a6
2026-10-10 06:24:14.611443,94.37,10,1g.11gb,yolo-inference-755b67b9bb-jvw65,default,yolo,580.178.04,GPU-d59cb1c4-ad97-d91a-6731-e7b5f38951a6
2026-10-10 06:24:14.611443,94.668,11,1g.11gb,yolo-inference-755b67b9bb-tpwv7,default,yolo,580.178.04,GPU-d59cb1c4-ad97-d91a-6731-e7b5f38951a6
2026-10-10 06:24:14.611443,94.689,12,1g.11gb,yolo-inference-755b67b9bb-cmfkj,default,yolo,580.178.04,GPU-d59cb1c4-ad97-d91a-6731-e7b5f38951a6
2026-10-10 06:24:14.611443,94.837,13,1g.11gb,yolo-inference-755b67b9bb-7kvtl,default,yolo,580.178.04,GPU-d59cb1c4-ad97-d91a-6731-e7b5f38951a6
2026-10-10 06:24:14.611443,94.529,7,1g.11gb,yolo-inference-755b67b9bb-6w2jk,default,yolo,580.178.04,GPU-d59cb1c4-ad97-d91a-6731-e7b5f38951a6
2026-10-10 06:24:14.611443,94.933,8,1g.11gb,yolo-inference-755b67b9bb-zbflb,default,yolo,580.178.04,GPU-d59cb1c4-ad97-d91a-6731-e7b5f38951a6
2026-10-10 06:24:14.611443,94.668,9,1g.11gb,yolo-inference-755b67b9bb-6z9g8,default,yolo,580.178.04,GPU-d59cb1c4-ad97-d91a-6731-e7b5f38951a6
2026-10-10 06:24:19.614216,94.37,10,1g.11gb,yolo-inference-755b67b9bb-jvw65,default,yolo,580.178.04,GPU-d59cb1c4-ad97-d91a-6731-e7b5f38951a6
2026-10-10 06:24:19.614216,94.668,11,1g.11gb,yolo-inference-755b67b9bb-tpwv7,default,yolo,580.178.04,GPU-d59cb1c4-ad97-d91a-6731-e7b5f38951a6
2026-10-10 06:24:19.614216,94.689,12,1g.11gb,yolo-inference-755b67b9bb-cmfkj,default,yolo,580.178.04,GPU-d59cb1c4-ad97-d91a-6731-e7b5f38951a6
2026-10-10 06:24:19.614216,94.837,13,1g.11gb,yolo-inference-755b67b9bb-7kvtl,default,yolo,580.178.04,GPU-d59cb1c4-ad97-d91a-6731-e7b5f38951a6
2026-10-10 06:24:19.614216,94.529,7,1g.11gb,yolo-inference-755b67b9bb-6w2jk,default,yolo,580.178.04,GPU-d59cb1c4-ad97-d91a-6731-e7b5f38951a6
2026-10-10 06:24:19.614216,94.933,8,1g.11gb,yolo-inference-755b67b9bb-zbflb,default,yolo,580.178.04,GPU-d59cb1c4-ad97-d91a-6731-e7b5f38951a6
2026-10-10 06:24:19.614216,94.668,9,1g.11gb,yolo-inference-755b67b9bb-6z9g8,default,yolo,580.178.04,GPU-d59cb1c4-ad97-d91a-6731-e7b5f38951a6
2026-10-10 06:24:24.614221,94.37,10,1g.11gb,yolo-inference-755b67b9bb-jvw65,default,yolo,580.178.04,GPU-d59cb1c4-ad97-d91a-6731-e7b5f38951a6
2026-10-10 06:24:24.614221,94.668,11,1g.11gb,yolo-inference-755b67b9bb-tpwv7,default,yolo,580.178.04,GPU-d59cb1c4-ad97-d91a-6731-e7b5f38951a6
2026-10-10 06:24:24.614221,94.689,12,1g.11gb,yolo-inference-755b67b9bb-cmfkj,default,yolo,580.178.04,GPU-d59cb1c4-ad97-d91a-6731-e7b5f38951a6
2026-10-10 06:24:24.614221,94.837,13,1g.11gb,yolo-inference-755b67b9bb-7kvtl,default,yolo,580.178.04,GPU-d59cb1c4-ad97-d91a-6731-e7b5f38951a6
2026-10-10 06:24:24.614221,94.529,7,1g.11gb,yolo-inference-755b67b9bb-6w2jk,default,yolo,580.178.04,GPU-d59cb1c4-ad97-d91a-6731-e7b5f38951a6
2026-10-10 06:24:24.614221,94.933,8,1g.11gb,yolo-inference-755b67b9bb-zbflb,default,yolo,580.178.04,GPU-d59cb1c4-ad97-d91a-6731-e7b5f38951a6
2026-10-10 06:24:24.614221,94.668,9,1g.11gb,yolo-inference-755b67b9bb-6z9g8,default,yolo,580.178.04,GPU-d59cb1c4-ad97-d91a-6731-e7b5f38951a6
2026-10-10 06:24:29.611260,94.37,10,1g.11gb,yolo-inference-755b67b9bb-jvw65,default,yolo,580.178.04,GPU-d59cb1c4-ad97-d91a-6731-e7b5f38951a6
2026-10-10 06:24:29.611260,94.668,11,1g.11gb,yolo-inference-755b67b9bb-tpwv7,default,yolo,580.178.04,GPU-d59cb1c4-ad97-d91a-6731-e7b5f38951a6
2026-10-10 06:24:29.611260,94.689,12,1g.11gb,yolo-inference-755b67b9bb-cmfkj,default,yolo,580.178.04,GPU-d59cb1c4-ad97-d91a-6731-e7b5f38951a6
2026-10-10 06:24:29.611260,94.837,13,1g.11gb,yolo-inference-755b67b9bb-7kvtl,default,yolo,580.178.04,GPU-d59cb1c4-ad97-d91a-6731-e7b5f38951a6
2026-10-10 06:24:29.611260,94.529,7,1g.11gb,yolo-inference-755b67b9bb-6w2jk,default,yolo,580.178.04,GPU-d59cb1c4-ad97-d91a-6731-e7b5f38951a6
2026-10-10 06:24:29.611260,94.933,8,1g.11gb,yolo-inference-755b67b9bb-zbflb,default,yolo,580.178.04,GPU-d59cb1c4-ad97-d91a-6731-e7b5f38951a6
2026-10-10 06:24:29.611260,94.668,9,1g.11gb,yolo-inference-755b67b9bb-6z9g8,default,yolo,580.178.04,GPU-d59cb1c4-ad97-d91a-6731-e7b5f38951a6
2026-10-10 06:24:34.614192,94.37,10,1g.11gb,yolo-inference-755b67b9bb-jvw65,default,yolo,580.178.04,GPU-d59cb1c4-ad97-d91a-6731-e7b5f38951a6
2026-10-10 06:24:34.614192,94.668,11,1g.11gb,yolo-inference-755b67b9bb-tpwv7,default,yolo,580.178.04,GPU-d59cb1c4-ad97-d91a-6731-e7b5f38951a6
2026-10-10 06:24:34.614192,94.689,12,1g.11gb,yolo-inference-755b67b9bb-cmfkj,default,yolo,580.178.04,GPU-d59cb1c4-ad97-d91a-6731-e7b5f38951a6
2026-10-10 06:24:34.614192,94.837,13,1g.11gb,yolo-inference-755b67b9bb-7kvtl,default,yolo,580.178.04,GPU-d59cb1c4-ad97-d91a-6731-e7b5f38951a6
2026-10-10 06:24:34.614192,94.529,7,1g.11gb,yolo-inference-755b67b9bb-6w2jk,default,yolo,580.178.04,GPU-d59cb1c4-ad97-d91a-6731-e7b5f38951a6
2026-10-10 06:24:34.614192,94.933,8,1g.11gb,yolo-inference-755b67b9bb-zbflb,default,yolo,580.178.04,GPU-d59cb1c4-ad97-d91a-6731-e7b5f38951a6
2026-10-10 06:24:34.614192,94.668,9,1g.11gb,yolo-inference-755b67b9bb-6z9g8,default,yolo,580.178.04,GPU-d59cb1c4-ad97-d91a-6731-e7b5f38951a6
2026-10-10 06:24:39.613663,94.37,10,1g.11gb,yolo-inference-755b67b9bb-jvw65,default,yolo,580.178.04,GPU-d59cb1c4-ad97-d91a-6731-e7b5f38951a6
2026-10-10 06:24:39.613663,94.668,11,1g.11gb,yolo-inference-755b67b9bb-tpwv7,default,yolo,580.178.04,GPU-d59cb1c4-ad97-d91a-6731-e7b5f38951a6
2026-10-10 06:24:39.613663,94.689,12,1g.11gb,yolo-inference-755b67b9bb-cmfkj,default,yolo,580.178.04,GPU-d59cb1c4-ad97-d91a-6731-e7b5f38951a6
2026-10-10 06:24:39.613663,94.837,13,1g.11gb,yolo-inference-755b67b9bb-7kvtl,default,yolo,580.178.04,GPU-d59cb1c4-ad97-d91a-6731-e7b5f38951a6
2026-10-10 06:24:39.613663,94.529,7,1g.11gb,yolo-inference-755b67b9bb-6w2jk,default,yolo,580.178.04,GPU-d59cb1c4-ad97-d91a-6731-e7b5f38951a6
2026-10-10 06:24:39.613663,94.933,8,1g.11gb,yolo-inference-755b67b9bb-zbflb,default,yolo,580.178.04,GPU-d59cb1c4-ad97-d91a-6731-e7b5f38951a6
2026-10-10 06:24:39.613663,94.668,9,1g.11gb,yolo-inference-755b67b9bb-6z9g8,default,yolo,580.178.04,GPU-d59cb1c4-ad97-d91a-6731-e7b5f38951a6
2026-10-10 06:24:44.610070,94.411,10,1g.11gb,yolo-inference-755b67b9bb-jvw65,default,yolo,580.178.04,GPU-d59cb1c4-ad97-d91a-6731-e7b5f38951a6
2026-10-10 06:24:44.610070,94.426,11,1g.11gb,yolo-inference-755b67b9bb-tpwv7,default,yolo,580.178.04,GPU-d59cb1c4-ad97-d91a-6731-e7b5f38951a6
2026-10-10 06:24:44.610070,94.249,12,1g.11gb,yolo-inference-755b67b9bb-cmfkj,default,yolo,580.178.04,GPU-d59cb1c4-ad97-d91a-6731-e7b5f38951a6
2026-10-10 06:24:44.610070,94.601,13,1g.11gb,yolo-inference-755b67b9bb-7kvtl,default,yolo,580.178.04,GPU-d59cb1c4-ad97-d91a-6731-e7b5f38951a6
2026-10-10 06:24:44.610070,94.258,7,1g.11gb,yolo-inference-755b67b9bb-6w2jk,default,yolo,580.178.04,GPU-d59cb1c4-ad97-d91a-6731-e7b5f38951a6
2026-10-10 06:24:44.610070,94.249,8,1g.11gb,yolo-inference-755b67b9bb-zbflb,default,yolo,580.178.04,GPU-d59cb1c4-ad97-d91a-6731-e7b5f38951a6
2026-10-10 06:24:44.610070,94.426,9,1g.11gb,yolo-inference-755b67b9bb-6z9g8,default,yolo,580.178.04,GPU-d59cb1c4-ad97-d91a-6731-e7b5f38951a6
2026-10-10 06:24:49.614189,94.411,10,1g.11gb,yolo-inference-755b67b9bb-jvw65,default,yolo,580.178.04,GPU-d59cb1c4-ad97-d91a-6731-e7b5f38951a6
2026-10-10 06:24:49.614189,94.426,11,1g.11gb,yolo-inference-755b67b9bb-tpwv7,default,yolo,580.178.04,GPU-d59cb1c4-ad97-d91a-6731-e7b5f38951a6
2026-10-10 06:24:49.614189,94.249,12,1g.11gb,yolo-inference-755b67b9bb-cmfkj,default,yolo,580.178.04,GPU-d59cb1c4-ad97-d91a-6731-e7b5f38951a6
2026-10-10 06:24:49.614189,94.601,13,1g.11gb,yolo-inference-755b67b9bb-7kvtl,default,yolo,580.178.04,GPU-d59cb1c4-ad97-d91a-6731-e7b5f38951a6
2026-10-10 06:24:49.614189,94.258,7,1g.11gb,yolo-inference-755b67b9bb-6w2jk,default,yolo,580.178.04,GPU-d59cb1c4-ad97-d91a-6731-e7b5f38951a6
2026-10-10 06:24:49.614189,94.249,8,1g.11gb,yolo-inference-755b67b9bb-zbflb,default,yolo,580.178.04,GPU-d59cb1c4-ad97-d91a-6731-e7b5f38951a6
2026-10-10 06:24:49.614189,94.426,9,1g.11gb,yolo-inference-755b67b9bb-6z9g8,default,yolo,580.178.04,GPU-d59cb1c4-ad97-d91a-6731-e7b5f38951a6
2026-10-10 06:24:54.613681,94.411,10,1g.11gb,yolo-inference-755b67b9bb-jvw65,default,yolo,580.178.04,GPU-d59cb1c4-ad97-d91a-6731-e7b5f38951a6
2026-10-10 06:24:54.613681,94.426,11,1g.11gb,yolo-inference-755b67b9bb-tpwv7,default,yolo,580.178.04,GPU-d59cb1c4-ad97-d91a-6731-e7b5f38951a6
2026-10-10 06:24:54.613681,94.249,12,1g.11gb,yolo-inference-755b67b9bb-cmfkj,default,yolo,580.178.04,GPU-d59cb1c4-ad97-d91a-6731-e7b5f38951a6
2026-10-10 06:24:54.613681,94.601,13,1g.11gb,yolo-inference-755b67b9bb-7kvtl,default,yolo,580.178.04,GPU-d59cb1c4-ad97-d91a-6731-e7b5f38951a6
2026-10-10 06:24:54.613681,94.258,7,1g.11gb,yolo-inference-755b67b9bb-6w2jk,default,yolo,580.178.04,GPU-d59cb1c4-ad97-d91a-6731-e7b5f38951a6
2026-10-10 06:24:54.613681,94.249,8,1g.11gb,yolo-inference-755b67b9bb-zbflb,default,yolo,580.178.04,GPU-d59cb1c4-ad97-d91a-6731-e7b5f38951a6
2026-10-10 06:24:54.613681,94.426,9,1g.11gb,yolo-inference-755b67b9bb-6z9g8,default,yolo,580.178.04,GPU-d59cb1c4-ad97-d91a-6731-e7b5f38951a6
2026-10-10 06:24:59.614152,94.411,10,1g.11gb,yolo-inference-755b67b9bb-jvw65,default,yolo,580.178.04,GPU-d59cb1c4-ad97-d91a-6731-e7b5f38951a6
2026-10-10 06:24:59.614152,94.426,11,1g.11gb,yolo-inference-755b67b9bb-tpwv7,default,yolo,580.178.04,GPU-d59cb1c4-ad97-d91a-6731-e7b5f38951a6
2026-10-10 06:24:59.614152,94.249,12,1g.11gb,yolo-inference-755b67b9bb-cmfkj,default,yolo,580.178.04,GPU-d59cb1c4-ad97-d91a-6731-e7b5f38951a6
2026-10-10 06:24:59.614152,94.601,13,1g.11gb,yolo-inference-755b67b9bb-7kvtl,default,yolo,580.178.04,GPU-d59cb1c4-ad97-d91a-6731-e7b5f38951a6
2026-10-10 06:24:59.614152,94.258,7,1g.11gb,yolo-inference-755b67b9bb-6w2jk,default,yolo,580.178.04,GPU-d59cb1c4-ad97-d91a-6731-e7b5f38951a6
2026-10-10 06:24:59.614152,94.249,8,1g.11gb,yolo-inference-755b67b9bb-zbflb,default,yolo,580.178.04,GPU-d59cb1c4-ad97-d91a-6731-e7b5f38951a6
2026-10-10 06:24:59.614152,94.426,9,1g.11gb,yolo-inference-755b67b9bb-6z9g8,default,yolo,580.178.04,GPU-d59cb1c4-ad97-d91a-6731-e7b5f38951a6
2026-10-10 06:25:04.614113,94.411,10,1g.11gb,yolo-inference-755b67b9bb-jvw65,default,yolo,580.178.04,GPU-d59cb1c4-ad97-d91a-6731-e7b5f38951a6
2026-10-10 06:25:04.614113,94.426,11,1g.11gb,yolo-inference-755b67b9bb-tpwv7,default,yolo,580.178.04,GPU-d59cb1c4-ad97-d91a-6731-e7b5f38951a6
2026-10-10 06:25:04.614113,94.249,12,1g.11gb,yolo-inference-755b67b9bb-cmfkj,default,yolo,580.178.04,GPU-d59cb1c4-ad97-d91a-6731-e7b5f38951a6
2026-10-10 06:25:04.614113,94.601,13,1g.11gb,yolo-inference-755b67b9bb-7kvtl,default,yolo,580.178.04,GPU-d59cb1c4-ad97-d91a-6731-e7b5f38951a6
2026-10-10 06:25:04.614113,94.258,7,1g.11gb,yolo-inference-755b67b9bb-6w2jk,default,yolo,580.178.04,GPU-d59cb1c4-ad97-d91a-6731-e7b5f38951a6
2026-10-10 06:25:04.614113,94.249,8,1g.11gb,yolo-inference-755b67b9bb-zbflb,default,yolo,580.178.04,GPU-d59cb1c4-ad97-d91a-6731-e7b5f38951a6
2026-10-10 06:25:04.614113,94.426,9,1g.11gb,yolo-inference-755b67b9bb-6z9g8,default,yolo,580.178.04,GPU-d59cb1c4-ad97-d91a-6731-e7b5f38951a6
2026-10-10 06:25:09.614213,94.411,10,1g.11gb,yolo-inference-755b67b9bb-jvw65,default,yolo,580.178.04,GPU-d59cb1c4-ad97-d91a-6731-e7b5f38951a6
2026-10-10 06:25:09.614213,94.426,11,1g.11gb,yolo-inference-755b67b9bb-tpwv7,default,yolo,580.178.04,GPU-d59cb1c4-ad97-d91a-6731-e7b5f38951a6
2026-10-10 06:25:09.614213,94.249,12,1g.11gb,yolo-inference-755b67b9bb-cmfkj,default,yolo,580.178.04,GPU-d59cb1c4-ad97-d91a-6731-e7b5f38951a6
2026-10-10 06:25:09.614213,94.601,13,1g.11gb,yolo-inference-755b67b9bb-7kvtl,default,yolo,580.178.04,GPU-d59cb1c4-ad97-d91a-6731-e7b5f38951a6
2026-10-10 06:25:09.614213,94.258,7,1g.11gb,yolo-inference-755b67b9bb-6w2jk,default,yolo,580.178.04,GPU-d59cb1c4-ad97-d91a-6731-e7b5f38951a6
2026-10-10 06:25:09.614213,94.249,8,1g.11gb,yolo-inference-755b67b9bb-zbflb,default,yolo,580.178.04,GPU-d59cb1c4-ad97-d91a-6731-e7b5f38951a6
2026-10-10 06:25:09.614213,94.426,9,1g.11gb,yolo-inference-755b67b9bb-6z9g8,default,yolo,580.178.04,GPU-d59cb1c4-ad97-d91a-6731-e7b5f38951a6
2026-10-10 06:25:14.614179,93.946,10,1g.11gb,yolo-inference-755b67b9bb-jvw65,default,yolo,580.178.04,GPU-d59cb1c4-ad97-d91a-6731-e7b5f38951a6
2026-10-10 06:25:14.614179,94.186,11,1g.11gb,yolo-inference-755b67b9bb-tpwv7,default,yolo,580.178.04,GPU-d59cb1c4-ad97-d91a-6731-e7b5f38951a6
2026-10-10 06:25:14.614179,93.74,12,1g.11gb,yolo-inference-755b67b9bb-cmfkj,default,yolo,580.178.04,GPU-d59cb1c4-ad97-d91a-6731-e7b5f38951a6
2026-10-10 06:25:14.614179,94.241,13,1g.11gb,yolo-inference-755b67b9bb-7kvtl,default,yolo,580.178.04,GPU-d59cb1c4-ad97-d91a-6731-e7b5f38951a6
2026-10-10 06:25:14.614179,93.688,7,1g.11gb,yolo-inference-755b67b9bb-6w2jk,default,yolo,580.178.04,GPU-d59cb1c4-ad97-d91a-6731-e7b5f38951a6
2026-10-10 06:25:14.614179,93.74,8,1g.11gb,yolo-inference-755b67b9bb-zbflb,default,yolo,580.178.04,GPU-d59cb1c4-ad97-d91a-6731-e7b5f38951a6
2026-10-10 06:25:14.614179,94.186,9,1g.11gb,yolo-inference-755b67b9bb-6z9g8,default,yolo,580.178.04,GPU-d59cb1c4-ad97-d91a-6731-e7b5f38951a6
2026-10-10 06:25:19.614179,93.946,10,1g.11gb,yolo-inference-755b67b9bb-jvw65,default,yolo,580.178.04,GPU-d59cb1c4-ad97-d91a-6731-e7b5f38951a6
2026-10-10 06:25:19.614179,94.186,11,1g.11gb,yolo-inference-755b67b9bb-tpwv7,default,yolo,580.178.04,GPU-d59cb1c4-ad97-d91a-6731-e7b5f38951a6
2026-10-10 06:25:19.614179,93.74,12,1g.11gb,yolo-inference-755b67b9bb-cmfkj,default,yolo,580.178.04,GPU-d59cb1c4-ad97-d91a-6731-e7b5f38951a6
2026-10-10 06:25:19.614179,94.241,13,1g.11gb,yolo-inference-755b67b9bb-7kvtl,default,yolo,580.178.04,GPU-d59cb1c4-ad97-d91a-6731-e7b5f38951a6
2026-10-10 06:25:19.614179,93.688,7,1g.11gb,yolo-inference-755b67b9bb-6w2jk,default,yolo,580.178.04,GPU-d59cb1c4-ad97-d91a-6731-e7b5f38951a6
2026-10-10 06:25:19.614179,93.74,8,1g.11gb,yolo-inference-755b67b9bb-zbflb,default,yolo,580.178.04,GPU-d59cb1c4-ad97-d91a-6731-e7b5f38951a6
2026-10-10 06:25:19.614179,94.186,9,1g.11gb,yolo-inference-755b67b9bb-6z9g8,default,yolo,580.178.04,GPU-d59cb1c4-ad97-d91a-6731-e7b5f38951a6
2026-10-10 06:25:24.614182,93.946,10,1g.11gb,yolo-inference-755b67b9bb-jvw65,default,yolo,580.178.04,GPU-d59cb1c4-ad97-d91a-6731-e7b5f38951a6
2026-10-10 06:25:24.614182,94.186,11,1g.11gb,yolo-inference-755b67b9bb-tpwv7,default,yolo,580.178.04,GPU-d59cb1c4-ad97-d91a-6731-e7b5f38951a6
2026-10-10 06:25:24.614182,93.74,12,1g.11gb,yolo-inference-755b67b9bb-cmfkj,default,yolo,580.178.04,GPU-d59cb1c4-ad97-d91a-6731-e7b5f38951a6
2026-10-10 06:25:24.614182,94.241,13,1g.11gb,yolo-inference-755b67b9bb-7kvtl,default,yolo,580.178.04,GPU-d59cb1c4-ad97-d91a-6731-e7b5f38951a6
2026-10-10 06:25:24.614182,93.688,7,1g.11gb,yolo-inference-755b67b9bb-6w2jk,default,yolo,580.178.04,GPU-d59cb1c4-ad97-d91a-6731-e7b5f38951a6
2026-10-10 06:25:24.614182,93.74,8,1g.11gb,yolo-inference-755b67b9bb-zbflb,default,yolo,580.178.04,GPU-d59cb1c4-ad97-d91a-6731-e7b5f38951a6
2026-10-10 06:25:24.614182,94.186,9,1g.11gb,yolo-inference-755b67b9bb-6z9g8,default,yolo,580.178.04,GPU-d59cb1c4-ad97-d91a-6731-e7b5f38951a6
2026-10-10 06:25:29.614222,93.946,10,1g.11gb,yolo-inference-755b67b9bb-jvw65,default,yolo,580.178.04,GPU-d59cb1c4-ad97-d91a-6731-e7b5f38951a6
2026-10-10 06:25:29.614222,94.186,11,1g.11gb,yolo-inference-755b67b9bb-tpwv7,default,yolo,580.178.04,GPU-d59cb1c4-ad97-d91a-6731-e7b5f38951a6
2026-10-10 06:25:29.614222,93.74,12,1g.11gb,yolo-inference-755b67b9bb-cmfkj,default,yolo,580.178.04,GPU-d59cb1c4-ad97-d91a-6731-e7b5f38951a6
2026-10-10 06:25:29.614222,94.241,13,1g.11gb,yolo-inference-755b67b9bb-7kvtl,default,yolo,580.178.04,GPU-d59cb1c4-ad97-d91a-6731-e7b5f38951a6
2026-10-10 06:25:29.614222,93.688,7,1g.11gb,yolo-inference-755b67b9bb-6w2jk,default,yolo,580.178.04,GPU-d59cb1c4-ad97-d91a-6731-e7b5f38951a6
2026-10-10 06:25:29.614222,93.74,8,1g.11gb,yolo-inference-755b67b9bb-zbflb,default,yolo,580.178.04,GPU-d59cb1c4-ad97-d91a-6731-e7b5f38951a6
2026-10-10 06:25:29.614222,94.186,9,1g.11gb,yolo-inference-755b67b9bb-6z9g8,default,yolo,580.178.04,GPU-d59cb1c4-ad97-d91a-6731-e7b5f38951a6
2026-10-10 06:25:34.609850,93.946,10,1g.11gb,yolo-inference-755b67b9bb-jvw65,default,yolo,580.178.04,GPU-d59cb1c4-ad97-d91a-6731-e7b5f38951a6
2026-10-10 06:25:34.609850,94.186,11,1g.11gb,yolo-inference-755b67b9bb-tpwv7,default,yolo,580.178.04,GPU-d59cb1c4-ad97-d91a-6731-e7b5f38951a6
2026-10-10 06:25:34.609850,93.74,12,1g.11gb,yolo-inference-755b67b9bb-cmfkj,default,yolo,580.178.04,GPU-d59cb1c4-ad97-d91a-6731-e7b5f38951a6
2026-10-10 06:25:34.609850,94.241,13,1g.11gb,yolo-inference-755b67b9bb-7kvtl,default,yolo,580.178.04,GPU-d59cb1c4-ad97-d91a-6731-e7b5f38951a6
2026-10-10 06:25:34.609850,93.688,7,1g.11gb,yolo-inference-755b67b9bb-6w2jk,default,yolo,580.178.04,GPU-d59cb1c4-ad97-d91a-6731-e7b5f38951a6
2026-10-10 06:25:34.609850,93.74,8,1g.11gb,yolo-inference-755b67b9bb-zbflb,default,yolo,580.178.04,GPU-d59cb1c4-ad97-d91a-6731-e7b5f38951a6
2026-10-10 06:25:34.609850,94.186,9,1g.11gb,yolo-inference-755b67b9bb-6z9g8,default,yolo,580.178.04,GPU-d59cb1c4-ad97-d91a-6731-e7b5f38951a6
2026-10-10 06:25:39.609859,93.946,10,1g.11gb,yolo-inference-755b67b9bb-jvw65,default,yolo,580.178.04,GPU-d59cb1c4-ad97-d91a-6731-e7b5f38951a6
2026-10-10 06:25:39.609859,94.186,11,1g.11gb,yolo-inference-755b67b9bb-tpwv7,default,yolo,580.178.04,GPU-d59cb1c4-ad97-d91a-6731-e7b5f38951a6
2026-10-10 06:25:39.609859,93.74,12,1g.11gb,yolo-inference-755b67b9bb-cmfkj,default,yolo,580.178.04,GPU-d59cb1c4-ad97-d91a-6731-e7b5f38951a6
2026-10-10 06:25:39.609859,94.241,13,1g.11gb,yolo-inference-755b67b9bb-7kvtl,default,yolo,580.178.04,GPU-d59cb1c4-ad97-d91a-6731-e7b5f38951a6
2026-10-10 06:25:39.609859,93.688,7,1g.11gb,yolo-inference-755b67b9bb-6w2jk,default,yolo,580.178.04,GPU-d59cb1c4-ad97-d91a-6731-e7b5f38951a6
2026-10-10 06:25:39.609859,93.74,8,1g.11gb,yolo-inference-755b67b9bb-zbflb,default,yolo,580.178.04,GPU-d59cb1c4-ad97-d91a-6731-e7b5f38951a6
2026-10-10 06:25:39.609859,94.186,9,1g.11gb,yolo-inference-755b67b9bb-6z9g8,default,yolo,580.178.04,GPU-d59cb1c4-ad97-d91a-6731-e7b5f38951a6
2026-10-10 06:25:44.612099,94.064,10,1g.11gb,yolo-inference-755b67b9bb-jvw65,default,yolo,580.178.04,GPU-d59cb1c4-ad97-d91a-6731-e7b5f38951a6
2026-10-10 06:25:44.612099,93.853,11,1g.11gb,yolo-inference-755b67b9bb-tpwv7,default,yolo,580.178.04,GPU-d59cb1c4-ad97-d91a-6731-e7b5f38951a6
2026-10-10 06:25:44.612099,93.681,12,1g.11gb,yolo-inference-755b67b9bb-cmfkj,default,yolo,580.178.04,GPU-d59cb1c4-ad97-d91a-6731-e7b5f38951a6
2026-10-10 06:25:44.612099,93.814,13,1g.11gb,yolo-inference-755b67b9bb-7kvtl,default,yolo,580.178.04,GPU-d59cb1c4-ad97-d91a-6731-e7b5f38951a6
2026-10-10 06:25:44.612099,93.89,7,1g.11gb,yolo-inference-755b67b9bb-6w2jk,default,yolo,580.178.04,GPU-d59cb1c4-ad97-d91a-6731-e7b5f38951a6
2026-10-10 06:25:44.612099,93.681,8,1g.11gb,yolo-inference-755b67b9bb-zbflb,default,yolo,580.178.04,GPU-d59cb1c4-ad97-d91a-6731-e7b5f38951a6
2026-10-10 06:25:44.612099,93.853,9,1g.11gb,yolo-inference-755b67b9bb-6z9g8,default,yolo,580.178.04,GPU-d59cb1c4-ad97-d91a-6731-e7b5f38951a6
2026-10-10 06:25:49.614214,94.064,10,1g.11gb,yolo-inference-755b67b9bb-jvw65,default,yolo,580.178.04,GPU-d59cb1c4-ad97-d91a-6731-e7b5f38951a6
2026-10-10 06:25:49.614214,93.853,11,1g.11gb,yolo-inference-755b67b9bb-tpwv7,default,yolo,580.178.04,GPU-d59cb1c4-ad97-d91a-6731-e7b5f38951a6
2026-10-10 06:25:49.614214,93.681,12,1g.11gb,yolo-inference-755b67b9bb-cmfkj,default,yolo,580.178.04,GPU-d59cb1c4-ad97-d91a-6731-e7b5f38951a6
2026-10-10 06:25:49.614214,93.814,13,1g.11gb,yolo-inference-755b67b9bb-7kvtl,default,yolo,580.178.04,GPU-d59cb1c4-ad97-d91a-6731-e7b5f38951a6
2026-10-10 06:25:49.614214,93.89,7,1g.11gb,yolo-inference-755b67b9bb-6w2jk,default,yolo,580.178.04,GPU-d59cb1c4-ad97-d91a-6731-e7b5f38951a6
2026-10-10 06:25:49.614214,93.681,8,1g.11gb,yolo-inference-755b67b9bb-zbflb,default,yolo,580.178.04,GPU-d59cb1c4-ad97-d91a-6731-e7b5f38951a6
2026-10-10 06:25:49.614214,93.853,9,1g.11gb,yolo-inference-755b67b9bb-6z9g8,default,yolo,580.178.04,GPU-d59cb1c4-ad97-d91a-6731-e7b5f38951a6
2026-10-10 06:25:54.610280,94.064,10,1g.11gb,yolo-inference-755b67b9bb-jvw65,default,yolo,580.178.04,GPU-d59cb1c4-ad97-d91a-6731-e7b5f38951a6
2026-10-10 06:25:54.610280,93.853,11,1g.11gb,yolo-inference-755b67b9bb-tpwv7,default,yolo,580.178.04,GPU-d59cb1c4-ad97-d91a-6731-e7b5f38951a6
2026-10-10 06:25:54.610280,93.681,12,1g.11gb,yolo-inference-755b67b9bb-cmfkj,default,yolo,580.178.04,GPU-d59cb1c4-ad97-d91a-6731-e7b5f38951a6
2026-10-10 06:25:54.610280,93.814,13,1g.11gb,yolo-inference-755b67b9bb-7kvtl,default,yolo,580.178.04,GPU-d59cb1c4-ad97-d91a-6731-e7b5f38951a6
2026-10-10 06:25:54.610280,93.89,7,1g.11gb,yolo-inference-755b67b9bb-6w2jk,default,yolo,580.178.04,GPU-d59cb1c4-ad97-d91a-6731-e7b5f38951a6
2026-10-10 06:25:54.610280,93.681,8,1g.11gb,yolo-inference-755b67b9bb-zbflb,default,yolo,580.178.04,GPU-d59cb1c4-ad97-d91a-6731-e7b5f38951a6
2026-10-10 06:25:54.610280,93.853,9,1g.11gb,yolo-inference-755b67b9bb-6z9g8,default,yolo,580.178.04,GPU-d59cb1c4-ad97-d91a-6731-e7b5f38951a6
2026-10-10 06:25:59.613183,94.064,10,1g.11gb,yolo-inference-755b67b9bb-jvw65,default,yolo,580.178.04,GPU-d59cb1c4-ad97-d91a-6731-e7b5f38951a6
2026-10-10 06:25:59.613183,93.853,11,1g.11gb,yolo-inference-755b67b9bb-tpwv7,default,yolo,580.178.04,GPU-d59cb1c4-ad97-d91a-6731-e7b5f38951a6
2026-10-10 06:25:59.613183,93.681,12,1g.11gb,yolo-inference-755b67b9bb-cmfkj,default,yolo,580.178.04,GPU-d59cb1c4-ad97-d91a-6731-e7b5f38951a6
2026-10-10 06:25:59.613183,93.814,13,1g.11gb,yolo-inference-755b67b9bb-7kvtl,default,yolo,580.178.04,GPU-d59cb1c4-ad97-d91a-6731-e7b5f38951a6
2026-10-10 06:25:59.613183,93.89,7,1g.11gb,yolo-inference-755b67b9bb-6w2jk,default,yolo,580.178.04,GPU-d59cb1c4-ad97-d91a-6731-e7b5f38951a6
2026-10-10 06:25:59.613183,93.681,8,1g.11gb,yolo-inference-755b67b9bb-zbflb,default,yolo,580.178.04,GPU-d59cb1c4-ad97-d91a-6731-e7b5f38951a6
2026-10-10 06:25:59.613183,93.853,9,1g.11gb,yolo-inference-755b67b9bb-6z9g8,default,yolo,580.178.04,GPU-d59cb1c4-ad97-d91a-6731-e7b5f38951a6
2026-10-10 06:26:04.611800,94.064,10,1g.11gb,yolo-inference-755b67b9bb-jvw65,default,yolo,580.178.04,GPU-d59cb1c4-ad97-d91a-6731-e7b5f38951a6
2026-10-10 06:26:04.611800,93.853,11,1g.11gb,yolo-inference-755b67b9bb-tpwv7,default,yolo,580.178.04,GPU-d59cb1c4-ad97-d91a-6731-e7b5f38951a6
2026-10-10 06:26:04.611800,93.681,12,1g.11gb,yolo-inference-755b67b9bb-cmfkj,default,yolo,580.178.04,GPU-d59cb1c4-ad97-d91a-6731-e7b5f38951a6
2026-10-10 06:26:04.611800,93.814,13,1g.11gb,yolo-inference-755b67b9bb-7kvtl,default,yolo,580.178.04,GPU-d59cb1c4-ad97-d91a-6731-e7b5f38951a6
2026-10-10 06:26:04.611800,93.89,7,1g.11gb,yolo-inference-755b67b9bb-6w2jk,default,yolo,580.178.04,GPU-d59cb1c4-ad97-d91a-6731-e7b5f38951a6
2026-10-10 06:26:04.611800,93.681,8,1g.11gb,yolo-inference-755b67b9bb-zbflb,default,yolo,580.178.04,GPU-d59cb1c4-ad97-d91a-6731-e7b5f38951a6
2026-10-10 06:26:04.611800,93.853,9,1g.11gb,yolo-inference-755b67b9bb-6z9g8,default,yolo,580.178.04,GPU-d59cb1c4-ad97-d91a-6731-e7b5f38951a6
2026-10-10 06:26:09.614179,94.064,10,1g.11gb,yolo-inference-755b67b9bb-jvw65,default,yolo,580.178.04,GPU-d59cb1c4-ad97-d91a-6731-e7b5f38951a6
2026-10-10 06:26:09.614179,93.853,11,1g.11gb,yolo-inference-755b67b9bb-tpwv7,default,yolo,580.178.04,GPU-d59cb1c4-ad97-d91a-6731-e7b5f38951a6
2026-10-10 06:26:09.614179,93.681,12,1g.11gb,yolo-inference-755b67b9bb-cmfkj,default,yolo,580.178.04,GPU-d59cb1c4-ad97-d91a-6731-e7b5f38951a6
2026-10-10 06:26:09.614179,93.814,13,1g.11gb,yolo-inference-755b67b9bb-7kvtl,default,yolo,580.178.04,GPU-d59cb1c4-ad97-d91a-6731-e7b5f38951a6
2026-10-10 06:26:09.614179,93.89,7,1g.11gb,yolo-inference-755b67b9bb-6w2jk,default,yolo,580.178.04,GPU-d59cb1c4-ad97-d91a-6731-e7b5f38951a6
2026-10-10 06:26:09.614179,93.681,8,1g.11gb,yolo-inference-755b67b9bb-zbflb,default,yolo,580.178.04,GPU-d59cb1c4-ad97-d91a-6731-e7b5f38951a6
2026-10-10 06:26:09.614179,93.853,9,1g.11gb,yolo-inference-755b67b9bb-6z9g8,default,yolo,580.178.04,GPU-d59cb1c4-ad97-d91a-6731-e7b5f38951a6
2026-10-10 06:26:14.611773,94.294,10,1g.11gb,yolo-inference-755b67b9bb-jvw65,default,yolo,580.178.04,GPU-d59cb1c4-ad97-d91a-6731-e7b5f38951a6
2026-10-10 06:26:14.611773,94.469,11,1g.11gb,yolo-inference-755b67b9bb-tpwv7,default,yolo,580.178.04,GPU-d59cb1c4-ad97-d91a-6731-e7b5f38951a6
2026-10-10 06:26:14.611773,93.845,12,1g.11gb,yolo-inference-755b67b9bb-cmfkj,default,yolo,580.178.04,GPU-d59cb1c4-ad97-d91a-6731-e7b5f38951a6
2026-10-10 06:26:14.611773,94.414,13,1g.11gb,yolo-inference-755b67b9bb-7kvtl,default,yolo,580.178.04,GPU-d59cb1c4-ad97-d91a-6731-e7b5f38951a6
2026-10-10 06:26:14.611773,94.011,7,1g.11gb,yolo-inference-755b67b9bb-6w2jk,default,yolo,580.178.04,GPU-d59cb1c4-ad97-d91a-6731-e7b5f38951a6
2026-10-10 06:26:14.611773,93.845,8,1g.11gb,yolo-inference-755b67b9bb-zbflb,default,yolo,580.178.04,GPU-d59cb1c4-ad97-d91a-6731-e7b5f38951a6
2026-10-10 06:26:14.611773,94.329,9,1g.11gb,yolo-inference-755b67b9bb-6z9g8,default,yolo,580.178.04,GPU-d59cb1c4-ad97-d91a-6731-e7b5f38951a6
2026-10-10 06:26:19.614212,94.294,10,1g.11gb,yolo-inference-755b67b9bb-jvw65,default,yolo,580.178.04,GPU-d59cb1c4-ad97-d91a-6731-e7b5f38951a6
2026-10-10 06:26:19.614212,94.469,11,1g.11gb,yolo-inference-755b67b9bb-tpwv7,default,yolo,580.178.04,GPU-d59cb1c4-ad97-d91a-6731-e7b5f38951a6
2026-10-10 06:26:19.614212,93.845,12,1g.11gb,yolo-inference-755b67b9bb-cmfkj,default,yolo,580.178.04,GPU-d59cb1c4-ad97-d91a-6731-e7b5f38951a6
2026-10-10 06:26:19.614212,94.414,13,1g.11gb,yolo-inference-755b67b9bb-7kvtl,default,yolo,580.178.04,GPU-d59cb1c4-ad97-d91a-6731-e7b5f38951a6
2026-10-10 06:26:19.614212,94.011,7,1g.11gb,yolo-inference-755b67b9bb-6w2jk,default,yolo,580.178.04,GPU-d59cb1c4-ad97-d91a-6731-e7b5f38951a6
2026-10-10 06:26:19.614212,93.845,8,1g.11gb,yolo-inference-755b67b9bb-zbflb,default,yolo,580.178.04,GPU-d59cb1c4-ad97-d91a-6731-e7b5f38951a6
2026-10-10 06:26:19.614212,94.329,9,1g.11gb,yolo-inference-755b67b9bb-6z9g8,default,yolo,580.178.04,GPU-d59cb1c4-ad97-d91a-6731-e7b5f38951a6
2026-10-10 06:26:24.614277,94.294,10,1g.11gb,yolo-inference-755b67b9bb-jvw65,default,yolo,580.178.04,GPU-d59cb1c4-ad97-d91a-6731-e7b5f38951a6
2026-10-10 06:26:24.614277,94.469,11,1g.11gb,yolo-inference-755b67b9bb-tpwv7,default,yolo,580.178.04,GPU-d59cb1c4-ad97-d91a-6731-e7b5f38951a6
2026-10-10 06:26:24.614277,93.845,12,1g.11gb,yolo-inference-755b67b9bb-cmfkj,default,yolo,580.178.04,GPU-d59cb1c4-ad97-d91a-6731-e7b5f38951a6
2026-10-10 06:26:24.614277,94.414,13,1g.11gb,yolo-inference-755b67b9bb-7kvtl,default,yolo,580.178.04,GPU-d59cb1c4-ad97-d91a-6731-e7b5f38951a6
2026-10-10 06:26:24.614277,94.011,7,1g.11gb,yolo-inference-755b67b9bb-6w2jk,default,yolo,580.178.04,GPU-d59cb1c4-ad97-d91a-6731-e7b5f38951a6
2026-10-10 06:26:24.614277,93.845,8,1g.11gb,yolo-inference-755b67b9bb-zbflb,default,yolo,580.178.04,GPU-d59cb1c4-ad97-d91a-6731-e7b5f38951a6
2026-10-10 06:26:24.614277,94.329,9,1g.11gb,yolo-inference-755b67b9bb-6z9g8,default,yolo,580.178.04,GPU-d59cb1c4-ad97-d91a-6731-e7b5f38951a6
2026-10-10 06:26:29.609848,94.294,10,1g.11gb,yolo-inference-755b67b9bb-jvw65,default,yolo,580.178.04,GPU-d59cb1c4-ad97-d91a-6731-e7b5f38951a6
2026-10-10 06:26:29.609848,94.469,11,1g.11gb,yolo-inference-755b67b9bb-tpwv7,default,yolo,580.178.04,GPU-d59cb1c4-ad97-d91a-6731-e7b5f38951a6
2026-10-10 06:26:29.609848,93.845,12,1g.11gb,yolo-inference-755b67b9bb-cmfkj,default,yolo,580.178.04,GPU-d59cb1c4-ad97-d91a-6731-e7b5f38951a6
2026-10-10 06:26:29.609848,94.414,13,1g.11gb,yolo-inference-755b67b9bb-7kvtl,default,yolo,580.178.04,GPU-d59cb1c4-ad97-d91a-6731-e7b5f38951a6
2026-10-10 06:26:29.609848,94.011,7,1g.11gb,yolo-inference-755b67b9bb-6w2jk,default,yolo,580.178.04,GPU-d59cb1c4-ad97-d91a-6731-e7b5f38951a6
2026-10-10 06:26:29.609848,93.845,8,1g.11gb,yolo-inference-755b67b9bb-zbflb,default,yolo,580.178.04,GPU-d59cb1c4-ad97-d91a-6731-e7b5f38951a6
2026-10-10 06:26:29.609848,94.329,9,1g.11gb,yolo-inference-755b67b9bb-6z9g8,default,yolo,580.178.04,GPU-d59cb1c4-ad97-d91a-6731-e7b5f38951a6
2026-10-10 06:26:34.609986,94.294,10,1g.11gb,yolo-inference-755b67b9bb-jvw65,default,yolo,580.178.04,GPU-d59cb1c4-ad97-d91a-6731-e7b5f38951a6
2026-10-10 06:26:34.609986,94.469,11,1g.11gb,yolo-inference-755b67b9bb-tpwv7,default,yolo,580.178.04,GPU-d59cb1c4-ad97-d91a-6731-e7b5f38951a6
2026-10-10 06:26:34.609986,93.845,12,1g.11gb,yolo-inference-755b67b9bb-cmfkj,default,yolo,580.178.04,GPU-d59cb1c4-ad97-d91a-6731-e7b5f38951a6
2026-10-10 06:26:34.609986,94.414,13,1g.11gb,yolo-inference-755b67b9bb-7kvtl,default,yolo,580.178.04,GPU-d59cb1c4-ad97-d91a-6731-e7b5f38951a6
2026-10-10 06:26:34.609986,94.011,7,1g.11gb,yolo-inference-755b67b9bb-6w2jk,default,yolo,580.178.04,GPU-d59cb1c4-ad97-d91a-6731-e7b5f38951a6
2026-10-10 06:26:34.609986,93.845,8,1g.11gb,yolo-inference-755b67b9bb-zbflb,default,yolo,580.178.04,GPU-d59cb1c4-ad97-d91a-6731-e7b5f38951a6
2026-10-10 06:26:34.609986,94.329,9,1g.11gb,yolo-inference-755b67b9bb-6z9g8,default,yolo,580.178.04,GPU-d59cb1c4-ad97-d91a-6731-e7b5f38951a6
2026-10-10 06:26:39.614185,94.294,10,1g.11gb,yolo-inference-755b67b9bb-jvw65,default,yolo,580.178.04,GPU-d59cb1c4-ad97-d91a-6731-e7b5f38951a6
2026-10-10 06:26:39.614185,94.469,11,1g.11gb,yolo-inference-755b67b9bb-tpwv7,default,yolo,580.178.04,GPU-d59cb1c4-ad97-d91a-6731-e7b5f38951a6
2026-10-10 06:26:39.614185,93.845,12,1g.11gb,yolo-inference-755b67b9bb-cmfkj,default,yolo,580.178.04,GPU-d59cb1c4-ad97-d91a-6731-e7b5f38951a6
2026-10-10 06:26:39.614185,94.414,13,1g.11gb,yolo-inference-755b67b9bb-7kvtl,default,yolo,580.178.04,GPU-d59cb1c4-ad97-d91a-6731-e7b5f38951a6
2026-10-10 06:26:39.614185,94.011,7,1g.11gb,yolo-inference-755b67b9bb-6w2jk,default,yolo,580.178.04,GPU-d59cb1c4-ad97-d91a-6731-e7b5f38951a6
2026-10-10 06:26:39.614185,93.845,8,1g.11gb,yolo-inference-755b67b9bb-zbflb,default,yolo,580.178.04,GPU-d59cb1c4-ad97-d91a-6731-e7b5f38951a6
2026-10-10 06:26:39.614185,94.329,9,1g.11gb,yolo-inference-755b67b9bb-6z9g8,default,yolo,580.178.04,GPU-d59cb1c4-ad97-d91a-6731-e7b5f38951a6
2026-10-10 06:26:44.614188,94.3,10,1g.11gb,yolo-inference-755b67b9bb-jvw65,default,yolo,580.178.04,GPU-d59cb1c4-ad97-d91a-6731-e7b5f38951a6
2026-10-10 06:26:44.614188,94.537,11,1g.11gb,yolo-inference-755b67b9bb-tpwv7,default,yolo,580.178.04,GPU-d59cb1c4-ad97-d91a-6731-e7b5f38951a6
2026-10-10 06:26:44.614188,94.352,12,1g.11gb,yolo-inference-755b67b9bb-cmfkj,default,yolo,580.178.04,GPU-d59cb1c4-ad97-d91a-6731-e7b5f38951a6
2026-10-10 06:26:44.614188,94.402,13,1g.11gb,yolo-inference-755b67b9bb-7kvtl,default,yolo,580.178.04,GPU-d59cb1c4-ad97-d91a-6731-e7b5f38951a6
2026-10-10 06:26:44.614188,94.3,7,1g.11gb,yolo-inference-755b67b9bb-6w2jk,default,yolo,580.178.04,GPU-d59cb1c4-ad97-d91a-6731-e7b5f38951a6
2026-10-10 06:26:44.614188,94.352,8,1g.11gb,yolo-inference-755b67b9bb-zbflb,default,yolo,580.178.04,GPU-d59cb1c4-ad97-d91a-6731-e7b5f38951a6
2026-10-10 06:26:44.614188,94.394,9,1g.11gb,yolo-inference-755b67b9bb-6z9g8,default,yolo,580.178.04,GPU-d59cb1c4-ad97-d91a-6731-e7b5f38951a6
2026-10-10 06:26:49.611766,94.3,10,1g.11gb,yolo-inference-755b67b9bb-jvw65,default,yolo,580.178.04,GPU-d59cb1c4-ad97-d91a-6731-e7b5f38951a6
2026-10-10 06:26:49.611766,94.537,11,1g.11gb,yolo-inference-755b67b9bb-tpwv7,default,yolo,580.178.04,GPU-d59cb1c4-ad97-d91a-6731-e7b5f38951a6
2026-10-10 06:26:49.611766,94.352,12,1g.11gb,yolo-inference-755b67b9bb-cmfkj,default,yolo,580.178.04,GPU-d59cb1c4-ad97-d91a-6731-e7b5f38951a6
2026-10-10 06:26:49.611766,94.402,13,1g.11gb,yolo-inference-755b67b9bb-7kvtl,default,yolo,580.178.04,GPU-d59cb1c4-ad97-d91a-6731-e7b5f38951a6
2026-10-10 06:26:49.611766,94.3,7,1g.11gb,yolo-inference-755b67b9bb-6w2jk,default,yolo,580.178.04,GPU-d59cb1c4-ad97-d91a-6731-e7b5f38951a6
2026-10-10 06:26:49.611766,94.352,8,1g.11gb,yolo-inference-755b67b9bb-zbflb,default,yolo,580.178.04,GPU-d59cb1c4-ad97-d91a-6731-e7b5f38951a6
2026-10-10 06:26:49.611766,94.394,9,1g.11gb,yolo-inference-755b67b9bb-6z9g8,default,yolo,580.178.04,GPU-d59cb1c4-ad97-d91a-6731-e7b5f38951a6
2026-10-10 06:26:54.614215,94.3,10,1g.11gb,yolo-inference-755b67b9bb-jvw65,default,yolo,580.178.04,GPU-d59cb1c4-ad97-d91a-6731-e7b5f38951a6
2026-10-10 06:26:54.614215,94.537,11,1g.11gb,yolo-inference-755b67b9bb-tpwv7,default,yolo,580.178.04,GPU-d59cb1c4-ad97-d91a-6731-e7b5f38951a6
2026-10-10 06:26:54.614215,94.352,12,1g.11gb,yolo-inference-755b67b9bb-cmfkj,default,yolo,580.178.04,GPU-d59cb1c4-ad97-d91a-6731-e7b5f38951a6
2026-10-10 06:26:54.614215,94.402,13,1g.11gb,yolo-inference-755b67b9bb-7kvtl,default,yolo,580.178.04,GPU-d59cb1c4-ad97-d91a-6731-e7b5f38951a6
2026-10-10 06:26:54.614215,94.3,7,1g.11gb,yolo-inference-755b67b9bb-6w2jk,default,yolo,580.178.04,GPU-d59cb1c4-ad97-d91a-6731-e7b5f38951a6
2026-10-10 06:26:54.614215,94.352,8,1g.11gb,yolo-inference-755b67b9bb-zbflb,default,yolo,580.178.04,GPU-d59cb1c4-ad97-d91a-6731-e7b5f38951a6
2026-10-10 06:26:54.614215,94.394,9,1g.11gb,yolo-inference-755b67b9bb-6z9g8,default,yolo,580.178.04,GPU-d59cb1c4-ad97-d91a-6731-e7b5f38951a6
2026-10-10 06:26:59.614246,94.3,10,1g.11gb,yolo-inference-755b67b9bb-jvw65,default,yolo,580.178.04,GPU-d59cb1c4-ad97-d91a-6731-e7b5f38951a6
2026-10-10 06:26:59.614246,94.537,11,1g.11gb,yolo-inference-755b67b9bb-tpwv7,default,yolo,580.178.04,GPU-d59cb1c4-ad97-d91a-6731-e7b5f38951a6
2026-10-10 06:26:59.614246,94.352,12,1g.11gb,yolo-inference-755b67b9bb-cmfkj,default,yolo,580.178.04,GPU-d59cb1c4-ad97-d91a-6731-e7b5f38951a6
2026-10-10 06:26:59.614246,94.402,13,1g.11gb,yolo-inference-755b67b9bb-7kvtl,default,yolo,580.178.04,GPU-d59cb1c4-ad97-d91a-6731-e7b5f38951a6
2026-10-10 06:26:59.614246,94.3,7,1g.11gb,yolo-inference-755b67b9bb-6w2jk,default,yolo,580.178.04,GPU-d59cb1c4-ad97-d91a-6731-e7b5f38951a6
2026-10-10 06:26:59.614246,94.352,8,1g.11gb,yolo-inference-755b67b9bb-zbflb,default,yolo,580.178.04,GPU-d59cb1c4-ad97-d91a-6731-e7b5f38951a6
2026-10-10 06:26:59.614246,94.394,9,1g.11gb,yolo-inference-755b67b9bb-6z9g8,default,yolo,580.178.04,GPU-d59cb1c4-ad97-d91a-6731-e7b5f38951a6
2026-10-10 06:27:04.614158,94.3,10,1g.11gb,yolo-inference-755b67b9bb-jvw65,default,yolo,580.178.04,GPU-d59cb1c4-ad97-d91a-6731-e7b5f38951a6
2026-10-10 06:27:04.614158,94.537,11,1g.11gb,yolo-inference-755b67b9bb-tpwv7,default,yolo,580.178.04,GPU-d59cb1c4-ad97-d91a-6731-e7b5f38951a6
2026-10-10 06:27:04.614158,94.352,12,1g.11gb,yolo-inference-755b67b9bb-cmfkj,default,yolo,580.178.04,GPU-d59cb1c4-ad97-d91a-6731-e7b5f38951a6
2026-10-10 06:27:04.614158,94.402,13,1g.11gb,yolo-inference-755b67b9bb-7kvtl,default,yolo,580.178.04,GPU-d59cb1c4-ad97-d91a-6731-e7b5f38951a6
2026-10-10 06:27:04.614158,94.3,7,1g.11gb,yolo-inference-755b67b9bb-6w2jk,default,yolo,580.178.04,GPU-d59cb1c4-ad97-d91a-6731-e7b5f38951a6
2026-10-10 06:27:04.614158,94.352,8,1g.11gb,yolo-inference-755b67b9bb-zbflb,default,yolo,580.178.04,GPU-d59cb1c4-ad97-d91a-6731-e7b5f38951a6
2026-10-10 06:27:04.614158,94.394,9,1g.11gb,yolo-inference-755b67b9bb-6z9g8,default,yolo,580.178.04,GPU-d59cb1c4-ad97-d91a-6731-e7b5f38951a6
2026-10-10 06:27:09.614182,94.3,10,1g.11gb,yolo-inference-755b67b9bb-jvw65,default,yolo,580.178.04,GPU-d59cb1c4-ad97-d91a-6731-e7b5f38951a6
2026-10-10 06:27:09.614182,94.537,11,1g.11gb,yolo-inference-755b67b9bb-tpwv7,default,yolo,580.178.04,GPU-d59cb1c4-ad97-d91a-6731-e7b5f38951a6
2026-10-10 06:27:09.614182,94.352,12,1g.11gb,yolo-inference-755b67b9bb-cmfkj,default,yolo,580.178.04,GPU-d59cb1c4-ad97-d91a-6731-e7b5f38951a6
2026-10-10 06:27:09.614182,94.402,13,1g.11gb,yolo-inference-755b67b9bb-7kvtl,default,yolo,580.178.04,GPU-d59cb1c4-ad97-d91a-6731-e7b5f38951a6
2026-10-10 06:27:09.614182,94.3,7,1g.11gb,yolo-inference-755b67b9bb-6w2jk,default,yolo,580.178.04,GPU-d59cb1c4-ad97-d91a-6731-e7b5f38951a6
2026-10-10 06:27:09.614182,94.352,8,1g.11gb,yolo-inference-755b67b9bb-zbflb,default,yolo,580.178.04,GPU-d59cb1c4-ad97-d91a-6731-e7b5f38951a6
2026-10-10 06:27:09.614182,94.394,9,1g.11gb,yolo-inference-755b67b9bb-6z9g8,default,yolo,580.178.04,GPU-d59cb1c4-ad97-d91a-6731-e7b5f38951a6
2026-10-10 06:27:14.614194,94.033,10,1g.11gb,yolo-inference-755b67b9bb-jvw65,default,yolo,580.178.04,GPU-d59cb1c4-ad97-d91a-6731-e7b5f38951a6
2026-10-10 06:27:14.614194,94.449,11,1g.11gb,yolo-inference-755b67b9bb-tpwv7,default,yolo,580.178.04,GPU-d59cb1c4-ad97-d91a-6731-e7b5f38951a6
2026-10-10 06:27:14.614194,94.36,12,1g.11gb,yolo-inference-755b67b9bb-cmfkj,default,yolo,580.178.04,GPU-d59cb1c4-ad97-d91a-6731-e7b5f38951a6
2026-10-10 06:27:14.614194,94.487,13,1g.11gb,yolo-inference-755b67b9bb-7kvtl,default,yolo,580.178.04,GPU-d59cb1c4-ad97-d91a-6731-e7b5f38951a6
2026-10-10 06:27:14.614194,94.294,7,1g.11gb,yolo-inference-755b67b9bb-6w2jk,default,yolo,580.178.04,GPU-d59cb1c4-ad97-d91a-6731-e7b5f38951a6
2026-10-10 06:27:14.614194,94.36,8,1g.11gb,yolo-inference-755b67b9bb-zbflb,default,yolo,580.178.04,GPU-d59cb1c4-ad97-d91a-6731-e7b5f38951a6
2026-10-10 06:27:14.614194,94.436,9,1g.11gb,yolo-inference-755b67b9bb-6z9g8,default,yolo,580.178.04,GPU-d59cb1c4-ad97-d91a-6731-e7b5f38951a6
2026-10-10 06:27:19.610980,94.033,10,1g.11gb,yolo-inference-755b67b9bb-jvw65,default,yolo,580.178.04,GPU-d59cb1c4-ad97-d91a-6731-e7b5f38951a6
2026-10-10 06:27:19.610980,94.449,11,1g.11gb,yolo-inference-755b67b9bb-tpwv7,default,yolo,580.178.04,GPU-d59cb1c4-ad97-d91a-6731-e7b5f38951a6
2026-10-10 06:27:19.610980,94.36,12,1g.11gb,yolo-inference-755b67b9bb-cmfkj,default,yolo,580.178.04,GPU-d59cb1c4-ad97-d91a-6731-e7b5f38951a6
2026-10-10 06:27:19.610980,94.487,13,1g.11gb,yolo-inference-755b67b9bb-7kvtl,default,yolo,580.178.04,GPU-d59cb1c4-ad97-d91a-6731-e7b5f38951a6
2026-10-10 06:27:19.610980,94.294,7,1g.11gb,yolo-inference-755b67b9bb-6w2jk,default,yolo,580.178.04,GPU-d59cb1c4-ad97-d91a-6731-e7b5f38951a6
2026-10-10 06:27:19.610980,94.36,8,1g.11gb,yolo-inference-755b67b9bb-zbflb,default,yolo,580.178.04,GPU-d59cb1c4-ad97-d91a-6731-e7b5f38951a6
2026-10-10 06:27:19.610980,94.436,9,1g.11gb,yolo-inference-755b67b9bb-6z9g8,default,yolo,580.178.04,GPU-d59cb1c4-ad97-d91a-6731-e7b5f38951a6
2026-10-10 06:27:24.613504,94.033,10,1g.11gb,yolo-inference-755b67b9bb-jvw65,default,yolo,580.178.04,GPU-d59cb1c4-ad97-d91a-6731-e7b5f38951a6
2026-10-10 06:27:24.613504,94.449,11,1g.11gb,yolo-inference-755b67b9bb-tpwv7,default,yolo,580.178.04,GPU-d59cb1c4-ad97-d91a-6731-e7b5f38951a6
2026-10-10 06:27:24.613504,94.36,12,1g.11gb,yolo-inference-755b67b9bb-cmfkj,default,yolo,580.178.04,GPU-d59cb1c4-ad97-d91a-6731-e7b5f38951a6
2026-10-10 06:27:24.613504,94.487,13,1g.11gb,yolo-inference-755b67b9bb-7kvtl,default,yolo,580.178.04,GPU-d59cb1c4-ad97-d91a-6731-e7b5f38951a6
2026-10-10 06:27:24.613504,94.294,7,1g.11gb,yolo-inference-755b67b9bb-6w2jk,default,yolo,580.178.04,GPU-d59cb1c4-ad97-d91a-6731-e7b5f38951a6
2026-10-10 06:27:24.613504,94.36,8,1g.11gb,yolo-inference-755b67b9bb-zbflb,default,yolo,580.178.04,GPU-d59cb1c4-ad97-d91a-6731-e7b5f38951a6
2026-10-10 06:27:24.613504,94.436,9,1g.11gb,yolo-inference-755b67b9bb-6z9g8,default,yolo,580.178.04,GPU-d59cb1c4-ad97-d91a-6731-e7b5f38951a6
2026-10-10 06:27:29.614186,94.033,10,1g.11gb,yolo-inference-755b67b9bb-jvw65,default,yolo,580.178.04,GPU-d59cb1c4-ad97-d91a-6731-e7b5f38951a6
2026-10-10 06:27:29.614186,94.449,11,1g.11gb,yolo-inference-755b67b9bb-tpwv7,default,yolo,580.178.04,GPU-d59cb1c4-ad97-d91a-6731-e7b5f38951a6
2026-10-10 06:27:29.614186,94.36,12,1g.11gb,yolo-inference-755b67b9bb-cmfkj,default,yolo,580.178.04,GPU-d59cb1c4-ad97-d91a-6731-e7b5f38951a6
2026-10-10 06:27:29.614186,94.487,13,1g.11gb,yolo-inference-755b67b9bb-7kvtl,default,yolo,580.178.04,GPU-d59cb1c4-ad97-d91a-6731-e7b5f38951a6
2026-10-10 06:27:29.614186,94.294,7,1g.11gb,yolo-inference-755b67b9bb-6w2jk,default,yolo,580.178.04,GPU-d59cb1c4-ad97-d91a-6731-e7b5f38951a6
2026-10-10 06:27:29.614186,94.36,8,1g.11gb,yolo-inference-755b67b9bb-zbflb,default,yolo,580.178.04,GPU-d59cb1c4-ad97-d91a-6731-e7b5f38951a6
2026-10-10 06:27:29.614186,94.436,9,1g.11gb,yolo-inference-755b67b9bb-6z9g8,default,yolo,580.178.04,GPU-d59cb1c4-ad97-d91a-6731-e7b5f38951a6
2026-10-10 06:27:34.610621,94.033,10,1g.11gb,yolo-inference-755b67b9bb-jvw65,default,yolo,580.178.04,GPU-d59cb1c4-ad97-d91a-6731-e7b5f38951a6
2026-10-10 06:27:34.610621,94.449,11,1g.11gb,yolo-inference-755b67b9bb-tpwv7,default,yolo,580.178.04,GPU-d59cb1c4-ad97-d91a-6731-e7b5f38951a6
2026-10-10 06:27:34.610621,94.36,12,1g.11gb,yolo-inference-755b67b9bb-cmfkj,default,yolo,580.178.04,GPU-d59cb1c4-ad97-d91a-6731-e7b5f38951a6
2026-10-10 06:27:34.610621,94.487,13,1g.11gb,yolo-inference-755b67b9bb-7kvtl,default,yolo,580.178.04,GPU-d59cb1c4-ad97-d91a-6731-e7b5f38951a6
2026-10-10 06:27:34.610621,94.294,7,1g.11gb,yolo-inference-755b67b9bb-6w2jk,default,yolo,580.178.04,GPU-d59cb1c4-ad97-d91a-6731-e7b5f38951a6
2026-10-10 06:27:34.610621,94.36,8,1g.11gb,yolo-inference-755b67b9bb-zbflb,default,yolo,580.178.04,GPU-d59cb1c4-ad97-d91a-6731-e7b5f38951a6
2026-10-10 06:27:34.610621,94.436,9,1g.11gb,yolo-inference-755b67b9bb-6z9g8,default,yolo,580.178.04,GPU-d59cb1c4-ad97-d91a-6731-e7b5f38951a6
2026-10-10 06:27:39.612621,94.033,10,1g.11gb,yolo-inference-755b67b9bb-jvw65,default,yolo,580.178.04,GPU-d59cb1c4-ad97-d91a-6731-e7b5f38951a6
2026-10-10 06:27:39.612621,94.449,11,1g.11gb,yolo-inference-755b67b9bb-tpwv7,default,yolo,580.178.04,GPU-d59cb1c4-ad97-d91a-6731-e7b5f38951a6
2026-10-10 06:27:39.612621,94.36,12,1g.11gb,yolo-inference-755b67b9bb-cmfkj,default,yolo,580.178.04,GPU-d59cb1c4-ad97-d91a-6731-e7b5f38951a6
2026-10-10 06:27:39.612621,94.487,13,1g.11gb,yolo-inference-755b67b9bb-7kvtl,default,yolo,580.178.04,GPU-d59cb1c4-ad97-d91a-6731-e7b5f38951a6
2026-10-10 06:27:39.612621,94.294,7,1g.11gb,yolo-inference-755b67b9bb-6w2jk,default,yolo,580.178.04,GPU-d59cb1c4-ad97-d91a-6731-e7b5f38951a6
2026-10-10 06:27:39.612621,94.36,8,1g.11gb,yolo-inference-755b67b9bb-zbflb,default,yolo,580.178.04,GPU-d59cb1c4-ad97-d91a-6731-e7b5f38951a6
2026-10-10 06:27:39.612621,94.436,9,1g.11gb,yolo-inference-755b67b9bb-6z9g8,default,yolo,580.178.04,GPU-d59cb1c4-ad97-d91a-6731-e7b5f38951a6
2026-10-10 06:27:44.614212,94.466,10,1g.11gb,yolo-inference-755b67b9bb-jvw65,default,yolo,580.178.04,GPU-d59cb1c4-ad97-d91a-6731-e7b5f38951a6
2026-10-10 06:27:44.614212,93.855,11,1g.11gb,yolo-inference-755b67b9bb-tpwv7,default,yolo,580.178.04,GPU-d59cb1c4-ad97-d91a-6731-e7b5f38951a6
2026-10-10 06:27:44.614212,94.443,12,1g.11gb,yolo-inference-755b67b9bb-cmfkj,default,yolo,580.178.04,GPU-d59cb1c4-ad97-d91a-6731-e7b5f38951a6
2026-10-10 06:27:44.614212,93.953,13,1g.11gb,yolo-inference-755b67b9bb-7kvtl,default,yolo,580.178.04,GPU-d59cb1c4-ad97-d91a-6731-e7b5f38951a6
2026-10-10 06:27:44.614212,94.535,7,1g.11gb,yolo-inference-755b67b9bb-6w2jk,default,yolo,580.178.04,GPU-d59cb1c4-ad97-d91a-6731-e7b5f38951a6
2026-10-10 06:27:44.614212,94.443,8,1g.11gb,yolo-inference-755b67b9bb-zbflb,default,yolo,580.178.04,GPU-d59cb1c4-ad97-d91a-6731-e7b5f38951a6
2026-10-10 06:27:44.614212,93.922,9,1g.11gb,yolo-inference-755b67b9bb-6z9g8,default,yolo,580.178.04,GPU-d59cb1c4-ad97-d91a-6731-e7b5f38951a6
2026-10-10 06:27:49.614182,94.466,10,1g.11gb,yolo-inference-755b67b9bb-jvw65,default,yolo,580.178.04,GPU-d59cb1c4-ad97-d91a-6731-e7b5f38951a6
2026-10-10 06:27:49.614182,93.855,11,1g.11gb,yolo-inference-755b67b9bb-tpwv7,default,yolo,580.178.04,GPU-d59cb1c4-ad97-d91a-6731-e7b5f38951a6
2026-10-10 06:27:49.614182,94.443,12,1g.11gb,yolo-inference-755b67b9bb-cmfkj,default,yolo,580.178.04,GPU-d59cb1c4-ad97-d91a-6731-e7b5f38951a6
2026-10-10 06:27:49.614182,93.953,13,1g.11gb,yolo-inference-755b67b9bb-7kvtl,default,yolo,580.178.04,GPU-d59cb1c4-ad97-d91a-6731-e7b5f38951a6
2026-10-10 06:27:49.614182,94.535,7,1g.11gb,yolo-inference-755b67b9bb-6w2jk,default,yolo,580.178.04,GPU-d59cb1c4-ad97-d91a-6731-e7b5f38951a6
2026-10-10 06:27:49.614182,94.443,8,1g.11gb,yolo-inference-755b67b9bb-zbflb,default,yolo,580.178.04,GPU-d59cb1c4-ad97-d91a-6731-e7b5f38951a6
2026-10-10 06:27:49.614182,93.922,9,1g.11gb,yolo-inference-755b67b9bb-6z9g8,default,yolo,580.178.04,GPU-d59cb1c4-ad97-d91a-6731-e7b5f38951a6
2026-10-10 06:27:54.614142,94.466,10,1g.11gb,yolo-inference-755b67b9bb-jvw65,default,yolo,580.178.04,GPU-d59cb1c4-ad97-d91a-6731-e7b5f38951a6
2026-10-10 06:27:54.614142,93.855,11,1g.11gb,yolo-inference-755b67b9bb-tpwv7,default,yolo,580.178.04,GPU-d59cb1c4-ad97-d91a-6731-e7b5f38951a6
2026-10-10 06:27:54.614142,94.443,12,1g.11gb,yolo-inference-755b67b9bb-cmfkj,default,yolo,580.178.04,GPU-d59cb1c4-ad97-d91a-6731-e7b5f38951a6
2026-10-10 06:27:54.614142,93.953,13,1g.11gb,yolo-inference-755b67b9bb-7kvtl,default,yolo,580.178.04,GPU-d59cb1c4-ad97-d91a-6731-e7b5f38951a6
2026-10-10 06:27:54.614142,94.535,7,1g.11gb,yolo-inference-755b67b9bb-6w2jk,default,yolo,580.178.04,GPU-d59cb1c4-ad97-d91a-6731-e7b5f38951a6
2026-10-10 06:27:54.614142,94.443,8,1g.11gb,yolo-inference-755b67b9bb-zbflb,default,yolo,580.178.04,GPU-d59cb1c4-ad97-d91a-6731-e7b5f38951a6
2026-10-10 06:27:54.614142,93.922,9,1g.11gb,yolo-inference-755b67b9bb-6z9g8,default,yolo,580.178.04,GPU-d59cb1c4-ad97-d91a-6731-e7b5f38951a6
2026-10-10 06:27:59.614183,94.466,10,1g.11gb,yolo-inference-755b67b9bb-jvw65,default,yolo,580.178.04,GPU-d59cb1c4-ad97-d91a-6731-e7b5f38951a6
2026-10-10 06:27:59.614183,93.855,11,1g.11gb,yolo-inference-755b67b9bb-tpwv7,default,yolo,580.178.04,GPU-d59cb1c4-ad97-d91a-6731-e7b5f38951a6
2026-10-10 06:27:59.614183,94.443,12,1g.11gb,yolo-inference-755b67b9bb-cmfkj,default,yolo,580.178.04,GPU-d59cb1c4-ad97-d91a-6731-e7b5f38951a6
2026-10-10 06:27:59.614183,93.953,13,1g.11gb,yolo-inference-755b67b9bb-7kvtl,default,yolo,580.178.04,GPU-d59cb1c4-ad97-d91a-6731-e7b5f38951a6
2026-10-10 06:27:59.614183,94.535,7,1g.11gb,yolo-inference-755b67b9bb-6w2jk,default,yolo,580.178.04,GPU-d59cb1c4-ad97-d91a-6731-e7b5f38951a6
2026-10-10 06:27:59.614183,94.443,8,1g.11gb,yolo-inference-755b67b9bb-zbflb,default,yolo,580.178.04,GPU-d59cb1c4-ad97-d91a-6731-e7b5f38951a6
2026-10-10 06:27:59.614183,93.922,9,1g.11gb,yolo-inference-755b67b9bb-6z9g8,default,yolo,580.178.04,GPU-d59cb1c4-ad97-d91a-6731-e7b5f38951a6
2026-10-10 06:28:04.609976,94.466,10,1g.11gb,yolo-inference-755b67b9bb-jvw65,default,yolo,580.178.04,GPU-d59cb1c4-ad97-d91a-6731-e7b5f38951a6
2026-10-10 06:28:04.609976,93.855,11,1g.11gb,yolo-inference-755b67b9bb-tpwv7,default,yolo,580.178.04,GPU-d59cb1c4-ad97-d91a-6731-e7b5f38951a6
2026-10-10 06:28:04.609976,94.443,12,1g.11gb,yolo-inference-755b67b9bb-cmfkj,default,yolo,580.178.04,GPU-d59cb1c4-ad97-d91a-6731-e7b5f38951a6
2026-10-10 06:28:04.609976,93.953,13,1g.11gb,yolo-inference-755b67b9bb-7kvtl,default,yolo,580.178.04,GPU-d59cb1c4-ad97-d91a-6731-e7b5f38951a6
2026-10-10 06:28:04.609976,94.535,7,1g.11gb,yolo-inference-755b67b9bb-6w2jk,default,yolo,580.178.04,GPU-d59cb1c4-ad97-d91a-6731-e7b5f38951a6
2026-10-10 06:28:04.609976,94.443,8,1g.11gb,yolo-inference-755b67b9bb-zbflb,default,yolo,580.178.04,GPU-d59cb1c4-ad97-d91a-6731-e7b5f38951a6
2026-10-10 06:28:04.609976,93.922,9,1g.11gb,yolo-inference-755b67b9bb-6z9g8,default,yolo,580.178.04,GPU-d59cb1c4-ad97-d91a-6731-e7b5f38951a6
2026-10-10 06:28:09.612944,94.466,10,1g.11gb,yolo-inference-755b67b9bb-jvw65,default,yolo,580.178.04,GPU-d59cb1c4-ad97-d91a-6731-e7b5f38951a6
2026-10-10 06:28:09.612944,93.855,11,1g.11gb,yolo-inference-755b67b9bb-tpwv7,default,yolo,580.178.04,GPU-d59cb1c4-ad97-d91a-6731-e7b5f38951a6
2026-10-10 06:28:09.612944,94.443,12,1g.11gb,yolo-inference-755b67b9bb-cmfkj,default,yolo,580.178.04,GPU-d59cb1c4-ad97-d91a-6731-e7b5f38951a6
2026-10-10 06:28:09.612944,93.953,13,1g.11gb,yolo-inference-755b67b9bb-7kvtl,default,yolo,580.178.04,GPU-d59cb1c4-ad97-d91a-6731-e7b5f38951a6
2026-10-10 06:28:09.612944,94.535,7,1g.11gb,yolo-inference-755b67b9bb-6w2jk,default,yolo,580.178.04,GPU-d59cb1c4-ad97-d91a-6731-e7b5f38951a6
2026-10-10 06:28:09.612944,94.443,8,1g.11gb,yolo-inference-755b67b9bb-zbflb,default,yolo,580.178.04,GPU-d59cb1c4-ad97-d91a-6731-e7b5f38951a6
2026-10-10 06:28:09.612944,93.922,9,1g.11gb,yolo-inference-755b67b9bb-6z9g8,default,yolo,580.178.04,GPU-d59cb1c4-ad97-d91a-6731-e7b5f38951a6
2026-10-10 06:28:14.614185,94.417,10,1g.11gb,yolo-inference-755b67b9bb-jvw65,default,yolo,580.178.04,GPU-d59cb1c4-ad97-d91a-6731-e7b5f38951a6
2026-10-10 06:28:14.614185,94.065,11,1g.11gb,yolo-inference-755b67b9bb-tpwv7,default,yolo,580.178.04,GPU-d59cb1c4-ad97-d91a-6731-e7b5f38951a6
2026-10-10 06:28:14.614185,94.237,12,1g.11gb,yolo-inference-755b67b9bb-cmfkj,default,yolo,580.178.04,GPU-d59cb1c4-ad97-d91a-6731-e7b5f38951a6
2026-10-10 06:28:14.614185,94.07,13,1g.11gb,yolo-inference-755b67b9bb-7kvtl,default,yolo,580.178.04,GPU-d59cb1c4-ad97-d91a-6731-e7b5f38951a6
2026-10-10 06:28:14.614185,94.301,7,1g.11gb,yolo-inference-755b67b9bb-6w2jk,default,yolo,580.178.04,GPU-d59cb1c4-ad97-d91a-6731-e7b5f38951a6
2026-10-10 06:28:14.614185,94.031,8,1g.11gb,yolo-inference-755b67b9bb-zbflb,default,yolo,580.178.04,GPU-d59cb1c4-ad97-d91a-6731-e7b5f38951a6
2026-10-10 06:28:14.614185,94.065,9,1g.11gb,yolo-inference-755b67b9bb-6z9g8,default,yolo,580.178.04,GPU-d59cb1c4-ad97-d91a-6731-e7b5f38951a6
2026-10-10 06:28:19.614195,94.417,10,1g.11gb,yolo-inference-755b67b9bb-jvw65,default,yolo,580.178.04,GPU-d59cb1c4-ad97-d91a-6731-e7b5f38951a6
2026-10-10 06:28:19.614195,94.065,11,1g.11gb,yolo-inference-755b67b9bb-tpwv7,default,yolo,580.178.04,GPU-d59cb1c4-ad97-d91a-6731-e7b5f38951a6
2026-10-10 06:28:19.614195,94.237,12,1g.11gb,yolo-inference-755b67b9bb-cmfkj,default,yolo,580.178.04,GPU-d59cb1c4-ad97-d91a-6731-e7b5f38951a6
2026-10-10 06:28:19.614195,94.07,13,1g.11gb,yolo-inference-755b67b9bb-7kvtl,default,yolo,580.178.04,GPU-d59cb1c4-ad97-d91a-6731-e7b5f38951a6
2026-10-10 06:28:19.614195,94.301,7,1g.11gb,yolo-inference-755b67b9bb-6w2jk,default,yolo,580.178.04,GPU-d59cb1c4-ad97-d91a-6731-e7b5f38951a6
2026-10-10 06:28:19.614195,94.031,8,1g.11gb,yolo-inference-755b67b9bb-zbflb,default,yolo,580.178.04,GPU-d59cb1c4-ad97-d91a-6731-e7b5f38951a6
2026-10-10 06:28:19.614195,94.065,9,1g.11gb,yolo-inference-755b67b9bb-6z9g8,default,yolo,580.178.04,GPU-d59cb1c4-ad97-d91a-6731-e7b5f38951a6
2026-10-10 06:28:24.614212,94.417,10,1g.11gb,yolo-inference-755b67b9bb-jvw65,default,yolo,580.178.04,GPU-d59cb1c4-ad97-d91a-6731-e7b5f38951a6
2026-10-10 06:28:24.614212,94.065,11,1g.11gb,yolo-inference-755b67b9bb-tpwv7,default,yolo,580.178.04,GPU-d59cb1c4-ad97-d91a-6731-e7b5f38951a6
2026-10-10 06:28:24.614212,94.237,12,1g.11gb,yolo-inference-755b67b9bb-cmfkj,default,yolo,580.178.04,GPU-d59cb1c4-ad97-d91a-6731-e7b5f38951a6
2026-10-10 06:28:24.614212,94.07,13,1g.11gb,yolo-inference-755b67b9bb-7kvtl,default,yolo,580.178.04,GPU-d59cb1c4-ad97-d91a-6731-e7b5f38951a6
2026-10-10 06:28:24.614212,94.301,7,1g.11gb,yolo-inference-755b67b9bb-6w2jk,default,yolo,580.178.04,GPU-d59cb1c4-ad97-d91a-6731-e7b5f38951a6
2026-10-10 06:28:24.614212,94.031,8,1g.11gb,yolo-inference-755b67b9bb-zbflb,default,yolo,580.178.04,GPU-d59cb1c4-ad97-d91a-6731-e7b5f38951a6
2026-10-10 06:28:24.614212,94.065,9,1g.11gb,yolo-inference-755b67b9bb-6z9g8,default,yolo,580.178.04,GPU-d59cb1c4-ad97-d91a-6731-e7b5f38951a6
2026-10-10 06:28:29.613502,94.417,10,1g.11gb,yolo-inference-755b67b9bb-jvw65,default,yolo,580.178.04,GPU-d59cb1c4-ad97-d91a-6731-e7b5f38951a6
2026-10-10 06:28:29.613502,94.065,11,1g.11gb,yolo-inference-755b67b9bb-tpwv7,default,yolo,580.178.04,GPU-d59cb1c4-ad97-d91a-6731-e7b5f38951a6
2026-10-10 06:28:29.613502,94.237,12,1g.11gb,yolo-inference-755b67b9bb-cmfkj,default,yolo,580.178.04,GPU-d59cb1c4-ad97-d91a-6731-e7b5f38951a6
2026-10-10 06:28:29.613502,94.07,13,1g.11gb,yolo-inference-755b67b9bb-7kvtl,default,yolo,580.178.04,GPU-d59cb1c4-ad97-d91a-6731-e7b5f38951a6
2026-10-10 06:28:29.613502,94.301,7,1g.11gb,yolo-inference-755b67b9bb-6w2jk,default,yolo,580.178.04,GPU-d59cb1c4-ad97-d91a-6731-e7b5f38951a6
2026-10-10 06:28:29.613502,94.031,8,1g.11gb,yolo-inference-755b67b9bb-zbflb,default,yolo,580.178.04,GPU-d59cb1c4-ad97-d91a-6731-e7b5f38951a6
2026-10-10 06:28:29.613502,94.065,9,1g.11gb,yolo-inference-755b67b9bb-6z9g8,default,yolo,580.178.04,GPU-d59cb1c4-ad97-d91a-6731-e7b5f38951a6
2026-10-10 06:28:34.614189,94.417,10,1g.11gb,yolo-inference-755b67b9bb-jvw65,default,yolo,580.178.04,GPU-d59cb1c4-ad97-d91a-6731-e7b5f38951a6
2026-10-10 06:28:34.614189,94.065,11,1g.11gb,yolo-inference-755b67b9bb-tpwv7,default,yolo,580.178.04,GPU-d59cb1c4-ad97-d91a-6731-e7b5f38951a6
2026-10-10 06:28:34.614189,94.237,12,1g.11gb,yolo-inference-755b67b9bb-cmfkj,default,yolo,580.178.04,GPU-d59cb1c4-ad97-d91a-6731-e7b5f38951a6
2026-10-10 06:28:34.614189,94.07,13,1g.11gb,yolo-inference-755b67b9bb-7kvtl,default,yolo,580.178.04,GPU-d59cb1c4-ad97-d91a-6731-e7b5f38951a6
2026-10-10 06:28:34.614189,94.301,7,1g.11gb,yolo-inference-755b67b9bb-6w2jk,default,yolo,580.178.04,GPU-d59cb1c4-ad97-d91a-6731-e7b5f38951a6
2026-10-10 06:28:34.614189,94.031,8,1g.11gb,yolo-inference-755b67b9bb-zbflb,default,yolo,580.178.04,GPU-d59cb1c4-ad97-d91a-6731-e7b5f38951a6
2026-10-10 06:28:34.614189,94.065,9,1g.11gb,yolo-inference-755b67b9bb-6z9g8,default,yolo,580.178.04,GPU-d59cb1c4-ad97-d91a-6731-e7b5f38951a6
2026-10-10 06:28:39.614162,94.417,10,1g.11gb,yolo-inference-755b67b9bb-jvw65,default,yolo,580.178.04,GPU-d59cb1c4-ad97-d91a-6731-e7b5f38951a6
2026-10-10 06:28:39.614162,94.065,11,1g.11gb,yolo-inference-755b67b9bb-tpwv7,default,yolo,580.178.04,GPU-d59cb1c4-ad97-d91a-6731-e7b5f38951a6
2026-10-10 06:28:39.614162,94.237,12,1g.11gb,yolo-inference-755b67b9bb-cmfkj,default,yolo,580.178.04,GPU-d59cb1c4-ad97-d91a-6731-e7b5f38951a6
2026-10-10 06:28:39.614162,94.07,13,1g.11gb,yolo-inference-755b67b9bb-7kvtl,default,yolo,580.178.04,GPU-d59cb1c4-ad97-d91a-6731-e7b5f38951a6
2026-10-10 06:28:39.614162,94.301,7,1g.11gb,yolo-inference-755b67b9bb-6w2jk,default,yolo,580.178.04,GPU-d59cb1c4-ad97-d91a-6731-e7b5f38951a6
2026-10-10 06:28:39.614162,94.031,8,1g.11gb,yolo-inference-755b67b9bb-zbflb,default,yolo,580.178.04,GPU-d59cb1c4-ad97-d91a-6731-e7b5f38951a6
2026-10-10 06:28:39.614162,94.065,9,1g.11gb,yolo-inference-755b67b9bb-6z9g8,default,yolo,580.178.04,GPU-d59cb1c4-ad97-d91a-6731-e7b5f38951a6
2026-10-10 06:28:44.609918,94.115,10,1g.11gb,yolo-inference-755b67b9bb-jvw65,default,yolo,580.178.04,GPU-d59cb1c4-ad97-d91a-6731-e7b5f38951a6
2026-10-10 06:28:44.609918,94.538,11,1g.11gb,yolo-inference-755b67b9bb-tpwv7,default,yolo,580.178.04,GPU-d59cb1c4-ad97-d91a-6731-e7b5f38951a6
2026-10-10 06:28:44.609918,94.391,12,1g.11gb,yolo-inference-755b67b9bb-cmfkj,default,yolo,580.178.04,GPU-d59cb1c4-ad97-d91a-6731-e7b5f38951a6
2026-10-10 06:28:44.609918,94.456,13,1g.11gb,yolo-inference-755b67b9bb-7kvtl,default,yolo,580.178.04,GPU-d59cb1c4-ad97-d91a-6731-e7b5f38951a6
2026-10-10 06:28:44.609918,94.254,7,1g.11gb,yolo-inference-755b67b9bb-6w2jk,default,yolo,580.178.04,GPU-d59cb1c4-ad97-d91a-6731-e7b5f38951a6
2026-10-10 06:28:44.609918,94.488,8,1g.11gb,yolo-inference-755b67b9bb-zbflb,default,yolo,580.178.04,GPU-d59cb1c4-ad97-d91a-6731-e7b5f38951a6
2026-10-10 06:28:44.609918,94.538,9,1g.11gb,yolo-inference-755b67b9bb-6z9g8,default,yolo,580.178.04,GPU-d59cb1c4-ad97-d91a-6731-e7b5f38951a6
2026-10-10 06:28:49.612531,94.115,10,1g.11gb,yolo-inference-755b67b9bb-jvw65,default,yolo,580.178.04,GPU-d59cb1c4-ad97-d91a-6731-e7b5f38951a6
2026-10-10 06:28:49.612531,94.538,11,1g.11gb,yolo-inference-755b67b9bb-tpwv7,default,yolo,580.178.04,GPU-d59cb1c4-ad97-d91a-6731-e7b5f38951a6
2026-10-10 06:28:49.612531,94.391,12,1g.11gb,yolo-inference-755b67b9bb-cmfkj,default,yolo,580.178.04,GPU-d59cb1c4-ad97-d91a-6731-e7b5f38951a6
2026-10-10 06:28:49.612531,94.456,13,1g.11gb,yolo-inference-755b67b9bb-7kvtl,default,yolo,580.178.04,GPU-d59cb1c4-ad97-d91a-6731-e7b5f38951a6
2026-10-10 06:28:49.612531,94.254,7,1g.11gb,yolo-inference-755b67b9bb-6w2jk,default,yolo,580.178.04,GPU-d59cb1c4-ad97-d91a-6731-e7b5f38951a6
2026-10-10 06:28:49.612531,94.488,8,1g.11gb,yolo-inference-755b67b9bb-zbflb,default,yolo,580.178.04,GPU-d59cb1c4-ad97-d91a-6731-e7b5f38951a6
2026-10-10 06:28:49.612531,94.538,9,1g.11gb,yolo-inference-755b67b9bb-6z9g8,default,yolo,580.178.04,GPU-d59cb1c4-ad97-d91a-6731-e7b5f38951a6
2026-10-10 06:28:54.614195,94.115,10,1g.11gb,yolo-inference-755b67b9bb-jvw65,default,yolo,580.178.04,GPU-d59cb1c4-ad97-d91a-6731-e7b5f38951a6
2026-10-10 06:28:54.614195,94.538,11,1g.11gb,yolo-inference-755b67b9bb-tpwv7,default,yolo,580.178.04,GPU-d59cb1c4-ad97-d91a-6731-e7b5f38951a6
2026-10-10 06:28:54.614195,94.391,12,1g.11gb,yolo-inference-755b67b9bb-cmfkj,default,yolo,580.178.04,GPU-d59cb1c4-ad97-d91a-6731-e7b5f38951a6
2026-10-10 06:28:54.614195,94.456,13,1g.11gb,yolo-inference-755b67b9bb-7kvtl,default,yolo,580.178.04,GPU-d59cb1c4-ad97-d91a-6731-e7b5f38951a6
2026-10-10 06:28:54.614195,94.254,7,1g.11gb,yolo-inference-755b67b9bb-6w2jk,default,yolo,580.178.04,GPU-d59cb1c4-ad97-d91a-6731-e7b5f38951a6
2026-10-10 06:28:54.614195,94.488,8,1g.11gb,yolo-inference-755b67b9bb-zbflb,default,yolo,580.178.04,GPU-d59cb1c4-ad97-d91a-6731-e7b5f38951a6
2026-10-10 06:28:54.614195,94.538,9,1g.11gb,yolo-inference-755b67b9bb-6z9g8,default,yolo,580.178.04,GPU-d59cb1c4-ad97-d91a-6731-e7b5f38951a6
2026-10-10 06:28:59.609914,94.115,10,1g.11gb,yolo-inference-755b67b9bb-jvw65,default,yolo,580.178.04,GPU-d59cb1c4-ad97-d91a-6731-e7b5f38951a6
2026-10-10 06:28:59.609914,94.538,11,1g.11gb,yolo-inference-755b67b9bb-tpwv7,default,yolo,580.178.04,GPU-d59cb1c4-ad97-d91a-6731-e7b5f38951a6
2026-10-10 06:28:59.609914,94.391,12,1g.11gb,yolo-inference-755b67b9bb-cmfkj,default,yolo,580.178.04,GPU-d59cb1c4-ad97-d91a-6731-e7b5f38951a6
2026-10-10 06:28:59.609914,94.456,13,1g.11gb,yolo-inference-755b67b9bb-7kvtl,default,yolo,580.178.04,GPU-d59cb1c4-ad97-d91a-6731-e7b5f38951a6
2026-10-10 06:28:59.609914,94.254,7,1g.11gb,yolo-inference-755b67b9bb-6w2jk,default,yolo,580.178.04,GPU-d59cb1c4-ad97-d91a-6731-e7b5f38951a6
2026-10-10 06:28:59.609914,94.488,8,1g.11gb,yolo-inference-755b67b9bb-zbflb,default,yolo,580.178.04,GPU-d59cb1c4-ad97-d91a-6731-e7b5f38951a6
2026-10-10 06:28:59.609914,94.538,9,1g.11gb,yolo-inference-755b67b9bb-6z9g8,default,yolo,580.178.04,GPU-d59cb1c4-ad97-d91a-6731-e7b5f38951a6
2026-10-10 06:29:04.611179,94.115,10,1g.11gb,yolo-inference-755b67b9bb-jvw65,default,yolo,580.178.04,GPU-d59cb1c4-ad97-d91a-6731-e7b5f38951a6
2026-10-10 06:29:04.611179,94.538,11,1g.11gb,yolo-inference-755b67b9bb-tpwv7,default,yolo,580.178.04,GPU-d59cb1c4-ad97-d91a-6731-e7b5f38951a6
2026-10-10 06:29:04.611179,94.391,12,1g.11gb,yolo-inference-755b67b9bb-cmfkj,default,yolo,580.178.04,GPU-d59cb1c4-ad97-d91a-6731-e7b5f38951a6
2026-10-10 06:29:04.611179,94.456,13,1g.11gb,yolo-inference-755b67b9bb-7kvtl,default,yolo,580.178.04,GPU-d59cb1c4-ad97-d91a-6731-e7b5f38951a6
2026-10-10 06:29:04.611179,94.254,7,1g.11gb,yolo-inference-755b67b9bb-6w2jk,default,yolo,580.178.04,GPU-d59cb1c4-ad97-d91a-6731-e7b5f38951a6
2026-10-10 06:29:04.611179,94.488,8,1g.11gb,yolo-inference-755b67b9bb-zbflb,default,yolo,580.178.04,GPU-d59cb1c4-ad97-d91a-6731-e7b5f38951a6
2026-10-10 06:29:04.611179,94.538,9,1g.11gb,yolo-inference-755b67b9bb-6z9g8,default,yolo,580.178.04,GPU-d59cb1c4-ad97-d91a-6731-e7b5f38951a6
2026-10-10 06:29:09.612004,94.115,10,1g.11gb,yolo-inference-755b67b9bb-jvw65,default,yolo,580.178.04,GPU-d59cb1c4-ad97-d91a-6731-e7b5f38951a6
2026-10-10 06:29:09.612004,94.538,11,1g.11gb,yolo-inference-755b67b9bb-tpwv7,default,yolo,580.178.04,GPU-d59cb1c4-ad97-d91a-6731-e7b5f38951a6
2026-10-10 06:29:09.612004,94.391,12,1g.11gb,yolo-inference-755b67b9bb-cmfkj,default,yolo,580.178.04,GPU-d59cb1c4-ad97-d91a-6731-e7b5f38951a6
2026-10-10 06:29:09.612004,94.456,13,1g.11gb,yolo-inference-755b67b9bb-7kvtl,default,yolo,580.178.04,GPU-d59cb1c4-ad97-d91a-6731-e7b5f38951a6
2026-10-10 06:29:09.612004,94.254,7,1g.11gb,yolo-inference-755b67b9bb-6w2jk,default,yolo,580.178.04,GPU-d59cb1c4-ad97-d91a-6731-e7b5f38951a6
2026-10-10 06:29:09.612004,94.488,8,1g.11gb,yolo-inference-755b67b9bb-zbflb,default,yolo,580.178.04,GPU-d59cb1c4-ad97-d91a-6731-e7b5f38951a6
2026-10-10 06:29:09.612004,94.538,9,1g.11gb,yolo-inference-755b67b9bb-6z9g8,default,yolo,580.178.04,GPU-d59cb1c4-ad97-d91a-6731-e7b5f38951a6
2026-10-10 06:29:14.614189,94.42,10,1g.11gb,yolo-inference-755b67b9bb-jvw65,default,yolo,580.178.04,GPU-d59cb1c4-ad97-d91a-6731-e7b5f38951a6
2026-10-10 06:29:14.614189,94.89,11,1g.11gb,yolo-inference-755b67b9bb-tpwv7,default,yolo,580.178.04,GPU-d59cb1c4-ad97-d91a-6731-e7b5f38951a6
2026-10-10 06:29:14.614189,95.088,12,1g.11gb,yolo-inference-755b67b9bb-cmfkj,default,yolo,580.178.04,GPU-d59cb1c4-ad97-d91a-6731-e7b5f38951a6
2026-10-10 06:29:14.614189,94.75,13,1g.11gb,yolo-inference-755b67b9bb-7kvtl,default,yolo,580.178.04,GPU-d59cb1c4-ad97-d91a-6731-e7b5f38951a6
2026-10-10 06:29:14.614189,95.032,7,1g.11gb,yolo-inference-755b67b9bb-6w2jk,default,yolo,580.178.04,GPU-d59cb1c4-ad97-d91a-6731-e7b5f38951a6
2026-10-10 06:29:14.614189,95.088,8,1g.11gb,yolo-inference-755b67b9bb-zbflb,default,yolo,580.178.04,GPU-d59cb1c4-ad97-d91a-6731-e7b5f38951a6
2026-10-10 06:29:14.614189,94.89,9,1g.11gb,yolo-inference-755b67b9bb-6z9g8,default,yolo,580.178.04,GPU-d59cb1c4-ad97-d91a-6731-e7b5f38951a6
2026-10-10 06:29:19.611560,94.42,10,1g.11gb,yolo-inference-755b67b9bb-jvw65,default,yolo,580.178.04,GPU-d59cb1c4-ad97-d91a-6731-e7b5f38951a6
2026-10-10 06:29:19.611560,94.89,11,1g.11gb,yolo-inference-755b67b9bb-tpwv7,default,yolo,580.178.04,GPU-d59cb1c4-ad97-d91a-6731-e7b5f38951a6
2026-10-10 06:29:19.611560,95.088,12,1g.11gb,yolo-inference-755b67b9bb-cmfkj,default,yolo,580.178.04,GPU-d59cb1c4-ad97-d91a-6731-e7b5f38951a6
2026-10-10 06:29:19.611560,94.75,13,1g.11gb,yolo-inference-755b67b9bb-7kvtl,default,yolo,580.178.04,GPU-d59cb1c4-ad97-d91a-6731-e7b5f38951a6
2026-10-10 06:29:19.611560,95.032,7,1g.11gb,yolo-inference-755b67b9bb-6w2jk,default,yolo,580.178.04,GPU-d59cb1c4-ad97-d91a-6731-e7b5f38951a6
2026-10-10 06:29:19.611560,95.088,8,1g.11gb,yolo-inference-755b67b9bb-zbflb,default,yolo,580.178.04,GPU-d59cb1c4-ad97-d91a-6731-e7b5f38951a6
2026-10-10 06:29:19.611560,94.89,9,1g.11gb,yolo-inference-755b67b9bb-6z9g8,default,yolo,580.178.04,GPU-d59cb1c4-ad97-d91a-6731-e7b5f38951a6
2026-10-10 06:29:24.612708,94.42,10,1g.11gb,yolo-inference-755b67b9bb-jvw65,default,yolo,580.178.04,GPU-d59cb1c4-ad97-d91a-6731-e7b5f38951a6
2026-10-10 06:29:24.612708,94.89,11,1g.11gb,yolo-inference-755b67b9bb-tpwv7,default,yolo,580.178.04,GPU-d59cb1c4-ad97-d91a-6731-e7b5f38951a6
2026-10-10 06:29:24.612708,95.088,12,1g.11gb,yolo-inference-755b67b9bb-cmfkj,default,yolo,580.178.04,GPU-d59cb1c4-ad97-d91a-6731-e7b5f38951a6
2026-10-10 06:29:24.612708,94.75,13,1g.11gb,yolo-inference-755b67b9bb-7kvtl,default,yolo,580.178.04,GPU-d59cb1c4-ad97-d91a-6731-e7b5f38951a6
2026-10-10 06:29:24.612708,95.032,7,1g.11gb,yolo-inference-755b67b9bb-6w2jk,default,yolo,580.178.04,GPU-d59cb1c4-ad97-d91a-6731-e7b5f38951a6
2026-10-10 06:29:24.612708,95.088,8,1g.11gb,yolo-inference-755b67b9bb-zbflb,default,yolo,580.178.04,GPU-d59cb1c4-ad97-d91a-6731-e7b5f38951a6
2026-10-10 06:29:24.612708,94.89,9,1g.11gb,yolo-inference-755b67b9bb-6z9g8,default,yolo,580.178.04,GPU-d59cb1c4-ad97-d91a-6731-e7b5f38951a6
2026-10-10 06:29:29.614205,94.42,10,1g.11gb,yolo-inference-755b67b9bb-jvw65,default,yolo,580.178.04,GPU-d59cb1c4-ad97-d91a-6731-e7b5f38951a6
2026-10-10 06:29:29.614205,94.89,11,1g.11gb,yolo-inference-755b67b9bb-tpwv7,default,yolo,580.178.04,GPU-d59cb1c4-ad97-d91a-6731-e7b5f38951a6
2026-10-10 06:29:29.614205,95.088,12,1g.11gb,yolo-inference-755b67b9bb-cmfkj,default,yolo,580.178.04,GPU-d59cb1c4-ad97-d91a-6731-e7b5f38951a6
2026-10-10 06:29:29.614205,94.75,13,1g.11gb,yolo-inference-755b67b9bb-7kvtl,default,yolo,580.178.04,GPU-d59cb1c4-ad97-d91a-6731-e7b5f38951a6
2026-10-10 06:29:29.614205,95.032,7,1g.11gb,yolo-inference-755b67b9bb-6w2jk,default,yolo,580.178.04,GPU-d59cb1c4-ad97-d91a-6731-e7b5f38951a6
2026-10-10 06:29:29.614205,95.088,8,1g.11gb,yolo-inference-755b67b9bb-zbflb,default,yolo,580.178.04,GPU-d59cb1c4-ad97-d91a-6731-e7b5f38951a6
2026-10-10 06:29:29.614205,94.89,9,1g.11gb,yolo-inference-755b67b9bb-6z9g8,default,yolo,580.178.04,GPU-d59cb1c4-ad97-d91a-6731-e7b5f38951a6
2026-10-10 06:29:34.614211,94.42,10,1g.11gb,yolo-inference-755b67b9bb-jvw65,default,yolo,580.178.04,GPU-d59cb1c4-ad97-d91a-6731-e7b5f38951a6
2026-10-10 06:29:34.614211,94.89,11,1g.11gb,yolo-inference-755b67b9bb-tpwv7,default,yolo,580.178.04,GPU-d59cb1c4-ad97-d91a-6731-e7b5f38951a6
2026-10-10 06:29:34.614211,95.088,12,1g.11gb,yolo-inference-755b67b9bb-cmfkj,default,yolo,580.178.04,GPU-d59cb1c4-ad97-d91a-6731-e7b5f38951a6
2026-10-10 06:29:34.614211,94.75,13,1g.11gb,yolo-inference-755b67b9bb-7kvtl,default,yolo,580.178.04,GPU-d59cb1c4-ad97-d91a-6731-e7b5f38951a6
2026-10-10 06:29:34.614211,95.032,7,1g.11gb,yolo-inference-755b67b9bb-6w2jk,default,yolo,580.178.04,GPU-d59cb1c4-ad97-d91a-6731-e7b5f38951a6
2026-10-10 06:29:34.614211,95.088,8,1g.11gb,yolo-inference-755b67b9bb-zbflb,default,yolo,580.178.04,GPU-d59cb1c4-ad97-d91a-6731-e7b5f38951a6
2026-10-10 06:29:34.614211,94.89,9,1g.11gb,yolo-inference-755b67b9bb-6z9g8,default,yolo,580.178.04,GPU-d59cb1c4-ad97-d91a-6731-e7b5f38951a6
2026-10-10 06:29:39.611644,94.42,10,1g.11gb,yolo-inference-755b67b9bb-jvw65,default,yolo,580.178.04,GPU-d59cb1c4-ad97-d91a-6731-e7b5f38951a6
2026-10-10 06:29:39.611644,94.89,11,1g.11gb,yolo-inference-755b67b9bb-tpwv7,default,yolo,580.178.04,GPU-d59cb1c4-ad97-d91a-6731-e7b5f38951a6
2026-10-10 06:29:39.611644,95.088,12,1g.11gb,yolo-inference-755b67b9bb-cmfkj,default,yolo,580.178.04,GPU-d59cb1c4-ad97-d91a-6731-e7b5f38951a6
2026-10-10 06:29:39.611644,94.75,13,1g.11gb,yolo-inference-755b67b9bb-7kvtl,default,yolo,580.178.04,GPU-d59cb1c4-ad97-d91a-6731-e7b5f38951a6
2026-10-10 06:29:39.611644,95.032,7,1g.11gb,yolo-inference-755b67b9bb-6w2jk,default,yolo,580.178.04,GPU-d59cb1c4-ad97-d91a-6731-e7b5f38951a6
2026-10-10 06:29:39.611644,95.088,8,1g.11gb,yolo-inference-755b67b9bb-zbflb,default,yolo,580.178.04,GPU-d59cb1c4-ad97-d91a-6731-e7b5f38951a6
2026-10-10 06:29:39.611644,94.89,9,1g.11gb,yolo-inference-755b67b9bb-6z9g8,default,yolo,580.178.04,GPU-d59cb1c4-ad97-d91a-6731-e7b5f38951a6
2026-10-10 06:29:44.612584,94.436,10,1g.11gb,yolo-inference-755b67b9bb-jvw65,default,yolo,580.178.04,GPU-d59cb1c4-ad97-d91a-6731-e7b5f38951a6
2026-10-10 06:29:44.612584,94.428,11,1g.11gb,yolo-inference-755b67b9bb-tpwv7,default,yolo,580.178.04,GPU-d59cb1c4-ad97-d91a-6731-e7b5f38951a6
2026-10-10 06:29:44.612584,94.436,12,1g.11gb,yolo-inference-755b67b9bb-cmfkj,default,yolo,580.178.04,GPU-d59cb1c4-ad97-d91a-6731-e7b5f38951a6
2026-10-10 06:29:44.612584,94.461,13,1g.11gb,yolo-inference-755b67b9bb-7kvtl,default,yolo,580.178.04,GPU-d59cb1c4-ad97-d91a-6731-e7b5f38951a6
2026-10-10 06:29:44.612584,94.373,7,1g.11gb,yolo-inference-755b67b9bb-6w2jk,default,yolo,580.178.04,GPU-d59cb1c4-ad97-d91a-6731-e7b5f38951a6
2026-10-10 06:29:44.612584,94.436,8,1g.11gb,yolo-inference-755b67b9bb-zbflb,default,yolo,580.178.04,GPU-d59cb1c4-ad97-d91a-6731-e7b5f38951a6
2026-10-10 06:29:44.612584,94.428,9,1g.11gb,yolo-inference-755b67b9bb-6z9g8,default,yolo,580.178.04,GPU-d59cb1c4-ad97-d91a-6731-e7b5f38951a6
2026-10-10 06:29:49.614187,94.436,10,1g.11gb,yolo-inference-755b67b9bb-jvw65,default,yolo,580.178.04,GPU-d59cb1c4-ad97-d91a-6731-e7b5f38951a6
2026-10-10 06:29:49.614187,94.428,11,1g.11gb,yolo-inference-755b67b9bb-tpwv7,default,yolo,580.178.04,GPU-d59cb1c4-ad97-d91a-6731-e7b5f38951a6
2026-10-10 06:29:49.614187,94.436,12,1g.11gb,yolo-inference-755b67b9bb-cmfkj,default,yolo,580.178.04,GPU-d59cb1c4-ad97-d91a-6731-e7b5f38951a6
2026-10-10 06:29:49.614187,94.461,13,1g.11gb,yolo-inference-755b67b9bb-7kvtl,default,yolo,580.178.04,GPU-d59cb1c4-ad97-d91a-6731-e7b5f38951a6
2026-10-10 06:29:49.614187,94.373,7,1g.11gb,yolo-inference-755b67b9bb-6w2jk,default,yolo,580.178.04,GPU-d59cb1c4-ad97-d91a-6731-e7b5f38951a6
2026-10-10 06:29:49.614187,94.436,8,1g.11gb,yolo-inference-755b67b9bb-zbflb,default,yolo,580.178.04,GPU-d59cb1c4-ad97-d91a-6731-e7b5f38951a6
2026-10-10 06:29:49.614187,94.428,9,1g.11gb,yolo-inference-755b67b9bb-6z9g8,default,yolo,580.178.04,GPU-d59cb1c4-ad97-d91a-6731-e7b5f38951a6
2026-10-10 06:29:54.610422,94.436,10,1g.11gb,yolo-inference-755b67b9bb-jvw65,default,yolo,580.178.04,GPU-d59cb1c4-ad97-d91a-6731-e7b5f38951a6
2026-10-10 06:29:54.610422,94.428,11,1g.11gb,yolo-inference-755b67b9bb-tpwv7,default,yolo,580.178.04,GPU-d59cb1c4-ad97-d91a-6731-e7b5f38951a6
2026-10-10 06:29:54.610422,94.436,12,1g.11gb,yolo-inference-755b67b9bb-cmfkj,default,yolo,580.178.04,GPU-d59cb1c4-ad97-d91a-6731-e7b5f38951a6
2026-10-10 06:29:54.610422,94.461,13,1g.11gb,yolo-inference-755b67b9bb-7kvtl,default,yolo,580.178.04,GPU-d59cb1c4-ad97-d91a-6731-e7b5f38951a6
2026-10-10 06:29:54.610422,94.373,7,1g.11gb,yolo-inference-755b67b9bb-6w2jk,default,yolo,580.178.04,GPU-d59cb1c4-ad97-d91a-6731-e7b5f38951a6
2026-10-10 06:29:54.610422,94.436,8,1g.11gb,yolo-inference-755b67b9bb-zbflb,default,yolo,580.178.04,GPU-d59cb1c4-ad97-d91a-6731-e7b5f38951a6
2026-10-10 06:29:54.610422,94.428,9,1g.11gb,yolo-inference-755b67b9bb-6z9g8,default,yolo,580.178.04,GPU-d59cb1c4-ad97-d91a-6731-e7b5f38951a6
2026-10-10 06:29:59.614205,94.436,10,1g.11gb,yolo-inference-755b67b9bb-jvw65,default,yolo,580.178.04,GPU-d59cb1c4-ad97-d91a-6731-e7b5f38951a6
2026-10-10 06:29:59.614205,94.428,11,1g.11gb,yolo-inference-755b67b9bb-tpwv7,default,yolo,580.178.04,GPU-d59cb1c4-ad97-d91a-6731-e7b5f38951a6
2026-10-10 06:29:59.614205,94.436,12,1g.11gb,yolo-inference-755b67b9bb-cmfkj,default,yolo,580.178.04,GPU-d59cb1c4-ad97-d91a-6731-e7b5f38951a6
2026-10-10 06:29:59.614205,94.461,13,1g.11gb,yolo-inference-755b67b9bb-7kvtl,default,yolo,580.178.04,GPU-d59cb1c4-ad97-d91a-6731-e7b5f38951a6
2026-10-10 06:29:59.614205,94.373,7,1g.11gb,yolo-inference-755b67b9bb-6w2jk,default,yolo,580.178.04,GPU-d59cb1c4-ad97-d91a-6731-e7b5f38951a6
2026-10-10 06:29:59.614205,94.436,8,1g.11gb,yolo-inference-755b67b9bb-zbflb,default,yolo,580.178.04,GPU-d59cb1c4-ad97-d91a-6731-e7b5f38951a6
2026-10-10 06:29:59.614205,94.428,9,1g.11gb,yolo-inference-755b67b9bb-6z9g8,default,yolo,580.178.04,GPU-d59cb1c4-ad97-d91a-6731-e7b5f38951a6
2026-10-10 06:30:04.614183,94.436,10,1g.11gb,yolo-inference-755b67b9bb-jvw65,default,yolo,580.178.04,GPU-d59cb1c4-ad97-d91a-6731-e7b5f38951a6
2026-10-10 06:30:04.614183,94.428,11,1g.11gb,yolo-inference-755b67b9bb-tpwv7,default,yolo,580.178.04,GPU-d59cb1c4-ad97-d91a-6731-e7b5f38951a6
2026-10-10 06:30:04.614183,94.436,12,1g.11gb,yolo-inference-755b67b9bb-cmfkj,default,yolo,580.178.04,GPU-d59cb1c4-ad97-d91a-6731-e7b5f38951a6
2026-10-10 06:30:04.614183,94.461,13,1g.11gb,yolo-inference-755b67b9bb-7kvtl,default,yolo,580.178.04,GPU-d59cb1c4-ad97-d91a-6731-e7b5f38951a6
2026-10-10 06:30:04.614183,94.373,7,1g.11gb,yolo-inference-755b67b9bb-6w2jk,default,yolo,580.178.04,GPU-d59cb1c4-ad97-d91a-6731-e7b5f38951a6
2026-10-10 06:30:04.614183,94.436,8,1g.11gb,yolo-inference-755b67b9bb-zbflb,default,yolo,580.178.04,GPU-d59cb1c4-ad97-d91a-6731-e7b5f38951a6
2026-10-10 06:30:04.614183,94.428,9,1g.11gb,yolo-inference-755b67b9bb-6z9g8,default,yolo,580.178.04,GPU-d59cb1c4-ad97-d91a-6731-e7b5f38951a6
2026-10-10 06:30:09.614212,94.436,10,1g.11gb,yolo-inference-755b67b9bb-jvw65,default,yolo,580.178.04,GPU-d59cb1c4-ad97-d91a-6731-e7b5f38951a6
2026-10-10 06:30:09.614212,94.428,11,1g.11gb,yolo-inference-755b67b9bb-tpwv7,default,yolo,580.178.04,GPU-d59cb1c4-ad97-d91a-6731-e7b5f38951a6
2026-10-10 06:30:09.614212,94.436,12,1g.11gb,yolo-inference-755b67b9bb-cmfkj,default,yolo,580.178.04,GPU-d59cb1c4-ad97-d91a-6731-e7b5f38951a6
2026-10-10 06:30:09.614212,94.461,13,1g.11gb,yolo-inference-755b67b9bb-7kvtl,default,yolo,580.178.04,GPU-d59cb1c4-ad97-d91a-6731-e7b5f38951a6
2026-10-10 06:30:09.614212,94.373,7,1g.11gb,yolo-inference-755b67b9bb-6w2jk,default,yolo,580.178.04,GPU-d59cb1c4-ad97-d91a-6731-e7b5f38951a6
2026-10-10 06:30:09.614212,94.436,8,1g.11gb,yolo-inference-755b67b9bb-zbflb,default,yolo,580.178.04,GPU-d59cb1c4-ad97-d91a-6731-e7b5f38951a6
2026-10-10 06:30:09.614212,94.428,9,1g.11gb,yolo-inference-755b67b9bb-6z9g8,default,yolo,580.178.04,GPU-d59cb1c4-ad97-d91a-6731-e7b5f38951a6
2026-10-10 06:30:14.610331,92.944,10,1g.11gb,yolo-inference-755b67b9bb-jvw65,default,yolo,580.178.04,GPU-d59cb1c4-ad97-d91a-6731-e7b5f38951a6
2026-10-10 06:30:14.610331,92.808,11,1g.11gb,yolo-inference-755b67b9bb-tpwv7,default,yolo,580.178.04,GPU-d59cb1c4-ad97-d91a-6731-e7b5f38951a6
2026-10-10 06:30:14.610331,92.736,12,1g.11gb,yolo-inference-755b67b9bb-cmfkj,default,yolo,580.178.04,GPU-d59cb1c4-ad97-d91a-6731-e7b5f38951a6
2026-10-10 06:30:14.610331,92.738,13,1g.11gb,yolo-inference-755b67b9bb-7kvtl,default,yolo,580.178.04,GPU-d59cb1c4-ad97-d91a-6731-e7b5f38951a6
2026-10-10 06:30:14.610331,92.787,7,1g.11gb,yolo-inference-755b67b9bb-6w2jk,default,yolo,580.178.04,GPU-d59cb1c4-ad97-d91a-6731-e7b5f38951a6
2026-10-10 06:30:14.610331,92.736,8,1g.11gb,yolo-inference-755b67b9bb-zbflb,default,yolo,580.178.04,GPU-d59cb1c4-ad97-d91a-6731-e7b5f38951a6
2026-10-10 06:30:14.610331,92.654,9,1g.11gb,yolo-inference-755b67b9bb-6z9g8,default,yolo,580.178.04,GPU-d59cb1c4-ad97-d91a-6731-e7b5f38951a6
2026-10-10 06:30:19.609686,92.944,10,1g.11gb,yolo-inference-755b67b9bb-jvw65,default,yolo,580.178.04,GPU-d59cb1c4-ad97-d91a-6731-e7b5f38951a6
2026-10-10 06:30:19.609686,92.808,11,1g.11gb,yolo-inference-755b67b9bb-tpwv7,default,yolo,580.178.04,GPU-d59cb1c4-ad97-d91a-6731-e7b5f38951a6
2026-10-10 06:30:19.609686,92.736,12,1g.11gb,yolo-inference-755b67b9bb-cmfkj,default,yolo,580.178.04,GPU-d59cb1c4-ad97-d91a-6731-e7b5f38951a6
2026-10-10 06:30:19.609686,92.738,13,1g.11gb,yolo-inference-755b67b9bb-7kvtl,default,yolo,580.178.04,GPU-d59cb1c4-ad97-d91a-6731-e7b5f38951a6
2026-10-10 06:30:19.609686,92.787,7,1g.11gb,yolo-inference-755b67b9bb-6w2jk,default,yolo,580.178.04,GPU-d59cb1c4-ad97-d91a-6731-e7b5f38951a6
2026-10-10 06:30:19.609686,92.736,8,1g.11gb,yolo-inference-755b67b9bb-zbflb,default,yolo,580.178.04,GPU-d59cb1c4-ad97-d91a-6731-e7b5f38951a6
2026-10-10 06:30:19.609686,92.654,9,1g.11gb,yolo-inference-755b67b9bb-6z9g8,default,yolo,580.178.04,GPU-d59cb1c4-ad97-d91a-6731-e7b5f38951a6
2026-10-10 06:30:24.614195,92.944,10,1g.11gb,yolo-inference-755b67b9bb-jvw65,default,yolo,580.178.04,GPU-d59cb1c4-ad97-d91a-6731-e7b5f38951a6
2026-10-10 06:30:24.614195,92.808,11,1g.11gb,yolo-inference-755b67b9bb-tpwv7,default,yolo,580.178.04,GPU-d59cb1c4-ad97-d91a-6731-e7b5f38951a6
2026-10-10 06:30:24.614195,92.736,12,1g.11gb,yolo-inference-755b67b9bb-cmfkj,default,yolo,580.178.04,GPU-d59cb1c4-ad97-d91a-6731-e7b5f38951a6
2026-10-10 06:30:24.614195,92.738,13,1g.11gb,yolo-inference-755b67b9bb-7kvtl,default,yolo,580.178.04,GPU-d59cb1c4-ad97-d91a-6731-e7b5f38951a6
2026-10-10 06:30:24.614195,92.787,7,1g.11gb,yolo-inference-755b67b9bb-6w2jk,default,yolo,580.178.04,GPU-d59cb1c4-ad97-d91a-6731-e7b5f38951a6
2026-10-10 06:30:24.614195,92.736,8,1g.11gb,yolo-inference-755b67b9bb-zbflb,default,yolo,580.178.04,GPU-d59cb1c4-ad97-d91a-6731-e7b5f38951a6
2026-10-10 06:30:24.614195,92.654,9,1g.11gb,yolo-inference-755b67b9bb-6z9g8,default,yolo,580.178.04,GPU-d59cb1c4-ad97-d91a-6731-e7b5f38951a6
2026-10-10 06:30:29.614197,92.944,10,1g.11gb,yolo-inference-755b67b9bb-jvw65,default,yolo,580.178.04,GPU-d59cb1c4-ad97-d91a-6731-e7b5f38951a6
2026-10-10 06:30:29.614197,92.808,11,1g.11gb,yolo-inference-755b67b9bb-tpwv7,default,yolo,580.178.04,GPU-d59cb1c4-ad97-d91a-6731-e7b5f38951a6
2026-10-10 06:30:29.614197,92.736,12,1g.11gb,yolo-inference-755b67b9bb-cmfkj,default,yolo,580.178.04,GPU-d59cb1c4-ad97-d91a-6731-e7b5f38951a6
2026-10-10 06:30:29.614197,92.738,13,1g.11gb,yolo-inference-755b67b9bb-7kvtl,default,yolo,580.178.04,GPU-d59cb1c4-ad97-d91a-6731-e7b5f38951a6
2026-10-10 06:30:29.614197,92.787,7,1g.11gb,yolo-inference-755b67b9bb-6w2jk,default,yolo,580.178.04,GPU-d59cb1c4-ad97-d91a-6731-e7b5f38951a6
2026-10-10 06:30:29.614197,92.736,8,1g.11gb,yolo-inference-755b67b9bb-zbflb,default,yolo,580.178.04,GPU-d59cb1c4-ad97-d91a-6731-e7b5f38951a6
2026-10-10 06:30:29.614197,92.654,9,1g.11gb,yolo-inference-755b67b9bb-6z9g8,default,yolo,580.178.04,GPU-d59cb1c4-ad97-d91a-6731-e7b5f38951a6
2026-10-10 06:30:34.612717,92.944,10,1g.11gb,yolo-inference-755b67b9bb-jvw65,default,yolo,580.178.04,GPU-d59cb1c4-ad97-d91a-6731-e7b5f38951a6
2026-10-10 06:30:34.612717,92.808,11,1g.11gb,yolo-inference-755b67b9bb-tpwv7,default,yolo,580.178.04,GPU-d59cb1c4-ad97-d91a-6731-e7b5f38951a6
2026-10-10 06:30:34.612717,92.736,12,1g.11gb,yolo-inference-755b67b9bb-cmfkj,default,yolo,580.178.04,GPU-d59cb1c4-ad97-d91a-6731-e7b5f38951a6
2026-10-10 06:30:34.612717,92.738,13,1g.11gb,yolo-inference-755b67b9bb-7kvtl,default,yolo,580.178.04,GPU-d59cb1c4-ad97-d91a-6731-e7b5f38951a6
2026-10-10 06:30:34.612717,92.787,7,1g.11gb,yolo-inference-755b67b9bb-6w2jk,default,yolo,580.178.04,GPU-d59cb1c4-ad97-d91a-6731-e7b5f38951a6
2026-10-10 06:30:34.612717,92.736,8,1g.11gb,yolo-inference-755b67b9bb-zbflb,default,yolo,580.178.04,GPU-d59cb1c4-ad97-d91a-6731-e7b5f38951a6
2026-10-10 06:30:34.612717,92.654,9,1g.11gb,yolo-inference-755b67b9bb-6z9g8,default,yolo,580.178.04,GPU-d59cb1c4-ad97-d91a-6731-e7b5f38951a6
2026-10-10 06:30:39.614180,92.944,10,1g.11gb,yolo-inference-755b67b9bb-jvw65,default,yolo,580.178.04,GPU-d59cb1c4-ad97-d91a-6731-e7b5f38951a6
2026-10-10 06:30:39.614180,92.808,11,1g.11gb,yolo-inference-755b67b9bb-tpwv7,default,yolo,580.178.04,GPU-d59cb1c4-ad97-d91a-6731-e7b5f38951a6
2026-10-10 06:30:39.614180,92.736,12,1g.11gb,yolo-inference-755b67b9bb-cmfkj,default,yolo,580.178.04,GPU-d59cb1c4-ad97-d91a-6731-e7b5f38951a6
2026-10-10 06:30:39.614180,92.738,13,1g.11gb,yolo-inference-755b67b9bb-7kvtl,default,yolo,580.178.04,GPU-d59cb1c4-ad97-d91a-6731-e7b5f38951a6
2026-10-10 06:30:39.614180,92.787,7,1g.11gb,yolo-inference-755b67b9bb-6w2jk,default,yolo,580.178.04,GPU-d59cb1c4-ad97-d91a-6731-e7b5f38951a6
2026-10-10 06:30:39.614180,92.736,8,1g.11gb,yolo-inference-755b67b9bb-zbflb,default,yolo,580.178.04,GPU-d59cb1c4-ad97-d91a-6731-e7b5f38951a6
2026-10-10 06:30:39.614180,92.654,9,1g.11gb,yolo-inference-755b67b9bb-6z9g8,default,yolo,580.178.04,GPU-d59cb1c4-ad97-d91a-6731-e7b5f38951a6
2026-10-10 06:30:44.610242,92.355,10,1g.11gb,yolo-inference-755b67b9bb-jvw65,default,yolo,580.178.04,GPU-d59cb1c4-ad97-d91a-6731-e7b5f38951a6
2026-10-10 06:30:44.610242,92.405,11,1g.11gb,yolo-inference-755b67b9bb-tpwv7,default,yolo,580.178.04,GPU-d59cb1c4-ad97-d91a-6731-e7b5f38951a6
2026-10-10 06:30:44.610242,92.713,12,1g.11gb,yolo-inference-755b67b9bb-cmfkj,default,yolo,580.178.04,GPU-d59cb1c4-ad97-d91a-6731-e7b5f38951a6
2026-10-10 06:30:44.610242,92.365,13,1g.11gb,yolo-inference-755b67b9bb-7kvtl,default,yolo,580.178.04,GPU-d59cb1c4-ad97-d91a-6731-e7b5f38951a6
2026-10-10 06:30:44.610242,92.548,7,1g.11gb,yolo-inference-755b67b9bb-6w2jk,default,yolo,580.178.04,GPU-d59cb1c4-ad97-d91a-6731-e7b5f38951a6
2026-10-10 06:30:44.610242,92.713,8,1g.11gb,yolo-inference-755b67b9bb-zbflb,default,yolo,580.178.04,GPU-d59cb1c4-ad97-d91a-6731-e7b5f38951a6
2026-10-10 06:30:44.610242,92.386,9,1g.11gb,yolo-inference-755b67b9bb-6z9g8,default,yolo,580.178.04,GPU-d59cb1c4-ad97-d91a-6731-e7b5f38951a6
2026-10-10 06:30:49.609682,92.355,10,1g.11gb,yolo-inference-755b67b9bb-jvw65,default,yolo,580.178.04,GPU-d59cb1c4-ad97-d91a-6731-e7b5f38951a6
2026-10-10 06:30:49.609682,92.405,11,1g.11gb,yolo-inference-755b67b9bb-tpwv7,default,yolo,580.178.04,GPU-d59cb1c4-ad97-d91a-6731-e7b5f38951a6
2026-10-10 06:30:49.609682,92.713,12,1g.11gb,yolo-inference-755b67b9bb-cmfkj,default,yolo,580.178.04,GPU-d59cb1c4-ad97-d91a-6731-e7b5f38951a6
2026-10-10 06:30:49.609682,92.365,13,1g.11gb,yolo-inference-755b67b9bb-7kvtl,default,yolo,580.178.04,GPU-d59cb1c4-ad97-d91a-6731-e7b5f38951a6
2026-10-10 06:30:49.609682,92.548,7,1g.11gb,yolo-inference-755b67b9bb-6w2jk,default,yolo,580.178.04,GPU-d59cb1c4-ad97-d91a-6731-e7b5f38951a6
2026-10-10 06:30:49.609682,92.713,8,1g.11gb,yolo-inference-755b67b9bb-zbflb,default,yolo,580.178.04,GPU-d59cb1c4-ad97-d91a-6731-e7b5f38951a6
2026-10-10 06:30:49.609682,92.386,9,1g.11gb,yolo-inference-755b67b9bb-6z9g8,default,yolo,580.178.04,GPU-d59cb1c4-ad97-d91a-6731-e7b5f38951a6
2026-10-10 06:30:54.612707,92.355,10,1g.11gb,yolo-inference-755b67b9bb-jvw65,default,yolo,580.178.04,GPU-d59cb1c4-ad97-d91a-6731-e7b5f38951a6
2026-10-10 06:30:54.612707,92.405,11,1g.11gb,yolo-inference-755b67b9bb-tpwv7,default,yolo,580.178.04,GPU-d59cb1c4-ad97-d91a-6731-e7b5f38951a6
2026-10-10 06:30:54.612707,92.713,12,1g.11gb,yolo-inference-755b67b9bb-cmfkj,default,yolo,580.178.04,GPU-d59cb1c4-ad97-d91a-6731-e7b5f38951a6
2026-10-10 06:30:54.612707,92.365,13,1g.11gb,yolo-inference-755b67b9bb-7kvtl,default,yolo,580.178.04,GPU-d59cb1c4-ad97-d91a-6731-e7b5f38951a6
2026-10-10 06:30:54.612707,92.548,7,1g.11gb,yolo-inference-755b67b9bb-6w2jk,default,yolo,580.178.04,GPU-d59cb1c4-ad97-d91a-6731-e7b5f38951a6
2026-10-10 06:30:54.612707,92.713,8,1g.11gb,yolo-inference-755b67b9bb-zbflb,default,yolo,580.178.04,GPU-d59cb1c4-ad97-d91a-6731-e7b5f38951a6
2026-10-10 06:30:54.612707,92.386,9,1g.11gb,yolo-inference-755b67b9bb-6z9g8,default,yolo,580.178.04,GPU-d59cb1c4-ad97-d91a-6731-e7b5f38951a6
2026-10-10 06:30:59.614225,92.355,10,1g.11gb,yolo-inference-755b67b9bb-jvw65,default,yolo,580.178.04,GPU-d59cb1c4-ad97-d91a-6731-e7b5f38951a6
2026-10-10 06:30:59.614225,92.405,11,1g.11gb,yolo-inference-755b67b9bb-tpwv7,default,yolo,580.178.04,GPU-d59cb1c4-ad97-d91a-6731-e7b5f38951a6
2026-10-10 06:30:59.614225,92.713,12,1g.11gb,yolo-inference-755b67b9bb-cmfkj,default,yolo,580.178.04,GPU-d59cb1c4-ad97-d91a-6731-e7b5f38951a6
2026-10-10 06:30:59.614225,92.365,13,1g.11gb,yolo-inference-755b67b9bb-7kvtl,default,yolo,580.178.04,GPU-d59cb1c4-ad97-d91a-6731-e7b5f38951a6
2026-10-10 06:30:59.614225,92.548,7,1g.11gb,yolo-inference-755b67b9bb-6w2jk,default,yolo,580.178.04,GPU-d59cb1c4-ad97-d91a-6731-e7b5f38951a6
2026-10-10 06:30:59.614225,92.713,8,1g.11gb,yolo-inference-755b67b9bb-zbflb,default,yolo,580.178.04,GPU-d59cb1c4-ad97-d91a-6731-e7b5f38951a6
2026-10-10 06:30:59.614225,92.386,9,1g.11gb,yolo-inference-755b67b9bb-6z9g8,default,yolo,580.178.04,GPU-d59cb1c4-ad97-d91a-6731-e7b5f38951a6
2026-10-10 06:31:04.614201,92.355,10,1g.11gb,yolo-inference-755b67b9bb-jvw65,default,yolo,580.178.04,GPU-d59cb1c4-ad97-d91a-6731-e7b5f38951a6
2026-10-10 06:31:04.614201,92.405,11,1g.11gb,yolo-inference-755b67b9bb-tpwv7,default,yolo,580.178.04,GPU-d59cb1c4-ad97-d91a-6731-e7b5f38951a6
2026-10-10 06:31:04.614201,92.713,12,1g.11gb,yolo-inference-755b67b9bb-cmfkj,default,yolo,580.178.04,GPU-d59cb1c4-ad97-d91a-6731-e7b5f38951a6
2026-10-10 06:31:04.614201,92.365,13,1g.11gb,yolo-inference-755b67b9bb-7kvtl,default,yolo,580.178.04,GPU-d59cb1c4-ad97-d91a-6731-e7b5f38951a6
2026-10-10 06:31:04.614201,92.548,7,1g.11gb,yolo-inference-755b67b9bb-6w2jk,default,yolo,580.178.04,GPU-d59cb1c4-ad97-d91a-6731-e7b5f38951a6
2026-10-10 06:31:04.614201,92.713,8,1g.11gb,yolo-inference-755b67b9bb-zbflb,default,yolo,580.178.04,GPU-d59cb1c4-ad97-d91a-6731-e7b5f38951a6
2026-10-10 06:31:04.614201,92.386,9,1g.11gb,yolo-inference-755b67b9bb-6z9g8,default,yolo,580.178.04,GPU-d59cb1c4-ad97-d91a-6731-e7b5f38951a6
2026-10-10 06:31:09.614181,92.355,10,1g.11gb,yolo-inference-755b67b9bb-jvw65,default,yolo,580.178.04,GPU-d59cb1c4-ad97-d91a-6731-e7b5f38951a6
2026-10-10 06:31:09.614181,92.405,11,1g.11gb,yolo-inference-755b67b9bb-tpwv7,default,yolo,580.178.04,GPU-d59cb1c4-ad97-d91a-6731-e7b5f38951a6
2026-10-10 06:31:09.614181,92.713,12,1g.11gb,yolo-inference-755b67b9bb-cmfkj,default,yolo,580.178.04,GPU-d59cb1c4-ad97-d91a-6731-e7b5f38951a6
2026-10-10 06:31:09.614181,92.365,13,1g.11gb,yolo-inference-755b67b9bb-7kvtl,default,yolo,580.178.04,GPU-d59cb1c4-ad97-d91a-6731-e7b5f38951a6
2026-10-10 06:31:09.614181,92.548,7,1g.11gb,yolo-inference-755b67b9bb-6w2jk,default,yolo,580.178.04,GPU-d59cb1c4-ad97-d91a-6731-e7b5f38951a6
2026-10-10 06:31:09.614181,92.713,8,1g.11gb,yolo-inference-755b67b9bb-zbflb,default,yolo,580.178.04,GPU-d59cb1c4-ad97-d91a-6731-e7b5f38951a6
2026-10-10 06:31:09.614181,92.386,9,1g.11gb,yolo-inference-755b67b9bb-6z9g8,default,yolo,580.178.04,GPU-d59cb1c4-ad97-d91a-6731-e7b5f38951a6
2026-10-10 06:31:14.614199,92.608,10,1g.11gb,yolo-inference-755b67b9bb-jvw65,default,yolo,580.178.04,GPU-d59cb1c4-ad97-d91a-6731-e7b5f38951a6
2026-10-10 06:31:14.614199,92.659,11,1g.11gb,yolo-inference-755b67b9bb-tpwv7,default,yolo,580.178.04,GPU-d59cb1c4-ad97-d91a-6731-e7b5f38951a6
2026-10-10 06:31:14.614199,92.622,12,1g.11gb,yolo-inference-755b67b9bb-cmfkj,default,yolo,580.178.04,GPU-d59cb1c4-ad97-d91a-6731-e7b5f38951a6
2026-10-10 06:31:14.614199,92.906,13,1g.11gb,yolo-inference-755b67b9bb-7kvtl,default,yolo,580.178.04,GPU-d59cb1c4-ad97-d91a-6731-e7b5f38951a6
2026-10-10 06:31:14.614199,92.667,7,1g.11gb,yolo-inference-755b67b9bb-6w2jk,default,yolo,580.178.04,GPU-d59cb1c4-ad97-d91a-6731-e7b5f38951a6
2026-10-10 06:31:14.614199,92.622,8,1g.11gb,yolo-inference-755b67b9bb-zbflb,default,yolo,580.178.04,GPU-d59cb1c4-ad97-d91a-6731-e7b5f38951a6
2026-10-10 06:31:14.614199,92.725,9,1g.11gb,yolo-inference-755b67b9bb-6z9g8,default,yolo,580.178.04,GPU-d59cb1c4-ad97-d91a-6731-e7b5f38951a6
2026-10-10 06:31:19.614186,92.608,10,1g.11gb,yolo-inference-755b67b9bb-jvw65,default,yolo,580.178.04,GPU-d59cb1c4-ad97-d91a-6731-e7b5f38951a6
2026-10-10 06:31:19.614186,92.659,11,1g.11gb,yolo-inference-755b67b9bb-tpwv7,default,yolo,580.178.04,GPU-d59cb1c4-ad97-d91a-6731-e7b5f38951a6
2026-10-10 06:31:19.614186,92.622,12,1g.11gb,yolo-inference-755b67b9bb-cmfkj,default,yolo,580.178.04,GPU-d59cb1c4-ad97-d91a-6731-e7b5f38951a6
2026-10-10 06:31:19.614186,92.906,13,1g.11gb,yolo-inference-755b67b9bb-7kvtl,default,yolo,580.178.04,GPU-d59cb1c4-ad97-d91a-6731-e7b5f38951a6
2026-10-10 06:31:19.614186,92.667,7,1g.11gb,yolo-inference-755b67b9bb-6w2jk,default,yolo,580.178.04,GPU-d59cb1c4-ad97-d91a-6731-e7b5f38951a6
2026-10-10 06:31:19.614186,92.622,8,1g.11gb,yolo-inference-755b67b9bb-zbflb,default,yolo,580.178.04,GPU-d59cb1c4-ad97-d91a-6731-e7b5f38951a6
2026-10-10 06:31:19.614186,92.725,9,1g.11gb,yolo-inference-755b67b9bb-6z9g8,default,yolo,580.178.04,GPU-d59cb1c4-ad97-d91a-6731-e7b5f38951a6
2026-10-10 06:31:24.609433,92.608,10,1g.11gb,yolo-inference-755b67b9bb-jvw65,default,yolo,580.178.04,GPU-d59cb1c4-ad97-d91a-6731-e7b5f38951a6
2026-10-10 06:31:24.609433,92.659,11,1g.11gb,yolo-inference-755b67b9bb-tpwv7,default,yolo,580.178.04,GPU-d59cb1c4-ad97-d91a-6731-e7b5f38951a6
2026-10-10 06:31:24.609433,92.622,12,1g.11gb,yolo-inference-755b67b9bb-cmfkj,default,yolo,580.178.04,GPU-d59cb1c4-ad97-d91a-6731-e7b5f38951a6
2026-10-10 06:31:24.609433,92.906,13,1g.11gb,yolo-inference-755b67b9bb-7kvtl,default,yolo,580.178.04,GPU-d59cb1c4-ad97-d91a-6731-e7b5f38951a6
2026-10-10 06:31:24.609433,92.667,7,1g.11gb,yolo-inference-755b67b9bb-6w2jk,default,yolo,580.178.04,GPU-d59cb1c4-ad97-d91a-6731-e7b5f38951a6
2026-10-10 06:31:24.609433,92.622,8,1g.11gb,yolo-inference-755b67b9bb-zbflb,default,yolo,580.178.04,GPU-d59cb1c4-ad97-d91a-6731-e7b5f38951a6
2026-10-10 06:31:24.609433,92.725,9,1g.11gb,yolo-inference-755b67b9bb-6z9g8,default,yolo,580.178.04,GPU-d59cb1c4-ad97-d91a-6731-e7b5f38951a6
2026-10-10 06:31:29.611698,92.608,10,1g.11gb,yolo-inference-755b67b9bb-jvw65,default,yolo,580.178.04,GPU-d59cb1c4-ad97-d91a-6731-e7b5f38951a6
2026-10-10 06:31:29.611698,92.659,11,1g.11gb,yolo-inference-755b67b9bb-tpwv7,default,yolo,580.178.04,GPU-d59cb1c4-ad97-d91a-6731-e7b5f38951a6
2026-10-10 06:31:29.611698,92.622,12,1g.11gb,yolo-inference-755b67b9bb-cmfkj,default,yolo,580.178.04,GPU-d59cb1c4-ad97-d91a-6731-e7b5f38951a6
2026-10-10 06:31:29.611698,92.906,13,1g.11gb,yolo-inference-755b67b9bb-7kvtl,default,yolo,580.178.04,GPU-d59cb1c4-ad97-d91a-6731-e7b5f38951a6
2026-10-10 06:31:29.611698,92.667,7,1g.11gb,yolo-inference-755b67b9bb-6w2jk,default,yolo,580.178.04,GPU-d59cb1c4-ad97-d91a-6731-e7b5f38951a6
2026-10-10 06:31:29.611698,92.622,8,1g.11gb,yolo-inference-755b67b9bb-zbflb,default,yolo,580.178.04,GPU-d59cb1c4-ad97-d91a-6731-e7b5f38951a6
2026-10-10 06:31:29.611698,92.725,9,1g.11gb,yolo-inference-755b67b9bb-6z9g8,default,yolo,580.178.04,GPU-d59cb1c4-ad97-d91a-6731-e7b5f38951a6
2026-10-10 06:31:34.614196,92.608,10,1g.11gb,yolo-inference-755b67b9bb-jvw65,default,yolo,580.178.04,GPU-d59cb1c4-ad97-d91a-6731-e7b5f38951a6
2026-10-10 06:31:34.614196,92.659,11,1g.11gb,yolo-inference-755b67b9bb-tpwv7,default,yolo,580.178.04,GPU-d59cb1c4-ad97-d91a-6731-e7b5f38951a6
2026-10-10 06:31:34.614196,92.622,12,1g.11gb,yolo-inference-755b67b9bb-cmfkj,default,yolo,580.178.04,GPU-d59cb1c4-ad97-d91a-6731-e7b5f38951a6
2026-10-10 06:31:34.614196,92.906,13,1g.11gb,yolo-inference-755b67b9bb-7kvtl,default,yolo,580.178.04,GPU-d59cb1c4-ad97-d91a-6731-e7b5f38951a6
2026-10-10 06:31:34.614196,92.667,7,1g.11gb,yolo-inference-755b67b9bb-6w2jk,default,yolo,580.178.04,GPU-d59cb1c4-ad97-d91a-6731-e7b5f38951a6
2026-10-10 06:31:34.614196,92.622,8,1g.11gb,yolo-inference-755b67b9bb-zbflb,default,yolo,580.178.04,GPU-d59cb1c4-ad97-d91a-6731-e7b5f38951a6
2026-10-10 06:31:34.614196,92.725,9,1g.11gb,yolo-inference-755b67b9bb-6z9g8,default,yolo,580.178.04,GPU-d59cb1c4-ad97-d91a-6731-e7b5f38951a6
2026-10-10 06:31:39.614198,92.608,10,1g.11gb,yolo-inference-755b67b9bb-jvw65,default,yolo,580.178.04,GPU-d59cb1c4-ad97-d91a-6731-e7b5f38951a6
2026-10-10 06:31:39.614198,92.659,11,1g.11gb,yolo-inference-755b67b9bb-tpwv7,default,yolo,580.178.04,GPU-d59cb1c4-ad97-d91a-6731-e7b5f38951a6
2026-10-10 06:31:39.614198,92.622,12,1g.11gb,yolo-inference-755b67b9bb-cmfkj,default,yolo,580.178.04,GPU-d59cb1c4-ad97-d91a-6731-e7b5f38951a6
2026-10-10 06:31:39.614198,92.906,13,1g.11gb,yolo-inference-755b67b9bb-7kvtl,default,yolo,580.178.04,GPU-d59cb1c4-ad97-d91a-6731-e7b5f38951a6
2026-10-10 06:31:39.614198,92.667,7,1g.11gb,yolo-inference-755b67b9bb-6w2jk,default,yolo,580.178.04,GPU-d59cb1c4-ad97-d91a-6731-e7b5f38951a6
2026-10-10 06:31:39.614198,92.622,8,1g.11gb,yolo-inference-755b67b9bb-zbflb,default,yolo,580.178.04,GPU-d59cb1c4-ad97-d91a-6731-e7b5f38951a6
2026-10-10 06:31:39.614198,92.725,9,1g.11gb,yolo-inference-755b67b9bb-6z9g8,default,yolo,580.178.04,GPU-d59cb1c4-ad97-d91a-6731-e7b5f38951a6
2026-10-10 06:31:44.614203,92.582,10,1g.11gb,yolo-inference-755b67b9bb-jvw65,default,yolo,580.178.04,GPU-d59cb1c4-ad97-d91a-6731-e7b5f38951a6
2026-10-10 06:31:44.614203,92.304,11,1g.11gb,yolo-inference-755b67b9bb-tpwv7,default,yolo,580.178.04,GPU-d59cb1c4-ad97-d91a-6731-e7b5f38951a6
2026-10-10 06:31:44.614203,92.265,12,1g.11gb,yolo-inference-755b67b9bb-cmfkj,default,yolo,580.178.04,GPU-d59cb1c4-ad97-d91a-6731-e7b5f38951a6
2026-10-10 06:31:44.614203,92.34,13,1g.11gb,yolo-inference-755b67b9bb-7kvtl,default,yolo,580.178.04,GPU-d59cb1c4-ad97-d91a-6731-e7b5f38951a6
2026-10-10 06:31:44.614203,92.247,7,1g.11gb,yolo-inference-755b67b9bb-6w2jk,default,yolo,580.178.04,GPU-d59cb1c4-ad97-d91a-6731-e7b5f38951a6
2026-10-10 06:31:44.614203,92.265,8,1g.11gb,yolo-inference-755b67b9bb-zbflb,default,yolo,580.178.04,GPU-d59cb1c4-ad97-d91a-6731-e7b5f38951a6
2026-10-10 06:31:44.614203,92.273,9,1g.11gb,yolo-inference-755b67b9bb-6z9g8,default,yolo,580.178.04,GPU-d59cb1c4-ad97-d91a-6731-e7b5f38951a6
2026-10-10 06:31:49.614197,92.582,10,1g.11gb,yolo-inference-755b67b9bb-jvw65,default,yolo,580.178.04,GPU-d59cb1c4-ad97-d91a-6731-e7b5f38951a6
2026-10-10 06:31:49.614197,92.304,11,1g.11gb,yolo-inference-755b67b9bb-tpwv7,default,yolo,580.178.04,GPU-d59cb1c4-ad97-d91a-6731-e7b5f38951a6
2026-10-10 06:31:49.614197,92.265,12,1g.11gb,yolo-inference-755b67b9bb-cmfkj,default,yolo,580.178.04,GPU-d59cb1c4-ad97-d91a-6731-e7b5f38951a6
2026-10-10 06:31:49.614197,92.34,13,1g.11gb,yolo-inference-755b67b9bb-7kvtl,default,yolo,580.178.04,GPU-d59cb1c4-ad97-d91a-6731-e7b5f38951a6
2026-10-10 06:31:49.614197,92.247,7,1g.11gb,yolo-inference-755b67b9bb-6w2jk,default,yolo,580.178.04,GPU-d59cb1c4-ad97-d91a-6731-e7b5f38951a6
2026-10-10 06:31:49.614197,92.265,8,1g.11gb,yolo-inference-755b67b9bb-zbflb,default,yolo,580.178.04,GPU-d59cb1c4-ad97-d91a-6731-e7b5f38951a6
2026-10-10 06:31:49.614197,92.273,9,1g.11gb,yolo-inference-755b67b9bb-6z9g8,default,yolo,580.178.04,GPU-d59cb1c4-ad97-d91a-6731-e7b5f38951a6
2026-10-10 06:31:54.614199,92.582,10,1g.11gb,yolo-inference-755b67b9bb-jvw65,default,yolo,580.178.04,GPU-d59cb1c4-ad97-d91a-6731-e7b5f38951a6
2026-10-10 06:31:54.614199,92.304,11,1g.11gb,yolo-inference-755b67b9bb-tpwv7,default,yolo,580.178.04,GPU-d59cb1c4-ad97-d91a-6731-e7b5f38951a6
2026-10-10 06:31:54.614199,92.265,12,1g.11gb,yolo-inference-755b67b9bb-cmfkj,default,yolo,580.178.04,GPU-d59cb1c4-ad97-d91a-6731-e7b5f38951a6
2026-10-10 06:31:54.614199,92.34,13,1g.11gb,yolo-inference-755b67b9bb-7kvtl,default,yolo,580.178.04,GPU-d59cb1c4-ad97-d91a-6731-e7b5f38951a6
2026-10-10 06:31:54.614199,92.247,7,1g.11gb,yolo-inference-755b67b9bb-6w2jk,default,yolo,580.178.04,GPU-d59cb1c4-ad97-d91a-6731-e7b5f38951a6
2026-10-10 06:31:54.614199,92.265,8,1g.11gb,yolo-inference-755b67b9bb-zbflb,default,yolo,580.178.04,GPU-d59cb1c4-ad97-d91a-6731-e7b5f38951a6
2026-10-10 06:31:54.614199,92.273,9,1g.11gb,yolo-inference-755b67b9bb-6z9g8,default,yolo,580.178.04,GPU-d59cb1c4-ad97-d91a-6731-e7b5f38951a6
2026-10-10 06:31:59.614188,92.582,10,1g.11gb,yolo-inference-755b67b9bb-jvw65,default,yolo,580.178.04,GPU-d59cb1c4-ad97-d91a-6731-e7b5f38951a6
2026-10-10 06:31:59.614188,92.304,11,1g.11gb,yolo-inference-755b67b9bb-tpwv7,default,yolo,580.178.04,GPU-d59cb1c4-ad97-d91a-6731-e7b5f38951a6
2026-10-10 06:31:59.614188,92.265,12,1g.11gb,yolo-inference-755b67b9bb-cmfkj,default,yolo,580.178.04,GPU-d59cb1c4-ad97-d91a-6731-e7b5f38951a6
2026-10-10 06:31:59.614188,92.34,13,1g.11gb,yolo-inference-755b67b9bb-7kvtl,default,yolo,580.178.04,GPU-d59cb1c4-ad97-d91a-6731-e7b5f38951a6
2026-10-10 06:31:59.614188,92.247,7,1g.11gb,yolo-inference-755b67b9bb-6w2jk,default,yolo,580.178.04,GPU-d59cb1c4-ad97-d91a-6731-e7b5f38951a6
2026-10-10 06:31:59.614188,92.265,8,1g.11gb,yolo-inference-755b67b9bb-zbflb,default,yolo,580.178.04,GPU-d59cb1c4-ad97-d91a-6731-e7b5f38951a6
2026-10-10 06:31:59.614188,92.273,9,1g.11gb,yolo-inference-755b67b9bb-6z9g8,default,yolo,580.178.04,GPU-d59cb1c4-ad97-d91a-6731-e7b5f38951a6
2026-10-10 06:32:04.614179,92.582,10,1g.11gb,yolo-inference-755b67b9bb-jvw65,default,yolo,580.178.04,GPU-d59cb1c4-ad97-d91a-6731-e7b5f38951a6
2026-10-10 06:32:04.614179,92.304,11,1g.11gb,yolo-inference-755b67b9bb-tpwv7,default,yolo,580.178.04,GPU-d59cb1c4-ad97-d91a-6731-e7b5f38951a6
2026-10-10 06:32:04.614179,92.265,12,1g.11gb,yolo-inference-755b67b9bb-cmfkj,default,yolo,580.178.04,GPU-d59cb1c4-ad97-d91a-6731-e7b5f38951a6
2026-10-10 06:32:04.614179,92.34,13,1g.11gb,yolo-inference-755b67b9bb-7kvtl,default,yolo,580.178.04,GPU-d59cb1c4-ad97-d91a-6731-e7b5f38951a6
2026-10-10 06:32:04.614179,92.247,7,1g.11gb,yolo-inference-755b67b9bb-6w2jk,default,yolo,580.178.04,GPU-d59cb1c4-ad97-d91a-6731-e7b5f38951a6
2026-10-10 06:32:04.614179,92.265,8,1g.11gb,yolo-inference-755b67b9bb-zbflb,default,yolo,580.178.04,GPU-d59cb1c4-ad97-d91a-6731-e7b5f38951a6
2026-10-10 06:32:04.614179,92.273,9,1g.11gb,yolo-inference-755b67b9bb-6z9g8,default,yolo,580.178.04,GPU-d59cb1c4-ad97-d91a-6731-e7b5f38951a6
2026-10-10 06:32:09.614186,92.582,10,1g.11gb,yolo-inference-755b67b9bb-jvw65,default,yolo,580.178.04,GPU-d59cb1c4-ad97-d91a-6731-e7b5f38951a6
2026-10-10 06:32:09.614186,92.304,11,1g.11gb,yolo-inference-755b67b9bb-tpwv7,default,yolo,580.178.04,GPU-d59cb1c4-ad97-d91a-6731-e7b5f38951a6
2026-10-10 06:32:09.614186,92.265,12,1g.11gb,yolo-inference-755b67b9bb-cmfkj,default,yolo,580.178.04,GPU-d59cb1c4-ad97-d91a-6731-e7b5f38951a6
2026-10-10 06:32:09.614186,92.34,13,1g.11gb,yolo-inference-755b67b9bb-7kvtl,default,yolo,580.178.04,GPU-d59cb1c4-ad97-d91a-6731-e7b5f38951a6
2026-10-10 06:32:09.614186,92.247,7,1g.11gb,yolo-inference-755b67b9bb-6w2jk,default,yolo,580.178.04,GPU-d59cb1c4-ad97-d91a-6731-e7b5f38951a6
2026-10-10 06:32:09.614186,92.265,8,1g.11gb,yolo-inference-755b67b9bb-zbflb,default,yolo,580.178.04,GPU-d59cb1c4-ad97-d91a-6731-e7b5f38951a6
2026-10-10 06:32:09.614186,92.273,9,1g.11gb,yolo-inference-755b67b9bb-6z9g8,default,yolo,580.178.04,GPU-d59cb1c4-ad97-d91a-6731-e7b5f38951a6
2026-10-10 06:32:14.614357,92.657,10,1g.11gb,yolo-inference-755b67b9bb-jvw65,default,yolo,580.178.04,GPU-d59cb1c4-ad97-d91a-6731-e7b5f38951a6
2026-10-10 06:32:14.614357,92.395,11,1g.11gb,yolo-inference-755b67b9bb-tpwv7,default,yolo,580.178.04,GPU-d59cb1c4-ad97-d91a-6731-e7b5f38951a6
2026-10-10 06:32:14.614357,92.589,12,1g.11gb,yolo-inference-755b67b9bb-cmfkj,default,yolo,580.178.04,GPU-d59cb1c4-ad97-d91a-6731-e7b5f38951a6
2026-10-10 06:32:14.614357,92.358,13,1g.11gb,yolo-inference-755b67b9bb-7kvtl,default,yolo,580.178.04,GPU-d59cb1c4-ad97-d91a-6731-e7b5f38951a6
2026-10-10 06:32:14.614357,92.569,7,1g.11gb,yolo-inference-755b67b9bb-6w2jk,default,yolo,580.178.04,GPU-d59cb1c4-ad97-d91a-6731-e7b5f38951a6
2026-10-10 06:32:14.614357,92.589,8,1g.11gb,yolo-inference-755b67b9bb-zbflb,default,yolo,580.178.04,GPU-d59cb1c4-ad97-d91a-6731-e7b5f38951a6
2026-10-10 06:32:14.614357,92.385,9,1g.11gb,yolo-inference-755b67b9bb-6z9g8,default,yolo,580.178.04,GPU-d59cb1c4-ad97-d91a-6731-e7b5f38951a6
2026-10-10 06:32:19.612614,92.657,10,1g.11gb,yolo-inference-755b67b9bb-jvw65,default,yolo,580.178.04,GPU-d59cb1c4-ad97-d91a-6731-e7b5f38951a6
2026-10-10 06:32:19.612614,92.395,11,1g.11gb,yolo-inference-755b67b9bb-tpwv7,default,yolo,580.178.04,GPU-d59cb1c4-ad97-d91a-6731-e7b5f38951a6
2026-10-10 06:32:19.612614,92.589,12,1g.11gb,yolo-inference-755b67b9bb-cmfkj,default,yolo,580.178.04,GPU-d59cb1c4-ad97-d91a-6731-e7b5f38951a6
2026-10-10 06:32:19.612614,92.358,13,1g.11gb,yolo-inference-755b67b9bb-7kvtl,default,yolo,580.178.04,GPU-d59cb1c4-ad97-d91a-6731-e7b5f38951a6
2026-10-10 06:32:19.612614,92.569,7,1g.11gb,yolo-inference-755b67b9bb-6w2jk,default,yolo,580.178.04,GPU-d59cb1c4-ad97-d91a-6731-e7b5f38951a6
2026-10-10 06:32:19.612614,92.589,8,1g.11gb,yolo-inference-755b67b9bb-zbflb,default,yolo,580.178.04,GPU-d59cb1c4-ad97-d91a-6731-e7b5f38951a6
2026-10-10 06:32:19.612614,92.385,9,1g.11gb,yolo-inference-755b67b9bb-6z9g8,default,yolo,580.178.04,GPU-d59cb1c4-ad97-d91a-6731-e7b5f38951a6
2026-10-10 06:32:24.614211,92.657,10,1g.11gb,yolo-inference-755b67b9bb-jvw65,default,yolo,580.178.04,GPU-d59cb1c4-ad97-d91a-6731-e7b5f38951a6
2026-10-10 06:32:24.614211,92.395,11,1g.11gb,yolo-inference-755b67b9bb-tpwv7,default,yolo,580.178.04,GPU-d59cb1c4-ad97-d91a-6731-e7b5f38951a6
2026-10-10 06:32:24.614211,92.589,12,1g.11gb,yolo-inference-755b67b9bb-cmfkj,default,yolo,580.178.04,GPU-d59cb1c4-ad97-d91a-6731-e7b5f38951a6
2026-10-10 06:32:24.614211,92.358,13,1g.11gb,yolo-inference-755b67b9bb-7kvtl,default,yolo,580.178.04,GPU-d59cb1c4-ad97-d91a-6731-e7b5f38951a6
2026-10-10 06:32:24.614211,92.569,7,1g.11gb,yolo-inference-755b67b9bb-6w2jk,default,yolo,580.178.04,GPU-d59cb1c4-ad97-d91a-6731-e7b5f38951a6
2026-10-10 06:32:24.614211,92.589,8,1g.11gb,yolo-inference-755b67b9bb-zbflb,default,yolo,580.178.04,GPU-d59cb1c4-ad97-d91a-6731-e7b5f38951a6
2026-10-10 06:32:24.614211,92.385,9,1g.11gb,yolo-inference-755b67b9bb-6z9g8,default,yolo,580.178.04,GPU-d59cb1c4-ad97-d91a-6731-e7b5f38951a6
2026-10-10 06:32:29.614213,92.657,10,1g.11gb,yolo-inference-755b67b9bb-jvw65,default,yolo,580.178.04,GPU-d59cb1c4-ad97-d91a-6731-e7b5f38951a6
2026-10-10 06:32:29.614213,92.395,11,1g.11gb,yolo-inference-755b67b9bb-tpwv7,default,yolo,580.178.04,GPU-d59cb1c4-ad97-d91a-6731-e7b5f38951a6
2026-10-10 06:32:29.614213,92.589,12,1g.11gb,yolo-inference-755b67b9bb-cmfkj,default,yolo,580.178.04,GPU-d59cb1c4-ad97-d91a-6731-e7b5f38951a6
2026-10-10 06:32:29.614213,92.358,13,1g.11gb,yolo-inference-755b67b9bb-7kvtl,default,yolo,580.178.04,GPU-d59cb1c4-ad97-d91a-6731-e7b5f38951a6
2026-10-10 06:32:29.614213,92.569,7,1g.11gb,yolo-inference-755b67b9bb-6w2jk,default,yolo,580.178.04,GPU-d59cb1c4-ad97-d91a-6731-e7b5f38951a6
2026-10-10 06:32:29.614213,92.589,8,1g.11gb,yolo-inference-755b67b9bb-zbflb,default,yolo,580.178.04,GPU-d59cb1c4-ad97-d91a-6731-e7b5f38951a6
2026-10-10 06:32:29.614213,92.385,9,1g.11gb,yolo-inference-755b67b9bb-6z9g8,default,yolo,580.178.04,GPU-d59cb1c4-ad97-d91a-6731-e7b5f38951a6
2026-10-10 06:32:34.614224,92.657,10,1g.11gb,yolo-inference-755b67b9bb-jvw65,default,yolo,580.178.04,GPU-d59cb1c4-ad97-d91a-6731-e7b5f38951a6
2026-10-10 06:32:34.614224,92.395,11,1g.11gb,yolo-inference-755b67b9bb-tpwv7,default,yolo,580.178.04,GPU-d59cb1c4-ad97-d91a-6731-e7b5f38951a6
2026-10-10 06:32:34.614224,92.589,12,1g.11gb,yolo-inference-755b67b9bb-cmfkj,default,yolo,580.178.04,GPU-d59cb1c4-ad97-d91a-6731-e7b5f38951a6
2026-10-10 06:32:34.614224,92.358,13,1g.11gb,yolo-inference-755b67b9bb-7kvtl,default,yolo,580.178.04,GPU-d59cb1c4-ad97-d91a-6731-e7b5f38951a6
2026-10-10 06:32:34.614224,92.569,7,1g.11gb,yolo-inference-755b67b9bb-6w2jk,default,yolo,580.178.04,GPU-d59cb1c4-ad97-d91a-6731-e7b5f38951a6
2026-10-10 06:32:34.614224,92.589,8,1g.11gb,yolo-inference-755b67b9bb-zbflb,default,yolo,580.178.04,GPU-d59cb1c4-ad97-d91a-6731-e7b5f38951a6
2026-10-10 06:32:34.614224,92.385,9,1g.11gb,yolo-inference-755b67b9bb-6z9g8,default,yolo,580.178.04,GPU-d59cb1c4-ad97-d91a-6731-e7b5f38951a6
2026-10-10 06:32:39.612708,92.657,10,1g.11gb,yolo-inference-755b67b9bb-jvw65,default,yolo,580.178.04,GPU-d59cb1c4-ad97-d91a-6731-e7b5f38951a6
2026-10-10 06:32:39.612708,92.395,11,1g.11gb,yolo-inference-755b67b9bb-tpwv7,default,yolo,580.178.04,GPU-d59cb1c4-ad97-d91a-6731-e7b5f38951a6
2026-10-10 06:32:39.612708,92.589,12,1g.11gb,yolo-inference-755b67b9bb-cmfkj,default,yolo,580.178.04,GPU-d59cb1c4-ad97-d91a-6731-e7b5f38951a6
2026-10-10 06:32:39.612708,92.358,13,1g.11gb,yolo-inference-755b67b9bb-7kvtl,default,yolo,580.178.04,GPU-d59cb1c4-ad97-d91a-6731-e7b5f38951a6
2026-10-10 06:32:39.612708,92.569,7,1g.11gb,yolo-inference-755b67b9bb-6w2jk,default,yolo,580.178.04,GPU-d59cb1c4-ad97-d91a-6731-e7b5f38951a6
2026-10-10 06:32:39.612708,92.589,8,1g.11gb,yolo-inference-755b67b9bb-zbflb,default,yolo,580.178.04,GPU-d59cb1c4-ad97-d91a-6731-e7b5f38951a6
2026-10-10 06:32:39.612708,92.385,9,1g.11gb,yolo-inference-755b67b9bb-6z9g8,default,yolo,580.178.04,GPU-d59cb1c4-ad97-d91a-6731-e7b5f38951a6
2026-10-10 06:32:44.614226,92.607,10,1g.11gb,yolo-inference-755b67b9bb-jvw65,default,yolo,580.178.04,GPU-d59cb1c4-ad97-d91a-6731-e7b5f38951a6
2026-10-10 06:32:44.614226,92.633,11,1g.11gb,yolo-inference-755b67b9bb-tpwv7,default,yolo,580.178.04,GPU-d59cb1c4-ad97-d91a-6731-e7b5f38951a6
2026-10-10 06:32:44.614226,92.766,12,1g.11gb,yolo-inference-755b67b9bb-cmfkj,default,yolo,580.178.04,GPU-d59cb1c4-ad97-d91a-6731-e7b5f38951a6
2026-10-10 06:32:44.614226,92.655,13,1g.11gb,yolo-inference-755b67b9bb-7kvtl,default,yolo,580.178.04,GPU-d59cb1c4-ad97-d91a-6731-e7b5f38951a6
2026-10-10 06:32:44.614226,92.635,7,1g.11gb,yolo-inference-755b67b9bb-6w2jk,default,yolo,580.178.04,GPU-d59cb1c4-ad97-d91a-6731-e7b5f38951a6
2026-10-10 06:32:44.614226,92.536,8,1g.11gb,yolo-inference-755b67b9bb-zbflb,default,yolo,580.178.04,GPU-d59cb1c4-ad97-d91a-6731-e7b5f38951a6
2026-10-10 06:32:44.614226,92.633,9,1g.11gb,yolo-inference-755b67b9bb-6z9g8,default,yolo,580.178.04,GPU-d59cb1c4-ad97-d91a-6731-e7b5f38951a6
2026-10-10 06:32:49.614189,92.607,10,1g.11gb,yolo-inference-755b67b9bb-jvw65,default,yolo,580.178.04,GPU-d59cb1c4-ad97-d91a-6731-e7b5f38951a6
2026-10-10 06:32:49.614189,92.633,11,1g.11gb,yolo-inference-755b67b9bb-tpwv7,default,yolo,580.178.04,GPU-d59cb1c4-ad97-d91a-6731-e7b5f38951a6
2026-10-10 06:32:49.614189,92.766,12,1g.11gb,yolo-inference-755b67b9bb-cmfkj,default,yolo,580.178.04,GPU-d59cb1c4-ad97-d91a-6731-e7b5f38951a6
2026-10-10 06:32:49.614189,92.655,13,1g.11gb,yolo-inference-755b67b9bb-7kvtl,default,yolo,580.178.04,GPU-d59cb1c4-ad97-d91a-6731-e7b5f38951a6
2026-10-10 06:32:49.614189,92.635,7,1g.11gb,yolo-inference-755b67b9bb-6w2jk,default,yolo,580.178.04,GPU-d59cb1c4-ad97-d91a-6731-e7b5f38951a6
2026-10-10 06:32:49.614189,92.536,8,1g.11gb,yolo-inference-755b67b9bb-zbflb,default,yolo,580.178.04,GPU-d59cb1c4-ad97-d91a-6731-e7b5f38951a6
2026-10-10 06:32:49.614189,92.633,9,1g.11gb,yolo-inference-755b67b9bb-6z9g8,default,yolo,580.178.04,GPU-d59cb1c4-ad97-d91a-6731-e7b5f38951a6
2026-10-10 06:32:54.614237,92.607,10,1g.11gb,yolo-inference-755b67b9bb-jvw65,default,yolo,580.178.04,GPU-d59cb1c4-ad97-d91a-6731-e7b5f38951a6
2026-10-10 06:32:54.614237,92.633,11,1g.11gb,yolo-inference-755b67b9bb-tpwv7,default,yolo,580.178.04,GPU-d59cb1c4-ad97-d91a-6731-e7b5f38951a6
2026-10-10 06:32:54.614237,92.766,12,1g.11gb,yolo-inference-755b67b9bb-cmfkj,default,yolo,580.178.04,GPU-d59cb1c4-ad97-d91a-6731-e7b5f38951a6
2026-10-10 06:32:54.614237,92.655,13,1g.11gb,yolo-inference-755b67b9bb-7kvtl,default,yolo,580.178.04,GPU-d59cb1c4-ad97-d91a-6731-e7b5f38951a6
2026-10-10 06:32:54.614237,92.635,7,1g.11gb,yolo-inference-755b67b9bb-6w2jk,default,yolo,580.178.04,GPU-d59cb1c4-ad97-d91a-6731-e7b5f38951a6
2026-10-10 06:32:54.614237,92.536,8,1g.11gb,yolo-inference-755b67b9bb-zbflb,default,yolo,580.178.04,GPU-d59cb1c4-ad97-d91a-6731-e7b5f38951a6
2026-10-10 06:32:54.614237,92.633,9,1g.11gb,yolo-inference-755b67b9bb-6z9g8,default,yolo,580.178.04,GPU-d59cb1c4-ad97-d91a-6731-e7b5f38951a6
2026-10-10 06:32:59.614193,92.607,10,1g.11gb,yolo-inference-755b67b9bb-jvw65,default,yolo,580.178.04,GPU-d59cb1c4-ad97-d91a-6731-e7b5f38951a6
2026-10-10 06:32:59.614193,92.633,11,1g.11gb,yolo-inference-755b67b9bb-tpwv7,default,yolo,580.178.04,GPU-d59cb1c4-ad97-d91a-6731-e7b5f38951a6
2026-10-10 06:32:59.614193,92.766,12,1g.11gb,yolo-inference-755b67b9bb-cmfkj,default,yolo,580.178.04,GPU-d59cb1c4-ad97-d91a-6731-e7b5f38951a6
2026-10-10 06:32:59.614193,92.655,13,1g.11gb,yolo-inference-755b67b9bb-7kvtl,default,yolo,580.178.04,GPU-d59cb1c4-ad97-d91a-6731-e7b5f38951a6
2026-10-10 06:32:59.614193,92.635,7,1g.11gb,yolo-inference-755b67b9bb-6w2jk,default,yolo,580.178.04,GPU-d59cb1c4-ad97-d91a-6731-e7b5f38951a6
2026-10-10 06:32:59.614193,92.536,8,1g.11gb,yolo-inference-755b67b9bb-zbflb,default,yolo,580.178.04,GPU-d59cb1c4-ad97-d91a-6731-e7b5f38951a6
2026-10-10 06:32:59.614193,92.633,9,1g.11gb,yolo-inference-755b67b9bb-6z9g8,default,yolo,580.178.04,GPU-d59cb1c4-ad97-d91a-6731-e7b5f38951a6
2026-10-10 06:33:04.614176,92.607,10,1g.11gb,yolo-inference-755b67b9bb-jvw65,default,yolo,580.178.04,GPU-d59cb1c4-ad97-d91a-6731-e7b5f38951a6
2026-10-10 06:33:04.614176,92.633,11,1g.11gb,yolo-inference-755b67b9bb-tpwv7,default,yolo,580.178.04,GPU-d59cb1c4-ad97-d91a-6731-e7b5f38951a6
2026-10-10 06:33:04.614176,92.766,12,1g.11gb,yolo-inference-755b67b9bb-cmfkj,default,yolo,580.178.04,GPU-d59cb1c4-ad97-d91a-6731-e7b5f38951a6
2026-10-10 06:33:04.614176,92.655,13,1g.11gb,yolo-inference-755b67b9bb-7kvtl,default,yolo,580.178.04,GPU-d59cb1c4-ad97-d91a-6731-e7b5f38951a6
2026-10-10 06:33:04.614176,92.635,7,1g.11gb,yolo-inference-755b67b9bb-6w2jk,default,yolo,580.178.04,GPU-d59cb1c4-ad97-d91a-6731-e7b5f38951a6
2026-10-10 06:33:04.614176,92.536,8,1g.11gb,yolo-inference-755b67b9bb-zbflb,default,yolo,580.178.04,GPU-d59cb1c4-ad97-d91a-6731-e7b5f38951a6
2026-10-10 06:33:04.614176,92.633,9,1g.11gb,yolo-inference-755b67b9bb-6z9g8,default,yolo,580.178.04,GPU-d59cb1c4-ad97-d91a-6731-e7b5f38951a6
2026-10-10 06:33:09.610251,92.607,10,1g.11gb,yolo-inference-755b67b9bb-jvw65,default,yolo,580.178.04,GPU-d59cb1c4-ad97-d91a-6731-e7b5f38951a6
2026-10-10 06:33:09.610251,92.633,11,1g.11gb,yolo-inference-755b67b9bb-tpwv7,default,yolo,580.178.04,GPU-d59cb1c4-ad97-d91a-6731-e7b5f38951a6
2026-10-10 06:33:09.610251,92.766,12,1g.11gb,yolo-inference-755b67b9bb-cmfkj,default,yolo,580.178.04,GPU-d59cb1c4-ad97-d91a-6731-e7b5f38951a6
2026-10-10 06:33:09.610251,92.655,13,1g.11gb,yolo-inference-755b67b9bb-7kvtl,default,yolo,580.178.04,GPU-d59cb1c4-ad97-d91a-6731-e7b5f38951a6
2026-10-10 06:33:09.610251,92.635,7,1g.11gb,yolo-inference-755b67b9bb-6w2jk,default,yolo,580.178.04,GPU-d59cb1c4-ad97-d91a-6731-e7b5f38951a6
2026-10-10 06:33:09.610251,92.536,8,1g.11gb,yolo-inference-755b67b9bb-zbflb,default,yolo,580.178.04,GPU-d59cb1c4-ad97-d91a-6731-e7b5f38951a6
2026-10-10 06:33:09.610251,92.633,9,1g.11gb,yolo-inference-755b67b9bb-6z9g8,default,yolo,580.178.04,GPU-d59cb1c4-ad97-d91a-6731-e7b5f38951a6
2026-10-10 06:33:14.614234,92.581,10,1g.11gb,yolo-inference-755b67b9bb-jvw65,default,yolo,580.178.04,GPU-d59cb1c4-ad97-d91a-6731-e7b5f38951a6
2026-10-10 06:33:14.614234,92.798,11,1g.11gb,yolo-inference-755b67b9bb-tpwv7,default,yolo,580.178.04,GPU-d59cb1c4-ad97-d91a-6731-e7b5f38951a6
2026-10-10 06:33:14.614234,92.558,12,1g.11gb,yolo-inference-755b67b9bb-cmfkj,default,yolo,580.178.04,GPU-d59cb1c4-ad97-d91a-6731-e7b5f38951a6
2026-10-10 06:33:14.614234,92.811,13,1g.11gb,yolo-inference-755b67b9bb-7kvtl,default,yolo,580.178.04,GPU-d59cb1c4-ad97-d91a-6731-e7b5f38951a6
2026-10-10 06:33:14.614234,92.574,7,1g.11gb,yolo-inference-755b67b9bb-6w2jk,default,yolo,580.178.04,GPU-d59cb1c4-ad97-d91a-6731-e7b5f38951a6
2026-10-10 06:33:14.614234,92.623,8,1g.11gb,yolo-inference-755b67b9bb-zbflb,default,yolo,580.178.04,GPU-d59cb1c4-ad97-d91a-6731-e7b5f38951a6
2026-10-10 06:33:14.614234,92.798,9,1g.11gb,yolo-inference-755b67b9bb-6z9g8,default,yolo,580.178.04,GPU-d59cb1c4-ad97-d91a-6731-e7b5f38951a6
2026-10-10 06:33:19.614211,92.581,10,1g.11gb,yolo-inference-755b67b9bb-jvw65,default,yolo,580.178.04,GPU-d59cb1c4-ad97-d91a-6731-e7b5f38951a6
2026-10-10 06:33:19.614211,92.798,11,1g.11gb,yolo-inference-755b67b9bb-tpwv7,default,yolo,580.178.04,GPU-d59cb1c4-ad97-d91a-6731-e7b5f38951a6
2026-10-10 06:33:19.614211,92.558,12,1g.11gb,yolo-inference-755b67b9bb-cmfkj,default,yolo,580.178.04,GPU-d59cb1c4-ad97-d91a-6731-e7b5f38951a6
2026-10-10 06:33:19.614211,92.811,13,1g.11gb,yolo-inference-755b67b9bb-7kvtl,default,yolo,580.178.04,GPU-d59cb1c4-ad97-d91a-6731-e7b5f38951a6
2026-10-10 06:33:19.614211,92.574,7,1g.11gb,yolo-inference-755b67b9bb-6w2jk,default,yolo,580.178.04,GPU-d59cb1c4-ad97-d91a-6731-e7b5f38951a6
2026-10-10 06:33:19.614211,92.623,8,1g.11gb,yolo-inference-755b67b9bb-zbflb,default,yolo,580.178.04,GPU-d59cb1c4-ad97-d91a-6731-e7b5f38951a6
2026-10-10 06:33:19.614211,92.798,9,1g.11gb,yolo-inference-755b67b9bb-6z9g8,default,yolo,580.178.04,GPU-d59cb1c4-ad97-d91a-6731-e7b5f38951a6
2026-10-10 06:33:24.614184,92.581,10,1g.11gb,yolo-inference-755b67b9bb-jvw65,default,yolo,580.178.04,GPU-d59cb1c4-ad97-d91a-6731-e7b5f38951a6
2026-10-10 06:33:24.614184,92.798,11,1g.11gb,yolo-inference-755b67b9bb-tpwv7,default,yolo,580.178.04,GPU-d59cb1c4-ad97-d91a-6731-e7b5f38951a6
2026-10-10 06:33:24.614184,92.558,12,1g.11gb,yolo-inference-755b67b9bb-cmfkj,default,yolo,580.178.04,GPU-d59cb1c4-ad97-d91a-6731-e7b5f38951a6
2026-10-10 06:33:24.614184,92.811,13,1g.11gb,yolo-inference-755b67b9bb-7kvtl,default,yolo,580.178.04,GPU-d59cb1c4-ad97-d91a-6731-e7b5f38951a6
2026-10-10 06:33:24.614184,92.574,7,1g.11gb,yolo-inference-755b67b9bb-6w2jk,default,yolo,580.178.04,GPU-d59cb1c4-ad97-d91a-6731-e7b5f38951a6
2026-10-10 06:33:24.614184,92.623,8,1g.11gb,yolo-inference-755b67b9bb-zbflb,default,yolo,580.178.04,GPU-d59cb1c4-ad97-d91a-6731-e7b5f38951a6
2026-10-10 06:33:24.614184,92.798,9,1g.11gb,yolo-inference-755b67b9bb-6z9g8,default,yolo,580.178.04,GPU-d59cb1c4-ad97-d91a-6731-e7b5f38951a6
2026-10-10 06:33:29.614141,92.581,10,1g.11gb,yolo-inference-755b67b9bb-jvw65,default,yolo,580.178.04,GPU-d59cb1c4-ad97-d91a-6731-e7b5f38951a6
2026-10-10 06:33:29.614141,92.798,11,1g.11gb,yolo-inference-755b67b9bb-tpwv7,default,yolo,580.178.04,GPU-d59cb1c4-ad97-d91a-6731-e7b5f38951a6
2026-10-10 06:33:29.614141,92.558,12,1g.11gb,yolo-inference-755b67b9bb-cmfkj,default,yolo,580.178.04,GPU-d59cb1c4-ad97-d91a-6731-e7b5f38951a6
2026-10-10 06:33:29.614141,92.811,13,1g.11gb,yolo-inference-755b67b9bb-7kvtl,default,yolo,580.178.04,GPU-d59cb1c4-ad97-d91a-6731-e7b5f38951a6
2026-10-10 06:33:29.614141,92.574,7,1g.11gb,yolo-inference-755b67b9bb-6w2jk,default,yolo,580.178.04,GPU-d59cb1c4-ad97-d91a-6731-e7b5f38951a6
2026-10-10 06:33:29.614141,92.623,8,1g.11gb,yolo-inference-755b67b9bb-zbflb,default,yolo,580.178.04,GPU-d59cb1c4-ad97-d91a-6731-e7b5f38951a6
2026-10-10 06:33:29.614141,92.798,9,1g.11gb,yolo-inference-755b67b9bb-6z9g8,default,yolo,580.178.04,GPU-d59cb1c4-ad97-d91a-6731-e7b5f38951a6
2026-10-10 06:33:34.614199,92.581,10,1g.11gb,yolo-inference-755b67b9bb-jvw65,default,yolo,580.178.04,GPU-d59cb1c4-ad97-d91a-6731-e7b5f38951a6
2026-10-10 06:33:34.614199,92.798,11,1g.11gb,yolo-inference-755b67b9bb-tpwv7,default,yolo,580.178.04,GPU-d59cb1c4-ad97-d91a-6731-e7b5f38951a6
2026-10-10 06:33:34.614199,92.558,12,1g.11gb,yolo-inference-755b67b9bb-cmfkj,default,yolo,580.178.04,GPU-d59cb1c4-ad97-d91a-6731-e7b5f38951a6
2026-10-10 06:33:34.614199,92.811,13,1g.11gb,yolo-inference-755b67b9bb-7kvtl,default,yolo,580.178.04,GPU-d59cb1c4-ad97-d91a-6731-e7b5f38951a6
2026-10-10 06:33:34.614199,92.574,7,1g.11gb,yolo-inference-755b67b9bb-6w2jk,default,yolo,580.178.04,GPU-d59cb1c4-ad97-d91a-6731-e7b5f38951a6
2026-10-10 06:33:34.614199,92.623,8,1g.11gb,yolo-inference-755b67b9bb-zbflb,default,yolo,580.178.04,GPU-d59cb1c4-ad97-d91a-6731-e7b5f38951a6
2026-10-10 06:33:34.614199,92.798,9,1g.11gb,yolo-inference-755b67b9bb-6z9g8,default,yolo,580.178.04,GPU-d59cb1c4-ad97-d91a-6731-e7b5f38951a6
2026-10-10 06:33:39.614203,92.581,10,1g.11gb,yolo-inference-755b67b9bb-jvw65,default,yolo,580.178.04,GPU-d59cb1c4-ad97-d91a-6731-e7b5f38951a6
2026-10-10 06:33:39.614203,92.798,11,1g.11gb,yolo-inference-755b67b9bb-tpwv7,default,yolo,580.178.04,GPU-d59cb1c4-ad97-d91a-6731-e7b5f38951a6
2026-10-10 06:33:39.614203,92.558,12,1g.11gb,yolo-inference-755b67b9bb-cmfkj,default,yolo,580.178.04,GPU-d59cb1c4-ad97-d91a-6731-e7b5f38951a6
2026-10-10 06:33:39.614203,92.811,13,1g.11gb,yolo-inference-755b67b9bb-7kvtl,default,yolo,580.178.04,GPU-d59cb1c4-ad97-d91a-6731-e7b5f38951a6
2026-10-10 06:33:39.614203,92.574,7,1g.11gb,yolo-inference-755b67b9bb-6w2jk,default,yolo,580.178.04,GPU-d59cb1c4-ad97-d91a-6731-e7b5f38951a6
2026-10-10 06:33:39.614203,92.623,8,1g.11gb,yolo-inference-755b67b9bb-zbflb,default,yolo,580.178.04,GPU-d59cb1c4-ad97-d91a-6731-e7b5f38951a6
2026-10-10 06:33:39.614203,92.798,9,1g.11gb,yolo-inference-755b67b9bb-6z9g8,default,yolo,580.178.04,GPU-d59cb1c4-ad97-d91a-6731-e7b5f38951a6
2026-10-10 06:33:44.612758,92.728,10,1g.11gb,yolo-inference-755b67b9bb-jvw65,default,yolo,580.178.04,GPU-d59cb1c4-ad97-d91a-6731-e7b5f38951a6
2026-10-10 06:33:44.612758,92.902,11,1g.11gb,yolo-inference-755b67b9bb-tpwv7,default,yolo,580.178.04,GPU-d59cb1c4-ad97-d91a-6731-e7b5f38951a6
2026-10-10 06:33:44.612758,92.678,12,1g.11gb,yolo-inference-755b67b9bb-cmfkj,default,yolo,580.178.04,GPU-d59cb1c4-ad97-d91a-6731-e7b5f38951a6
2026-10-10 06:33:44.612758,92.827,13,1g.11gb,yolo-inference-755b67b9bb-7kvtl,default,yolo,580.178.04,GPU-d59cb1c4-ad97-d91a-6731-e7b5f38951a6
2026-10-10 06:33:44.612758,92.945,7,1g.11gb,yolo-inference-755b67b9bb-6w2jk,default,yolo,580.178.04,GPU-d59cb1c4-ad97-d91a-6731-e7b5f38951a6
2026-10-10 06:33:44.612758,92.678,8,1g.11gb,yolo-inference-755b67b9bb-zbflb,default,yolo,580.178.04,GPU-d59cb1c4-ad97-d91a-6731-e7b5f38951a6
2026-10-10 06:33:44.612758,92.902,9,1g.11gb,yolo-inference-755b67b9bb-6z9g8,default,yolo,580.178.04,GPU-d59cb1c4-ad97-d91a-6731-e7b5f38951a6
2026-10-10 06:33:49.614219,92.728,10,1g.11gb,yolo-inference-755b67b9bb-jvw65,default,yolo,580.178.04,GPU-d59cb1c4-ad97-d91a-6731-e7b5f38951a6
2026-10-10 06:33:49.614219,92.902,11,1g.11gb,yolo-inference-755b67b9bb-tpwv7,default,yolo,580.178.04,GPU-d59cb1c4-ad97-d91a-6731-e7b5f38951a6
2026-10-10 06:33:49.614219,92.678,12,1g.11gb,yolo-inference-755b67b9bb-cmfkj,default,yolo,580.178.04,GPU-d59cb1c4-ad97-d91a-6731-e7b5f38951a6
2026-10-10 06:33:49.614219,92.827,13,1g.11gb,yolo-inference-755b67b9bb-7kvtl,default,yolo,580.178.04,GPU-d59cb1c4-ad97-d91a-6731-e7b5f38951a6
2026-10-10 06:33:49.614219,92.945,7,1g.11gb,yolo-inference-755b67b9bb-6w2jk,default,yolo,580.178.04,GPU-d59cb1c4-ad97-d91a-6731-e7b5f38951a6
2026-10-10 06:33:49.614219,92.678,8,1g.11gb,yolo-inference-755b67b9bb-zbflb,default,yolo,580.178.04,GPU-d59cb1c4-ad97-d91a-6731-e7b5f38951a6
2026-10-10 06:33:49.614219,92.902,9,1g.11gb,yolo-inference-755b67b9bb-6z9g8,default,yolo,580.178.04,GPU-d59cb1c4-ad97-d91a-6731-e7b5f38951a6
2026-10-10 06:33:54.614185,92.728,10,1g.11gb,yolo-inference-755b67b9bb-jvw65,default,yolo,580.178.04,GPU-d59cb1c4-ad97-d91a-6731-e7b5f38951a6
2026-10-10 06:33:54.614185,92.902,11,1g.11gb,yolo-inference-755b67b9bb-tpwv7,default,yolo,580.178.04,GPU-d59cb1c4-ad97-d91a-6731-e7b5f38951a6
2026-10-10 06:33:54.614185,92.678,12,1g.11gb,yolo-inference-755b67b9bb-cmfkj,default,yolo,580.178.04,GPU-d59cb1c4-ad97-d91a-6731-e7b5f38951a6
2026-10-10 06:33:54.614185,92.827,13,1g.11gb,yolo-inference-755b67b9bb-7kvtl,default,yolo,580.178.04,GPU-d59cb1c4-ad97-d91a-6731-e7b5f38951a6
2026-10-10 06:33:54.614185,92.945,7,1g.11gb,yolo-inference-755b67b9bb-6w2jk,default,yolo,580.178.04,GPU-d59cb1c4-ad97-d91a-6731-e7b5f38951a6
2026-10-10 06:33:54.614185,92.678,8,1g.11gb,yolo-inference-755b67b9bb-zbflb,default,yolo,580.178.04,GPU-d59cb1c4-ad97-d91a-6731-e7b5f38951a6
2026-10-10 06:33:54.614185,92.902,9,1g.11gb,yolo-inference-755b67b9bb-6z9g8,default,yolo,580.178.04,GPU-d59cb1c4-ad97-d91a-6731-e7b5f38951a6
2026-10-10 06:33:59.613838,92.728,10,1g.11gb,yolo-inference-755b67b9bb-jvw65,default,yolo,580.178.04,GPU-d59cb1c4-ad97-d91a-6731-e7b5f38951a6
2026-10-10 06:33:59.613838,92.902,11,1g.11gb,yolo-inference-755b67b9bb-tpwv7,default,yolo,580.178.04,GPU-d59cb1c4-ad97-d91a-6731-e7b5f38951a6
2026-10-10 06:33:59.613838,92.678,12,1g.11gb,yolo-inference-755b67b9bb-cmfkj,default,yolo,580.178.04,GPU-d59cb1c4-ad97-d91a-6731-e7b5f38951a6
2026-10-10 06:33:59.613838,92.827,13,1g.11gb,yolo-inference-755b67b9bb-7kvtl,default,yolo,580.178.04,GPU-d59cb1c4-ad97-d91a-6731-e7b5f38951a6
2026-10-10 06:33:59.613838,92.945,7,1g.11gb,yolo-inference-755b67b9bb-6w2jk,default,yolo,580.178.04,GPU-d59cb1c4-ad97-d91a-6731-e7b5f38951a6
2026-10-10 06:33:59.613838,92.678,8,1g.11gb,yolo-inference-755b67b9bb-zbflb,default,yolo,580.178.04,GPU-d59cb1c4-ad97-d91a-6731-e7b5f38951a6
2026-10-10 06:33:59.613838,92.902,9,1g.11gb,yolo-inference-755b67b9bb-6z9g8,default,yolo,580.178.04,GPU-d59cb1c4-ad97-d91a-6731-e7b5f38951a6
2026-10-10 06:34:04.613671,92.728,10,1g.11gb,yolo-inference-755b67b9bb-jvw65,default,yolo,580.178.04,GPU-d59cb1c4-ad97-d91a-6731-e7b5f38951a6
2026-10-10 06:34:04.613671,92.902,11,1g.11gb,yolo-inference-755b67b9bb-tpwv7,default,yolo,580.178.04,GPU-d59cb1c4-ad97-d91a-6731-e7b5f38951a6
2026-10-10 06:34:04.613671,92.678,12,1g.11gb,yolo-inference-755b67b9bb-cmfkj,default,yolo,580.178.04,GPU-d59cb1c4-ad97-d91a-6731-e7b5f38951a6
2026-10-10 06:34:04.613671,92.827,13,1g.11gb,yolo-inference-755b67b9bb-7kvtl,default,yolo,580.178.04,GPU-d59cb1c4-ad97-d91a-6731-e7b5f38951a6
2026-10-10 06:34:04.613671,92.945,7,1g.11gb,yolo-inference-755b67b9bb-6w2jk,default,yolo,580.178.04,GPU-d59cb1c4-ad97-d91a-6731-e7b5f38951a6
2026-10-10 06:34:04.613671,92.678,8,1g.11gb,yolo-inference-755b67b9bb-zbflb,default,yolo,580.178.04,GPU-d59cb1c4-ad97-d91a-6731-e7b5f38951a6
2026-10-10 06:34:04.613671,92.902,9,1g.11gb,yolo-inference-755b67b9bb-6z9g8,default,yolo,580.178.04,GPU-d59cb1c4-ad97-d91a-6731-e7b5f38951a6
2026-10-10 06:34:09.614153,92.728,10,1g.11gb,yolo-inference-755b67b9bb-jvw65,default,yolo,580.178.04,GPU-d59cb1c4-ad97-d91a-6731-e7b5f38951a6
2026-10-10 06:34:09.614153,92.902,11,1g.11gb,yolo-inference-755b67b9bb-tpwv7,default,yolo,580.178.04,GPU-d59cb1c4-ad97-d91a-6731-e7b5f38951a6
2026-10-10 06:34:09.614153,92.678,12,1g.11gb,yolo-inference-755b67b9bb-cmfkj,default,yolo,580.178.04,GPU-d59cb1c4-ad97-d91a-6731-e7b5f38951a6
2026-10-10 06:34:09.614153,92.827,13,1g.11gb,yolo-inference-755b67b9bb-7kvtl,default,yolo,580.178.04,GPU-d59cb1c4-ad97-d91a-6731-e7b5f38951a6
2026-10-10 06:34:09.614153,92.945,7,1g.11gb,yolo-inference-755b67b9bb-6w2jk,default,yolo,580.178.04,GPU-d59cb1c4-ad97-d91a-6731-e7b5f38951a6
2026-10-10 06:34:09.614153,92.678,8,1g.11gb,yolo-inference-755b67b9bb-zbflb,default,yolo,580.178.04,GPU-d59cb1c4-ad97-d91a-6731-e7b5f38951a6
2026-10-10 06:34:09.614153,92.902,9,1g.11gb,yolo-inference-755b67b9bb-6z9g8,default,yolo,580.178.04,GPU-d59cb1c4-ad97-d91a-6731-e7b5f38951a6
2026-10-10 06:34:14.610692,92.443,10,1g.11gb,yolo-inference-755b67b9bb-jvw65,default,yolo,580.178.04,GPU-d59cb1c4-ad97-d91a-6731-e7b5f38951a6
2026-10-10 06:34:14.610692,92.501,11,1g.11gb,yolo-inference-755b67b9bb-tpwv7,default,yolo,580.178.04,GPU-d59cb1c4-ad97-d91a-6731-e7b5f38951a6
2026-10-10 06:34:14.610692,92.322,12,1g.11gb,yolo-inference-755b67b9bb-cmfkj,default,yolo,580.178.04,GPU-d59cb1c4-ad97-d91a-6731-e7b5f38951a6
2026-10-10 06:34:14.610692,92.578,13,1g.11gb,yolo-inference-755b67b9bb-7kvtl,default,yolo,580.178.04,GPU-d59cb1c4-ad97-d91a-6731-e7b5f38951a6
2026-10-10 06:34:14.610692,92.661,7,1g.11gb,yolo-inference-755b67b9bb-6w2jk,default,yolo,580.178.04,GPU-d59cb1c4-ad97-d91a-6731-e7b5f38951a6
2026-10-10 06:34:14.610692,92.322,8,1g.11gb,yolo-inference-755b67b9bb-zbflb,default,yolo,580.178.04,GPU-d59cb1c4-ad97-d91a-6731-e7b5f38951a6
2026-10-10 06:34:14.610692,92.501,9,1g.11gb,yolo-inference-755b67b9bb-6z9g8,default,yolo,580.178.04,GPU-d59cb1c4-ad97-d91a-6731-e7b5f38951a6
2026-10-10 06:34:19.613383,92.443,10,1g.11gb,yolo-inference-755b67b9bb-jvw65,default,yolo,580.178.04,GPU-d59cb1c4-ad97-d91a-6731-e7b5f38951a6
2026-10-10 06:34:19.613383,92.501,11,1g.11gb,yolo-inference-755b67b9bb-tpwv7,default,yolo,580.178.04,GPU-d59cb1c4-ad97-d91a-6731-e7b5f38951a6
2026-10-10 06:34:19.613383,92.322,12,1g.11gb,yolo-inference-755b67b9bb-cmfkj,default,yolo,580.178.04,GPU-d59cb1c4-ad97-d91a-6731-e7b5f38951a6
2026-10-10 06:34:19.613383,92.578,13,1g.11gb,yolo-inference-755b67b9bb-7kvtl,default,yolo,580.178.04,GPU-d59cb1c4-ad97-d91a-6731-e7b5f38951a6
2026-10-10 06:34:19.613383,92.661,7,1g.11gb,yolo-inference-755b67b9bb-6w2jk,default,yolo,580.178.04,GPU-d59cb1c4-ad97-d91a-6731-e7b5f38951a6
2026-10-10 06:34:19.613383,92.322,8,1g.11gb,yolo-inference-755b67b9bb-zbflb,default,yolo,580.178.04,GPU-d59cb1c4-ad97-d91a-6731-e7b5f38951a6
2026-10-10 06:34:19.613383,92.501,9,1g.11gb,yolo-inference-755b67b9bb-6z9g8,default,yolo,580.178.04,GPU-d59cb1c4-ad97-d91a-6731-e7b5f38951a6
2026-10-10 06:34:24.614223,92.443,10,1g.11gb,yolo-inference-755b67b9bb-jvw65,default,yolo,580.178.04,GPU-d59cb1c4-ad97-d91a-6731-e7b5f38951a6
2026-10-10 06:34:24.614223,92.501,11,1g.11gb,yolo-inference-755b67b9bb-tpwv7,default,yolo,580.178.04,GPU-d59cb1c4-ad97-d91a-6731-e7b5f38951a6
2026-10-10 06:34:24.614223,92.322,12,1g.11gb,yolo-inference-755b67b9bb-cmfkj,default,yolo,580.178.04,GPU-d59cb1c4-ad97-d91a-6731-e7b5f38951a6
2026-10-10 06:34:24.614223,92.578,13,1g.11gb,yolo-inference-755b67b9bb-7kvtl,default,yolo,580.178.04,GPU-d59cb1c4-ad97-d91a-6731-e7b5f38951a6
2026-10-10 06:34:24.614223,92.661,7,1g.11gb,yolo-inference-755b67b9bb-6w2jk,default,yolo,580.178.04,GPU-d59cb1c4-ad97-d91a-6731-e7b5f38951a6
2026-10-10 06:34:24.614223,92.322,8,1g.11gb,yolo-inference-755b67b9bb-zbflb,default,yolo,580.178.04,GPU-d59cb1c4-ad97-d91a-6731-e7b5f38951a6
2026-10-10 06:34:24.614223,92.501,9,1g.11gb,yolo-inference-755b67b9bb-6z9g8,default,yolo,580.178.04,GPU-d59cb1c4-ad97-d91a-6731-e7b5f38951a6
2026-10-10 06:34:29.614239,92.443,10,1g.11gb,yolo-inference-755b67b9bb-jvw65,default,yolo,580.178.04,GPU-d59cb1c4-ad97-d91a-6731-e7b5f38951a6
2026-10-10 06:34:29.614239,92.501,11,1g.11gb,yolo-inference-755b67b9bb-tpwv7,default,yolo,580.178.04,GPU-d59cb1c4-ad97-d91a-6731-e7b5f38951a6
2026-10-10 06:34:29.614239,92.322,12,1g.11gb,yolo-inference-755b67b9bb-cmfkj,default,yolo,580.178.04,GPU-d59cb1c4-ad97-d91a-6731-e7b5f38951a6
2026-10-10 06:34:29.614239,92.578,13,1g.11gb,yolo-inference-755b67b9bb-7kvtl,default,yolo,580.178.04,GPU-d59cb1c4-ad97-d91a-6731-e7b5f38951a6
2026-10-10 06:34:29.614239,92.661,7,1g.11gb,yolo-inference-755b67b9bb-6w2jk,default,yolo,580.178.04,GPU-d59cb1c4-ad97-d91a-6731-e7b5f38951a6
2026-10-10 06:34:29.614239,92.322,8,1g.11gb,yolo-inference-755b67b9bb-zbflb,default,yolo,580.178.04,GPU-d59cb1c4-ad97-d91a-6731-e7b5f38951a6
2026-10-10 06:34:29.614239,92.501,9,1g.11gb,yolo-inference-755b67b9bb-6z9g8,default,yolo,580.178.04,GPU-d59cb1c4-ad97-d91a-6731-e7b5f38951a6
2026-10-10 06:34:34.612705,92.443,10,1g.11gb,yolo-inference-755b67b9bb-jvw65,default,yolo,580.178.04,GPU-d59cb1c4-ad97-d91a-6731-e7b5f38951a6
2026-10-10 06:34:34.612705,92.501,11,1g.11gb,yolo-inference-755b67b9bb-tpwv7,default,yolo,580.178.04,GPU-d59cb1c4-ad97-d91a-6731-e7b5f38951a6
2026-10-10 06:34:34.612705,92.322,12,1g.11gb,yolo-inference-755b67b9bb-cmfkj,default,yolo,580.178.04,GPU-d59cb1c4-ad97-d91a-6731-e7b5f38951a6
2026-10-10 06:34:34.612705,92.578,13,1g.11gb,yolo-inference-755b67b9bb-7kvtl,default,yolo,580.178.04,GPU-d59cb1c4-ad97-d91a-6731-e7b5f38951a6
2026-10-10 06:34:34.612705,92.661,7,1g.11gb,yolo-inference-755b67b9bb-6w2jk,default,yolo,580.178.04,GPU-d59cb1c4-ad97-d91a-6731-e7b5f38951a6
2026-10-10 06:34:34.612705,92.322,8,1g.11gb,yolo-inference-755b67b9bb-zbflb,default,yolo,580.178.04,GPU-d59cb1c4-ad97-d91a-6731-e7b5f38951a6
2026-10-10 06:34:34.612705,92.501,9,1g.11gb,yolo-inference-755b67b9bb-6z9g8,default,yolo,580.178.04,GPU-d59cb1c4-ad97-d91a-6731-e7b5f38951a6
2026-10-10 06:34:39.613506,92.443,10,1g.11gb,yolo-inference-755b67b9bb-jvw65,default,yolo,580.178.04,GPU-d59cb1c4-ad97-d91a-6731-e7b5f38951a6
2026-10-10 06:34:39.613506,92.501,11,1g.11gb,yolo-inference-755b67b9bb-tpwv7,default,yolo,580.178.04,GPU-d59cb1c4-ad97-d91a-6731-e7b5f38951a6
2026-10-10 06:34:39.613506,92.322,12,1g.11gb,yolo-inference-755b67b9bb-cmfkj,default,yolo,580.178.04,GPU-d59cb1c4-ad97-d91a-6731-e7b5f38951a6
2026-10-10 06:34:39.613506,92.578,13,1g.11gb,yolo-inference-755b67b9bb-7kvtl,default,yolo,580.178.04,GPU-d59cb1c4-ad97-d91a-6731-e7b5f38951a6
2026-10-10 06:34:39.613506,92.661,7,1g.11gb,yolo-inference-755b67b9bb-6w2jk,default,yolo,580.178.04,GPU-d59cb1c4-ad97-d91a-6731-e7b5f38951a6
2026-10-10 06:34:39.613506,92.322,8,1g.11gb,yolo-inference-755b67b9bb-zbflb,default,yolo,580.178.04,GPU-d59cb1c4-ad97-d91a-6731-e7b5f38951a6
2026-10-10 06:34:39.613506,92.501,9,1g.11gb,yolo-inference-755b67b9bb-6z9g8,default,yolo,580.178.04,GPU-d59cb1c4-ad97-d91a-6731-e7b5f38951a6
2026-10-10 06:34:44.614191,92.701,10,1g.11gb,yolo-inference-755b67b9bb-jvw65,default,yolo,580.178.04,GPU-d59cb1c4-ad97-d91a-6731-e7b5f38951a6
2026-10-10 06:34:44.614191,92.555,11,1g.11gb,yolo-inference-755b67b9bb-tpwv7,default,yolo,580.178.04,GPU-d59cb1c4-ad97-d91a-6731-e7b5f38951a6
2026-10-10 06:34:44.614191,92.615,12,1g.11gb,yolo-inference-755b67b9bb-cmfkj,default,yolo,580.178.04,GPU-d59cb1c4-ad97-d91a-6731-e7b5f38951a6
2026-10-10 06:34:44.614191,92.304,13,1g.11gb,yolo-inference-755b67b9bb-7kvtl,default,yolo,580.178.04,GPU-d59cb1c4-ad97-d91a-6731-e7b5f38951a6
2026-10-10 06:34:44.614191,92.667,7,1g.11gb,yolo-inference-755b67b9bb-6w2jk,default,yolo,580.178.04,GPU-d59cb1c4-ad97-d91a-6731-e7b5f38951a6
2026-10-10 06:34:44.614191,92.615,8,1g.11gb,yolo-inference-755b67b9bb-zbflb,default,yolo,580.178.04,GPU-d59cb1c4-ad97-d91a-6731-e7b5f38951a6
2026-10-10 06:34:44.614191,92.422,9,1g.11gb,yolo-inference-755b67b9bb-6z9g8,default,yolo,580.178.04,GPU-d59cb1c4-ad97-d91a-6731-e7b5f38951a6
2026-10-10 06:34:49.614163,92.701,10,1g.11gb,yolo-inference-755b67b9bb-jvw65,default,yolo,580.178.04,GPU-d59cb1c4-ad97-d91a-6731-e7b5f38951a6
2026-10-10 06:34:49.614163,92.555,11,1g.11gb,yolo-inference-755b67b9bb-tpwv7,default,yolo,580.178.04,GPU-d59cb1c4-ad97-d91a-6731-e7b5f38951a6
2026-10-10 06:34:49.614163,92.615,12,1g.11gb,yolo-inference-755b67b9bb-cmfkj,default,yolo,580.178.04,GPU-d59cb1c4-ad97-d91a-6731-e7b5f38951a6
2026-10-10 06:34:49.614163,92.304,13,1g.11gb,yolo-inference-755b67b9bb-7kvtl,default,yolo,580.178.04,GPU-d59cb1c4-ad97-d91a-6731-e7b5f38951a6
2026-10-10 06:34:49.614163,92.667,7,1g.11gb,yolo-inference-755b67b9bb-6w2jk,default,yolo,580.178.04,GPU-d59cb1c4-ad97-d91a-6731-e7b5f38951a6
2026-10-10 06:34:49.614163,92.615,8,1g.11gb,yolo-inference-755b67b9bb-zbflb,default,yolo,580.178.04,GPU-d59cb1c4-ad97-d91a-6731-e7b5f38951a6
2026-10-10 06:34:49.614163,92.422,9,1g.11gb,yolo-inference-755b67b9bb-6z9g8,default,yolo,580.178.04,GPU-d59cb1c4-ad97-d91a-6731-e7b5f38951a6
2026-10-10 06:34:54.614196,92.701,10,1g.11gb,yolo-inference-755b67b9bb-jvw65,default,yolo,580.178.04,GPU-d59cb1c4-ad97-d91a-6731-e7b5f38951a6
2026-10-10 06:34:54.614196,92.555,11,1g.11gb,yolo-inference-755b67b9bb-tpwv7,default,yolo,580.178.04,GPU-d59cb1c4-ad97-d91a-6731-e7b5f38951a6
2026-10-10 06:34:54.614196,92.615,12,1g.11gb,yolo-inference-755b67b9bb-cmfkj,default,yolo,580.178.04,GPU-d59cb1c4-ad97-d91a-6731-e7b5f38951a6
2026-10-10 06:34:54.614196,92.304,13,1g.11gb,yolo-inference-755b67b9bb-7kvtl,default,yolo,580.178.04,GPU-d59cb1c4-ad97-d91a-6731-e7b5f38951a6
2026-10-10 06:34:54.614196,92.667,7,1g.11gb,yolo-inference-755b67b9bb-6w2jk,default,yolo,580.178.04,GPU-d59cb1c4-ad97-d91a-6731-e7b5f38951a6
2026-10-10 06:34:54.614196,92.615,8,1g.11gb,yolo-inference-755b67b9bb-zbflb,default,yolo,580.178.04,GPU-d59cb1c4-ad97-d91a-6731-e7b5f38951a6
2026-10-10 06:34:54.614196,92.422,9,1g.11gb,yolo-inference-755b67b9bb-6z9g8,default,yolo,580.178.04,GPU-d59cb1c4-ad97-d91a-6731-e7b5f38951a6
2026-10-10 06:34:59.609878,92.701,10,1g.11gb,yolo-inference-755b67b9bb-jvw65,default,yolo,580.178.04,GPU-d59cb1c4-ad97-d91a-6731-e7b5f38951a6
2026-10-10 06:34:59.609878,92.555,11,1g.11gb,yolo-inference-755b67b9bb-tpwv7,default,yolo,580.178.04,GPU-d59cb1c4-ad97-d91a-6731-e7b5f38951a6
2026-10-10 06:34:59.609878,92.615,12,1g.11gb,yolo-inference-755b67b9bb-cmfkj,default,yolo,580.178.04,GPU-d59cb1c4-ad97-d91a-6731-e7b5f38951a6
2026-10-10 06:34:59.609878,92.304,13,1g.11gb,yolo-inference-755b67b9bb-7kvtl,default,yolo,580.178.04,GPU-d59cb1c4-ad97-d91a-6731-e7b5f38951a6
2026-10-10 06:34:59.609878,92.667,7,1g.11gb,yolo-inference-755b67b9bb-6w2jk,default,yolo,580.178.04,GPU-d59cb1c4-ad97-d91a-6731-e7b5f38951a6
2026-10-10 06:34:59.609878,92.615,8,1g.11gb,yolo-inference-755b67b9bb-zbflb,default,yolo,580.178.04,GPU-d59cb1c4-ad97-d91a-6731-e7b5f38951a6
2026-10-10 06:34:59.609878,92.422,9,1g.11gb,yolo-inference-755b67b9bb-6z9g8,default,yolo,580.178.04,GPU-d59cb1c4-ad97-d91a-6731-e7b5f38951a6
2026-10-10 06:35:04.613669,92.701,10,1g.11gb,yolo-inference-755b67b9bb-jvw65,default,yolo,580.178.04,GPU-d59cb1c4-ad97-d91a-6731-e7b5f38951a6
2026-10-10 06:35:04.613669,92.555,11,1g.11gb,yolo-inference-755b67b9bb-tpwv7,default,yolo,580.178.04,GPU-d59cb1c4-ad97-d91a-6731-e7b5f38951a6
2026-10-10 06:35:04.613669,92.615,12,1g.11gb,yolo-inference-755b67b9bb-cmfkj,default,yolo,580.178.04,GPU-d59cb1c4-ad97-d91a-6731-e7b5f38951a6
2026-10-10 06:35:04.613669,92.304,13,1g.11gb,yolo-inference-755b67b9bb-7kvtl,default,yolo,580.178.04,GPU-d59cb1c4-ad97-d91a-6731-e7b5f38951a6
2026-10-10 06:35:04.613669,92.667,7,1g.11gb,yolo-inference-755b67b9bb-6w2jk,default,yolo,580.178.04,GPU-d59cb1c4-ad97-d91a-6731-e7b5f38951a6
2026-10-10 06:35:04.613669,92.615,8,1g.11gb,yolo-inference-755b67b9bb-zbflb,default,yolo,580.178.04,GPU-d59cb1c4-ad97-d91a-6731-e7b5f38951a6
2026-10-10 06:35:04.613669,92.422,9,1g.11gb,yolo-inference-755b67b9bb-6z9g8,default,yolo,580.178.04,GPU-d59cb1c4-ad97-d91a-6731-e7b5f38951a6
2026-10-10 06:35:09.609662,92.701,10,1g.11gb,yolo-inference-755b67b9bb-jvw65,default,yolo,580.178.04,GPU-d59cb1c4-ad97-d91a-6731-e7b5f38951a6
2026-10-10 06:35:09.609662,92.555,11,1g.11gb,yolo-inference-755b67b9bb-tpwv7,default,yolo,580.178.04,GPU-d59cb1c4-ad97-d91a-6731-e7b5f38951a6
2026-10-10 06:35:09.609662,92.615,12,1g.11gb,yolo-inference-755b67b9bb-cmfkj,default,yolo,580.178.04,GPU-d59cb1c4-ad97-d91a-6731-e7b5f38951a6
2026-10-10 06:35:09.609662,92.304,13,1g.11gb,yolo-inference-755b67b9bb-7kvtl,default,yolo,580.178.04,GPU-d59cb1c4-ad97-d91a-6731-e7b5f38951a6
2026-10-10 06:35:09.609662,92.667,7,1g.11gb,yolo-inference-755b67b9bb-6w2jk,default,yolo,580.178.04,GPU-d59cb1c4-ad97-d91a-6731-e7b5f38951a6
2026-10-10 06:35:09.609662,92.615,8,1g.11gb,yolo-inference-755b67b9bb-zbflb,default,yolo,580.178.04,GPU-d59cb1c4-ad97-d91a-6731-e7b5f38951a6
2026-10-10 06:35:09.609662,92.422,9,1g.11gb,yolo-inference-755b67b9bb-6z9g8,default,yolo,580.178.04,GPU-d59cb1c4-ad97-d91a-6731-e7b5f38951a6
2026-10-10 06:35:14.610054,92.553,10,1g.11gb,yolo-inference-755b67b9bb-jvw65,default,yolo,580.178.04,GPU-d59cb1c4-ad97-d91a-6731-e7b5f38951a6
2026-10-10 06:35:14.610054,92.616,11,1g.11gb,yolo-inference-755b67b9bb-tpwv7,default,yolo,580.178.04,GPU-d59cb1c4-ad97-d91a-6731-e7b5f38951a6
2026-10-10 06:35:14.610054,92.643,12,1g.11gb,yolo-inference-755b67b9bb-cmfkj,default,yolo,580.178.04,GPU-d59cb1c4-ad97-d91a-6731-e7b5f38951a6
2026-10-10 06:35:14.610054,92.659,13,1g.11gb,yolo-inference-755b67b9bb-7kvtl,default,yolo,580.178.04,GPU-d59cb1c4-ad97-d91a-6731-e7b5f38951a6
2026-10-10 06:35:14.610054,92.662,7,1g.11gb,yolo-inference-755b67b9bb-6w2jk,default,yolo,580.178.04,GPU-d59cb1c4-ad97-d91a-6731-e7b5f38951a6
2026-10-10 06:35:14.610054,92.643,8,1g.11gb,yolo-inference-755b67b9bb-zbflb,default,yolo,580.178.04,GPU-d59cb1c4-ad97-d91a-6731-e7b5f38951a6
2026-10-10 06:35:14.610054,92.669,9,1g.11gb,yolo-inference-755b67b9bb-6z9g8,default,yolo,580.178.04,GPU-d59cb1c4-ad97-d91a-6731-e7b5f38951a6
2026-10-10 06:35:19.614366,92.553,10,1g.11gb,yolo-inference-755b67b9bb-jvw65,default,yolo,580.178.04,GPU-d59cb1c4-ad97-d91a-6731-e7b5f38951a6
2026-10-10 06:35:19.614366,92.616,11,1g.11gb,yolo-inference-755b67b9bb-tpwv7,default,yolo,580.178.04,GPU-d59cb1c4-ad97-d91a-6731-e7b5f38951a6
2026-10-10 06:35:19.614366,92.643,12,1g.11gb,yolo-inference-755b67b9bb-cmfkj,default,yolo,580.178.04,GPU-d59cb1c4-ad97-d91a-6731-e7b5f38951a6
2026-10-10 06:35:19.614366,92.659,13,1g.11gb,yolo-inference-755b67b9bb-7kvtl,default,yolo,580.178.04,GPU-d59cb1c4-ad97-d91a-6731-e7b5f38951a6
2026-10-10 06:35:19.614366,92.662,7,1g.11gb,yolo-inference-755b67b9bb-6w2jk,default,yolo,580.178.04,GPU-d59cb1c4-ad97-d91a-6731-e7b5f38951a6
2026-10-10 06:35:19.614366,92.643,8,1g.11gb,yolo-inference-755b67b9bb-zbflb,default,yolo,580.178.04,GPU-d59cb1c4-ad97-d91a-6731-e7b5f38951a6
2026-10-10 06:35:19.614366,92.669,9,1g.11gb,yolo-inference-755b67b9bb-6z9g8,default,yolo,580.178.04,GPU-d59cb1c4-ad97-d91a-6731-e7b5f38951a6
2026-10-10 06:35:24.614178,92.553,10,1g.11gb,yolo-inference-755b67b9bb-jvw65,default,yolo,580.178.04,GPU-d59cb1c4-ad97-d91a-6731-e7b5f38951a6
2026-10-10 06:35:24.614178,92.616,11,1g.11gb,yolo-inference-755b67b9bb-tpwv7,default,yolo,580.178.04,GPU-d59cb1c4-ad97-d91a-6731-e7b5f38951a6
2026-10-10 06:35:24.614178,92.643,12,1g.11gb,yolo-inference-755b67b9bb-cmfkj,default,yolo,580.178.04,GPU-d59cb1c4-ad97-d91a-6731-e7b5f38951a6
2026-10-10 06:35:24.614178,92.659,13,1g.11gb,yolo-inference-755b67b9bb-7kvtl,default,yolo,580.178.04,GPU-d59cb1c4-ad97-d91a-6731-e7b5f38951a6
2026-10-10 06:35:24.614178,92.662,7,1g.11gb,yolo-inference-755b67b9bb-6w2jk,default,yolo,580.178.04,GPU-d59cb1c4-ad97-d91a-6731-e7b5f38951a6
2026-10-10 06:35:24.614178,92.643,8,1g.11gb,yolo-inference-755b67b9bb-zbflb,default,yolo,580.178.04,GPU-d59cb1c4-ad97-d91a-6731-e7b5f38951a6
2026-10-10 06:35:24.614178,92.669,9,1g.11gb,yolo-inference-755b67b9bb-6z9g8,default,yolo,580.178.04,GPU-d59cb1c4-ad97-d91a-6731-e7b5f38951a6
2026-10-10 06:35:29.609891,92.553,10,1g.11gb,yolo-inference-755b67b9bb-jvw65,default,yolo,580.178.04,GPU-d59cb1c4-ad97-d91a-6731-e7b5f38951a6
2026-10-10 06:35:29.609891,92.616,11,1g.11gb,yolo-inference-755b67b9bb-tpwv7,default,yolo,580.178.04,GPU-d59cb1c4-ad97-d91a-6731-e7b5f38951a6
2026-10-10 06:35:29.609891,92.643,12,1g.11gb,yolo-inference-755b67b9bb-cmfkj,default,yolo,580.178.04,GPU-d59cb1c4-ad97-d91a-6731-e7b5f38951a6
2026-10-10 06:35:29.609891,92.659,13,1g.11gb,yolo-inference-755b67b9bb-7kvtl,default,yolo,580.178.04,GPU-d59cb1c4-ad97-d91a-6731-e7b5f38951a6
2026-10-10 06:35:29.609891,92.662,7,1g.11gb,yolo-inference-755b67b9bb-6w2jk,default,yolo,580.178.04,GPU-d59cb1c4-ad97-d91a-6731-e7b5f38951a6
2026-10-10 06:35:29.609891,92.643,8,1g.11gb,yolo-inference-755b67b9bb-zbflb,default,yolo,580.178.04,GPU-d59cb1c4-ad97-d91a-6731-e7b5f38951a6
2026-10-10 06:35:29.609891,92.669,9,1g.11gb,yolo-inference-755b67b9bb-6z9g8,default,yolo,580.178.04,GPU-d59cb1c4-ad97-d91a-6731-e7b5f38951a6
2026-10-10 06:35:34.614197,92.553,10,1g.11gb,yolo-inference-755b67b9bb-jvw65,default,yolo,580.178.04,GPU-d59cb1c4-ad97-d91a-6731-e7b5f38951a6
2026-10-10 06:35:34.614197,92.616,11,1g.11gb,yolo-inference-755b67b9bb-tpwv7,default,yolo,580.178.04,GPU-d59cb1c4-ad97-d91a-6731-e7b5f38951a6
2026-10-10 06:35:34.614197,92.643,12,1g.11gb,yolo-inference-755b67b9bb-cmfkj,default,yolo,580.178.04,GPU-d59cb1c4-ad97-d91a-6731-e7b5f38951a6
2026-10-10 06:35:34.614197,92.659,13,1g.11gb,yolo-inference-755b67b9bb-7kvtl,default,yolo,580.178.04,GPU-d59cb1c4-ad97-d91a-6731-e7b5f38951a6
2026-10-10 06:35:34.614197,92.662,7,1g.11gb,yolo-inference-755b67b9bb-6w2jk,default,yolo,580.178.04,GPU-d59cb1c4-ad97-d91a-6731-e7b5f38951a6
2026-10-10 06:35:34.614197,92.643,8,1g.11gb,yolo-inference-755b67b9bb-zbflb,default,yolo,580.178.04,GPU-d59cb1c4-ad97-d91a-6731-e7b5f38951a6
2026-10-10 06:35:34.614197,92.669,9,1g.11gb,yolo-inference-755b67b9bb-6z9g8,default,yolo,580.178.04,GPU-d59cb1c4-ad97-d91a-6731-e7b5f38951a6
2026-10-10 06:35:39.612540,92.553,10,1g.11gb,yolo-inference-755b67b9bb-jvw65,default,yolo,580.178.04,GPU-d59cb1c4-ad97-d91a-6731-e7b5f38951a6
2026-10-10 06:35:39.612540,92.616,11,1g.11gb,yolo-inference-755b67b9bb-tpwv7,default,yolo,580.178.04,GPU-d59cb1c4-ad97-d91a-6731-e7b5f38951a6
2026-10-10 06:35:39.612540,92.643,12,1g.11gb,yolo-inference-755b67b9bb-cmfkj,default,yolo,580.178.04,GPU-d59cb1c4-ad97-d91a-6731-e7b5f38951a6
2026-10-10 06:35:39.612540,92.659,13,1g.11gb,yolo-inference-755b67b9bb-7kvtl,default,yolo,580.178.04,GPU-d59cb1c4-ad97-d91a-6731-e7b5f38951a6
2026-10-10 06:35:39.612540,92.662,7,1g.11gb,yolo-inference-755b67b9bb-6w2jk,default,yolo,580.178.04,GPU-d59cb1c4-ad97-d91a-6731-e7b5f38951a6
2026-10-10 06:35:39.612540,92.643,8,1g.11gb,yolo-inference-755b67b9bb-zbflb,default,yolo,580.178.04,GPU-d59cb1c4-ad97-d91a-6731-e7b5f38951a6
2026-10-10 06:35:39.612540,92.669,9,1g.11gb,yolo-inference-755b67b9bb-6z9g8,default,yolo,580.178.04,GPU-d59cb1c4-ad97-d91a-6731-e7b5f38951a6
2026-10-10 06:35:44.614192,92.504,10,1g.11gb,yolo-inference-755b67b9bb-jvw65,default,yolo,580.178.04,GPU-d59cb1c4-ad97-d91a-6731-e7b5f38951a6
2026-10-10 06:35:44.614192,92.663,11,1g.11gb,yolo-inference-755b67b9bb-tpwv7,default,yolo,580.178.04,GPU-d59cb1c4-ad97-d91a-6731-e7b5f38951a6
2026-10-10 06:35:44.614192,92.761,12,1g.11gb,yolo-inference-755b67b9bb-cmfkj,default,yolo,580.178.04,GPU-d59cb1c4-ad97-d91a-6731-e7b5f38951a6
2026-10-10 06:35:44.614192,92.721,13,1g.11gb,yolo-inference-755b67b9bb-7kvtl,default,yolo,580.178.04,GPU-d59cb1c4-ad97-d91a-6731-e7b5f38951a6
2026-10-10 06:35:44.614192,92.584,7,1g.11gb,yolo-inference-755b67b9bb-6w2jk,default,yolo,580.178.04,GPU-d59cb1c4-ad97-d91a-6731-e7b5f38951a6
2026-10-10 06:35:44.614192,92.761,8,1g.11gb,yolo-inference-755b67b9bb-zbflb,default,yolo,580.178.04,GPU-d59cb1c4-ad97-d91a-6731-e7b5f38951a6
2026-10-10 06:35:44.614192,92.795,9,1g.11gb,yolo-inference-755b67b9bb-6z9g8,default,yolo,580.178.04,GPU-d59cb1c4-ad97-d91a-6731-e7b5f38951a6
2026-10-10 06:35:49.612701,92.504,10,1g.11gb,yolo-inference-755b67b9bb-jvw65,default,yolo,580.178.04,GPU-d59cb1c4-ad97-d91a-6731-e7b5f38951a6
2026-10-10 06:35:49.612701,92.663,11,1g.11gb,yolo-inference-755b67b9bb-tpwv7,default,yolo,580.178.04,GPU-d59cb1c4-ad97-d91a-6731-e7b5f38951a6
2026-10-10 06:35:49.612701,92.761,12,1g.11gb,yolo-inference-755b67b9bb-cmfkj,default,yolo,580.178.04,GPU-d59cb1c4-ad97-d91a-6731-e7b5f38951a6
2026-10-10 06:35:49.612701,92.721,13,1g.11gb,yolo-inference-755b67b9bb-7kvtl,default,yolo,580.178.04,GPU-d59cb1c4-ad97-d91a-6731-e7b5f38951a6
2026-10-10 06:35:49.612701,92.584,7,1g.11gb,yolo-inference-755b67b9bb-6w2jk,default,yolo,580.178.04,GPU-d59cb1c4-ad97-d91a-6731-e7b5f38951a6
2026-10-10 06:35:49.612701,92.761,8,1g.11gb,yolo-inference-755b67b9bb-zbflb,default,yolo,580.178.04,GPU-d59cb1c4-ad97-d91a-6731-e7b5f38951a6
2026-10-10 06:35:49.612701,92.795,9,1g.11gb,yolo-inference-755b67b9bb-6z9g8,default,yolo,580.178.04,GPU-d59cb1c4-ad97-d91a-6731-e7b5f38951a6
2026-10-10 06:35:54.614197,92.504,10,1g.11gb,yolo-inference-755b67b9bb-jvw65,default,yolo,580.178.04,GPU-d59cb1c4-ad97-d91a-6731-e7b5f38951a6
2026-10-10 06:35:54.614197,92.663,11,1g.11gb,yolo-inference-755b67b9bb-tpwv7,default,yolo,580.178.04,GPU-d59cb1c4-ad97-d91a-6731-e7b5f38951a6
2026-10-10 06:35:54.614197,92.761,12,1g.11gb,yolo-inference-755b67b9bb-cmfkj,default,yolo,580.178.04,GPU-d59cb1c4-ad97-d91a-6731-e7b5f38951a6
2026-10-10 06:35:54.614197,92.721,13,1g.11gb,yolo-inference-755b67b9bb-7kvtl,default,yolo,580.178.04,GPU-d59cb1c4-ad97-d91a-6731-e7b5f38951a6
2026-10-10 06:35:54.614197,92.584,7,1g.11gb,yolo-inference-755b67b9bb-6w2jk,default,yolo,580.178.04,GPU-d59cb1c4-ad97-d91a-6731-e7b5f38951a6
2026-10-10 06:35:54.614197,92.761,8,1g.11gb,yolo-inference-755b67b9bb-zbflb,default,yolo,580.178.04,GPU-d59cb1c4-ad97-d91a-6731-e7b5f38951a6
2026-10-10 06:35:54.614197,92.795,9,1g.11gb,yolo-inference-755b67b9bb-6z9g8,default,yolo,580.178.04,GPU-d59cb1c4-ad97-d91a-6731-e7b5f38951a6
2026-10-10 06:35:59.609578,92.504,10,1g.11gb,yolo-inference-755b67b9bb-jvw65,default,yolo,580.178.04,GPU-d59cb1c4-ad97-d91a-6731-e7b5f38951a6
2026-10-10 06:35:59.609578,92.663,11,1g.11gb,yolo-inference-755b67b9bb-tpwv7,default,yolo,580.178.04,GPU-d59cb1c4-ad97-d91a-6731-e7b5f38951a6
2026-10-10 06:35:59.609578,92.761,12,1g.11gb,yolo-inference-755b67b9bb-cmfkj,default,yolo,580.178.04,GPU-d59cb1c4-ad97-d91a-6731-e7b5f38951a6
2026-10-10 06:35:59.609578,92.721,13,1g.11gb,yolo-inference-755b67b9bb-7kvtl,default,yolo,580.178.04,GPU-d59cb1c4-ad97-d91a-6731-e7b5f38951a6
2026-10-10 06:35:59.609578,92.584,7,1g.11gb,yolo-inference-755b67b9bb-6w2jk,default,yolo,580.178.04,GPU-d59cb1c4-ad97-d91a-6731-e7b5f38951a6
2026-10-10 06:35:59.609578,92.761,8,1g.11gb,yolo-inference-755b67b9bb-zbflb,default,yolo,580.178.04,GPU-d59cb1c4-ad97-d91a-6731-e7b5f38951a6
2026-10-10 06:35:59.609578,92.795,9,1g.11gb,yolo-inference-755b67b9bb-6z9g8,default,yolo,580.178.04,GPU-d59cb1c4-ad97-d91a-6731-e7b5f38951a6
2026-10-10 06:36:04.614220,92.504,10,1g.11gb,yolo-inference-755b67b9bb-jvw65,default,yolo,580.178.04,GPU-d59cb1c4-ad97-d91a-6731-e7b5f38951a6
2026-10-10 06:36:04.614220,92.663,11,1g.11gb,yolo-inference-755b67b9bb-tpwv7,default,yolo,580.178.04,GPU-d59cb1c4-ad97-d91a-6731-e7b5f38951a6
2026-10-10 06:36:04.614220,92.761,12,1g.11gb,yolo-inference-755b67b9bb-cmfkj,default,yolo,580.178.04,GPU-d59cb1c4-ad97-d91a-6731-e7b5f38951a6
2026-10-10 06:36:04.614220,92.721,13,1g.11gb,yolo-inference-755b67b9bb-7kvtl,default,yolo,580.178.04,GPU-d59cb1c4-ad97-d91a-6731-e7b5f38951a6
2026-10-10 06:36:04.614220,92.584,7,1g.11gb,yolo-inference-755b67b9bb-6w2jk,default,yolo,580.178.04,GPU-d59cb1c4-ad97-d91a-6731-e7b5f38951a6
2026-10-10 06:36:04.614220,92.761,8,1g.11gb,yolo-inference-755b67b9bb-zbflb,default,yolo,580.178.04,GPU-d59cb1c4-ad97-d91a-6731-e7b5f38951a6
2026-10-10 06:36:04.614220,92.795,9,1g.11gb,yolo-inference-755b67b9bb-6z9g8,default,yolo,580.178.04,GPU-d59cb1c4-ad97-d91a-6731-e7b5f38951a6
2026-10-10 06:36:09.614185,92.504,10,1g.11gb,yolo-inference-755b67b9bb-jvw65,default,yolo,580.178.04,GPU-d59cb1c4-ad97-d91a-6731-e7b5f38951a6
2026-10-10 06:36:09.614185,92.663,11,1g.11gb,yolo-inference-755b67b9bb-tpwv7,default,yolo,580.178.04,GPU-d59cb1c4-ad97-d91a-6731-e7b5f38951a6
2026-10-10 06:36:09.614185,92.761,12,1g.11gb,yolo-inference-755b67b9bb-cmfkj,default,yolo,580.178.04,GPU-d59cb1c4-ad97-d91a-6731-e7b5f38951a6
2026-10-10 06:36:09.614185,92.721,13,1g.11gb,yolo-inference-755b67b9bb-7kvtl,default,yolo,580.178.04,GPU-d59cb1c4-ad97-d91a-6731-e7b5f38951a6
2026-10-10 06:36:09.614185,92.584,7,1g.11gb,yolo-inference-755b67b9bb-6w2jk,default,yolo,580.178.04,GPU-d59cb1c4-ad97-d91a-6731-e7b5f38951a6
2026-10-10 06:36:09.614185,92.761,8,1g.11gb,yolo-inference-755b67b9bb-zbflb,default,yolo,580.178.04,GPU-d59cb1c4-ad97-d91a-6731-e7b5f38951a6
2026-10-10 06:36:09.614185,92.795,9,1g.11gb,yolo-inference-755b67b9bb-6z9g8,default,yolo,580.178.04,GPU-d59cb1c4-ad97-d91a-6731-e7b5f38951a6
2026-10-10 06:36:14.609957,92.848,10,1g.11gb,yolo-inference-755b67b9bb-jvw65,default,yolo,580.178.04,GPU-d59cb1c4-ad97-d91a-6731-e7b5f38951a6
2026-10-10 06:36:14.609957,92.689,11,1g.11gb,yolo-inference-755b67b9bb-tpwv7,default,yolo,580.178.04,GPU-d59cb1c4-ad97-d91a-6731-e7b5f38951a6
2026-10-10 06:36:14.609957,92.752,12,1g.11gb,yolo-inference-755b67b9bb-cmfkj,default,yolo,580.178.04,GPU-d59cb1c4-ad97-d91a-6731-e7b5f38951a6
2026-10-10 06:36:14.609957,92.702,13,1g.11gb,yolo-inference-755b67b9bb-7kvtl,default,yolo,580.178.04,GPU-d59cb1c4-ad97-d91a-6731-e7b5f38951a6
2026-10-10 06:36:14.609957,92.775,7,1g.11gb,yolo-inference-755b67b9bb-6w2jk,default,yolo,580.178.04,GPU-d59cb1c4-ad97-d91a-6731-e7b5f38951a6
2026-10-10 06:36:14.609957,92.752,8,1g.11gb,yolo-inference-755b67b9bb-zbflb,default,yolo,580.178.04,GPU-d59cb1c4-ad97-d91a-6731-e7b5f38951a6
2026-10-10 06:36:14.609957,92.718,9,1g.11gb,yolo-inference-755b67b9bb-6z9g8,default,yolo,580.178.04,GPU-d59cb1c4-ad97-d91a-6731-e7b5f38951a6
2026-10-10 06:36:19.614184,92.848,10,1g.11gb,yolo-inference-755b67b9bb-jvw65,default,yolo,580.178.04,GPU-d59cb1c4-ad97-d91a-6731-e7b5f38951a6
2026-10-10 06:36:19.614184,92.689,11,1g.11gb,yolo-inference-755b67b9bb-tpwv7,default,yolo,580.178.04,GPU-d59cb1c4-ad97-d91a-6731-e7b5f38951a6
2026-10-10 06:36:19.614184,92.752,12,1g.11gb,yolo-inference-755b67b9bb-cmfkj,default,yolo,580.178.04,GPU-d59cb1c4-ad97-d91a-6731-e7b5f38951a6
2026-10-10 06:36:19.614184,92.702,13,1g.11gb,yolo-inference-755b67b9bb-7kvtl,default,yolo,580.178.04,GPU-d59cb1c4-ad97-d91a-6731-e7b5f38951a6
2026-10-10 06:36:19.614184,92.775,7,1g.11gb,yolo-inference-755b67b9bb-6w2jk,default,yolo,580.178.04,GPU-d59cb1c4-ad97-d91a-6731-e7b5f38951a6
2026-10-10 06:36:19.614184,92.752,8,1g.11gb,yolo-inference-755b67b9bb-zbflb,default,yolo,580.178.04,GPU-d59cb1c4-ad97-d91a-6731-e7b5f38951a6
2026-10-10 06:36:19.614184,92.718,9,1g.11gb,yolo-inference-755b67b9bb-6z9g8,default,yolo,580.178.04,GPU-d59cb1c4-ad97-d91a-6731-e7b5f38951a6
2026-10-10 06:36:24.614185,92.848,10,1g.11gb,yolo-inference-755b67b9bb-jvw65,default,yolo,580.178.04,GPU-d59cb1c4-ad97-d91a-6731-e7b5f38951a6
2026-10-10 06:36:24.614185,92.689,11,1g.11gb,yolo-inference-755b67b9bb-tpwv7,default,yolo,580.178.04,GPU-d59cb1c4-ad97-d91a-6731-e7b5f38951a6
2026-10-10 06:36:24.614185,92.752,12,1g.11gb,yolo-inference-755b67b9bb-cmfkj,default,yolo,580.178.04,GPU-d59cb1c4-ad97-d91a-6731-e7b5f38951a6
2026-10-10 06:36:24.614185,92.702,13,1g.11gb,yolo-inference-755b67b9bb-7kvtl,default,yolo,580.178.04,GPU-d59cb1c4-ad97-d91a-6731-e7b5f38951a6
2026-10-10 06:36:24.614185,92.775,7,1g.11gb,yolo-inference-755b67b9bb-6w2jk,default,yolo,580.178.04,GPU-d59cb1c4-ad97-d91a-6731-e7b5f38951a6
2026-10-10 06:36:24.614185,92.752,8,1g.11gb,yolo-inference-755b67b9bb-zbflb,default,yolo,580.178.04,GPU-d59cb1c4-ad97-d91a-6731-e7b5f38951a6
2026-10-10 06:36:24.614185,92.718,9,1g.11gb,yolo-inference-755b67b9bb-6z9g8,default,yolo,580.178.04,GPU-d59cb1c4-ad97-d91a-6731-e7b5f38951a6
2026-10-10 06:36:29.614191,92.848,10,1g.11gb,yolo-inference-755b67b9bb-jvw65,default,yolo,580.178.04,GPU-d59cb1c4-ad97-d91a-6731-e7b5f38951a6
2026-10-10 06:36:29.614191,92.689,11,1g.11gb,yolo-inference-755b67b9bb-tpwv7,default,yolo,580.178.04,GPU-d59cb1c4-ad97-d91a-6731-e7b5f38951a6
2026-10-10 06:36:29.614191,92.752,12,1g.11gb,yolo-inference-755b67b9bb-cmfkj,default,yolo,580.178.04,GPU-d59cb1c4-ad97-d91a-6731-e7b5f38951a6
2026-10-10 06:36:29.614191,92.702,13,1g.11gb,yolo-inference-755b67b9bb-7kvtl,default,yolo,580.178.04,GPU-d59cb1c4-ad97-d91a-6731-e7b5f38951a6
2026-10-10 06:36:29.614191,92.775,7,1g.11gb,yolo-inference-755b67b9bb-6w2jk,default,yolo,580.178.04,GPU-d59cb1c4-ad97-d91a-6731-e7b5f38951a6
2026-10-10 06:36:29.614191,92.752,8,1g.11gb,yolo-inference-755b67b9bb-zbflb,default,yolo,580.178.04,GPU-d59cb1c4-ad97-d91a-6731-e7b5f38951a6
2026-10-10 06:36:29.614191,92.718,9,1g.11gb,yolo-inference-755b67b9bb-6z9g8,default,yolo,580.178.04,GPU-d59cb1c4-ad97-d91a-6731-e7b5f38951a6
2026-10-10 06:36:34.614181,92.848,10,1g.11gb,yolo-inference-755b67b9bb-jvw65,default,yolo,580.178.04,GPU-d59cb1c4-ad97-d91a-6731-e7b5f38951a6
2026-10-10 06:36:34.614181,92.689,11,1g.11gb,yolo-inference-755b67b9bb-tpwv7,default,yolo,580.178.04,GPU-d59cb1c4-ad97-d91a-6731-e7b5f38951a6
2026-10-10 06:36:34.614181,92.752,12,1g.11gb,yolo-inference-755b67b9bb-cmfkj,default,yolo,580.178.04,GPU-d59cb1c4-ad97-d91a-6731-e7b5f38951a6
2026-10-10 06:36:34.614181,92.702,13,1g.11gb,yolo-inference-755b67b9bb-7kvtl,default,yolo,580.178.04,GPU-d59cb1c4-ad97-d91a-6731-e7b5f38951a6
2026-10-10 06:36:34.614181,92.775,7,1g.11gb,yolo-inference-755b67b9bb-6w2jk,default,yolo,580.178.04,GPU-d59cb1c4-ad97-d91a-6731-e7b5f38951a6
2026-10-10 06:36:34.614181,92.752,8,1g.11gb,yolo-inference-755b67b9bb-zbflb,default,yolo,580.178.04,GPU-d59cb1c4-ad97-d91a-6731-e7b5f38951a6
2026-10-10 06:36:34.614181,92.718,9,1g.11gb,yolo-inference-755b67b9bb-6z9g8,default,yolo,580.178.04,GPU-d59cb1c4-ad97-d91a-6731-e7b5f38951a6
2026-10-10 06:36:39.612657,92.848,10,1g.11gb,yolo-inference-755b67b9bb-jvw65,default,yolo,580.178.04,GPU-d59cb1c4-ad97-d91a-6731-e7b5f38951a6
2026-10-10 06:36:39.612657,92.689,11,1g.11gb,yolo-inference-755b67b9bb-tpwv7,default,yolo,580.178.04,GPU-d59cb1c4-ad97-d91a-6731-e7b5f38951a6
2026-10-10 06:36:39.612657,92.752,12,1g.11gb,yolo-inference-755b67b9bb-cmfkj,default,yolo,580.178.04,GPU-d59cb1c4-ad97-d91a-6731-e7b5f38951a6
2026-10-10 06:36:39.612657,92.702,13,1g.11gb,yolo-inference-755b67b9bb-7kvtl,default,yolo,580.178.04,GPU-d59cb1c4-ad97-d91a-6731-e7b5f38951a6
2026-10-10 06:36:39.612657,92.775,7,1g.11gb,yolo-inference-755b67b9bb-6w2jk,default,yolo,580.178.04,GPU-d59cb1c4-ad97-d91a-6731-e7b5f38951a6
2026-10-10 06:36:39.612657,92.752,8,1g.11gb,yolo-inference-755b67b9bb-zbflb,default,yolo,580.178.04,GPU-d59cb1c4-ad97-d91a-6731-e7b5f38951a6
2026-10-10 06:36:39.612657,92.718,9,1g.11gb,yolo-inference-755b67b9bb-6z9g8,default,yolo,580.178.04,GPU-d59cb1c4-ad97-d91a-6731-e7b5f38951a6
2026-10-10 06:36:44.609960,92.571,10,1g.11gb,yolo-inference-755b67b9bb-jvw65,default,yolo,580.178.04,GPU-d59cb1c4-ad97-d91a-6731-e7b5f38951a6
2026-10-10 06:36:44.609960,92.543,11,1g.11gb,yolo-inference-755b67b9bb-tpwv7,default,yolo,580.178.04,GPU-d59cb1c4-ad97-d91a-6731-e7b5f38951a6
2026-10-10 06:36:44.609960,92.496,12,1g.11gb,yolo-inference-755b67b9bb-cmfkj,default,yolo,580.178.04,GPU-d59cb1c4-ad97-d91a-6731-e7b5f38951a6
2026-10-10 06:36:44.609960,92.541,13,1g.11gb,yolo-inference-755b67b9bb-7kvtl,default,yolo,580.178.04,GPU-d59cb1c4-ad97-d91a-6731-e7b5f38951a6
2026-10-10 06:36:44.609960,92.431,7,1g.11gb,yolo-inference-755b67b9bb-6w2jk,default,yolo,580.178.04,GPU-d59cb1c4-ad97-d91a-6731-e7b5f38951a6
2026-10-10 06:36:44.609960,92.496,8,1g.11gb,yolo-inference-755b67b9bb-zbflb,default,yolo,580.178.04,GPU-d59cb1c4-ad97-d91a-6731-e7b5f38951a6
2026-10-10 06:36:44.609960,92.398,9,1g.11gb,yolo-inference-755b67b9bb-6z9g8,default,yolo,580.178.04,GPU-d59cb1c4-ad97-d91a-6731-e7b5f38951a6
2026-10-10 06:36:49.614215,92.571,10,1g.11gb,yolo-inference-755b67b9bb-jvw65,default,yolo,580.178.04,GPU-d59cb1c4-ad97-d91a-6731-e7b5f38951a6
2026-10-10 06:36:49.614215,92.543,11,1g.11gb,yolo-inference-755b67b9bb-tpwv7,default,yolo,580.178.04,GPU-d59cb1c4-ad97-d91a-6731-e7b5f38951a6
2026-10-10 06:36:49.614215,92.496,12,1g.11gb,yolo-inference-755b67b9bb-cmfkj,default,yolo,580.178.04,GPU-d59cb1c4-ad97-d91a-6731-e7b5f38951a6
2026-10-10 06:36:49.614215,92.541,13,1g.11gb,yolo-inference-755b67b9bb-7kvtl,default,yolo,580.178.04,GPU-d59cb1c4-ad97-d91a-6731-e7b5f38951a6
2026-10-10 06:36:49.614215,92.431,7,1g.11gb,yolo-inference-755b67b9bb-6w2jk,default,yolo,580.178.04,GPU-d59cb1c4-ad97-d91a-6731-e7b5f38951a6
2026-10-10 06:36:49.614215,92.496,8,1g.11gb,yolo-inference-755b67b9bb-zbflb,default,yolo,580.178.04,GPU-d59cb1c4-ad97-d91a-6731-e7b5f38951a6
2026-10-10 06:36:49.614215,92.398,9,1g.11gb,yolo-inference-755b67b9bb-6z9g8,default,yolo,580.178.04,GPU-d59cb1c4-ad97-d91a-6731-e7b5f38951a6
2026-10-10 06:36:54.614279,92.571,10,1g.11gb,yolo-inference-755b67b9bb-jvw65,default,yolo,580.178.04,GPU-d59cb1c4-ad97-d91a-6731-e7b5f38951a6
2026-10-10 06:36:54.614279,92.543,11,1g.11gb,yolo-inference-755b67b9bb-tpwv7,default,yolo,580.178.04,GPU-d59cb1c4-ad97-d91a-6731-e7b5f38951a6
2026-10-10 06:36:54.614279,92.496,12,1g.11gb,yolo-inference-755b67b9bb-cmfkj,default,yolo,580.178.04,GPU-d59cb1c4-ad97-d91a-6731-e7b5f38951a6
2026-10-10 06:36:54.614279,92.541,13,1g.11gb,yolo-inference-755b67b9bb-7kvtl,default,yolo,580.178.04,GPU-d59cb1c4-ad97-d91a-6731-e7b5f38951a6
2026-10-10 06:36:54.614279,92.431,7,1g.11gb,yolo-inference-755b67b9bb-6w2jk,default,yolo,580.178.04,GPU-d59cb1c4-ad97-d91a-6731-e7b5f38951a6
2026-10-10 06:36:54.614279,92.496,8,1g.11gb,yolo-inference-755b67b9bb-zbflb,default,yolo,580.178.04,GPU-d59cb1c4-ad97-d91a-6731-e7b5f38951a6
2026-10-10 06:36:54.614279,92.398,9,1g.11gb,yolo-inference-755b67b9bb-6z9g8,default,yolo,580.178.04,GPU-d59cb1c4-ad97-d91a-6731-e7b5f38951a6
2026-10-10 06:36:59.614248,92.571,10,1g.11gb,yolo-inference-755b67b9bb-jvw65,default,yolo,580.178.04,GPU-d59cb1c4-ad97-d91a-6731-e7b5f38951a6
2026-10-10 06:36:59.614248,92.543,11,1g.11gb,yolo-inference-755b67b9bb-tpwv7,default,yolo,580.178.04,GPU-d59cb1c4-ad97-d91a-6731-e7b5f38951a6
2026-10-10 06:36:59.614248,92.496,12,1g.11gb,yolo-inference-755b67b9bb-cmfkj,default,yolo,580.178.04,GPU-d59cb1c4-ad97-d91a-6731-e7b5f38951a6
2026-10-10 06:36:59.614248,92.541,13,1g.11gb,yolo-inference-755b67b9bb-7kvtl,default,yolo,580.178.04,GPU-d59cb1c4-ad97-d91a-6731-e7b5f38951a6
2026-10-10 06:36:59.614248,92.431,7,1g.11gb,yolo-inference-755b67b9bb-6w2jk,default,yolo,580.178.04,GPU-d59cb1c4-ad97-d91a-6731-e7b5f38951a6
2026-10-10 06:36:59.614248,92.496,8,1g.11gb,yolo-inference-755b67b9bb-zbflb,default,yolo,580.178.04,GPU-d59cb1c4-ad97-d91a-6731-e7b5f38951a6
2026-10-10 06:36:59.614248,92.398,9,1g.11gb,yolo-inference-755b67b9bb-6z9g8,default,yolo,580.178.04,GPU-d59cb1c4-ad97-d91a-6731-e7b5f38951a6
2026-10-10 06:37:04.609537,92.571,10,1g.11gb,yolo-inference-755b67b9bb-jvw65,default,yolo,580.178.04,GPU-d59cb1c4-ad97-d91a-6731-e7b5f38951a6
2026-10-10 06:37:04.609537,92.543,11,1g.11gb,yolo-inference-755b67b9bb-tpwv7,default,yolo,580.178.04,GPU-d59cb1c4-ad97-d91a-6731-e7b5f38951a6
2026-10-10 06:37:04.609537,92.496,12,1g.11gb,yolo-inference-755b67b9bb-cmfkj,default,yolo,580.178.04,GPU-d59cb1c4-ad97-d91a-6731-e7b5f38951a6
2026-10-10 06:37:04.609537,92.541,13,1g.11gb,yolo-inference-755b67b9bb-7kvtl,default,yolo,580.178.04,GPU-d59cb1c4-ad97-d91a-6731-e7b5f38951a6
2026-10-10 06:37:04.609537,92.431,7,1g.11gb,yolo-inference-755b67b9bb-6w2jk,default,yolo,580.178.04,GPU-d59cb1c4-ad97-d91a-6731-e7b5f38951a6
2026-10-10 06:37:04.609537,92.496,8,1g.11gb,yolo-inference-755b67b9bb-zbflb,default,yolo,580.178.04,GPU-d59cb1c4-ad97-d91a-6731-e7b5f38951a6
2026-10-10 06:37:04.609537,92.398,9,1g.11gb,yolo-inference-755b67b9bb-6z9g8,default,yolo,580.178.04,GPU-d59cb1c4-ad97-d91a-6731-e7b5f38951a6
2026-10-10 06:37:09.614193,92.571,10,1g.11gb,yolo-inference-755b67b9bb-jvw65,default,yolo,580.178.04,GPU-d59cb1c4-ad97-d91a-6731-e7b5f38951a6
2026-10-10 06:37:09.614193,92.543,11,1g.11gb,yolo-inference-755b67b9bb-tpwv7,default,yolo,580.178.04,GPU-d59cb1c4-ad97-d91a-6731-e7b5f38951a6
2026-10-10 06:37:09.614193,92.496,12,1g.11gb,yolo-inference-755b67b9bb-cmfkj,default,yolo,580.178.04,GPU-d59cb1c4-ad97-d91a-6731-e7b5f38951a6
2026-10-10 06:37:09.614193,92.541,13,1g.11gb,yolo-inference-755b67b9bb-7kvtl,default,yolo,580.178.04,GPU-d59cb1c4-ad97-d91a-6731-e7b5f38951a6
2026-10-10 06:37:09.614193,92.431,7,1g.11gb,yolo-inference-755b67b9bb-6w2jk,default,yolo,580.178.04,GPU-d59cb1c4-ad97-d91a-6731-e7b5f38951a6
2026-10-10 06:37:09.614193,92.496,8,1g.11gb,yolo-inference-755b67b9bb-zbflb,default,yolo,580.178.04,GPU-d59cb1c4-ad97-d91a-6731-e7b5f38951a6
2026-10-10 06:37:09.614193,92.398,9,1g.11gb,yolo-inference-755b67b9bb-6z9g8,default,yolo,580.178.04,GPU-d59cb1c4-ad97-d91a-6731-e7b5f38951a6
2026-10-10 06:37:14.609641,92.543,10,1g.11gb,yolo-inference-755b67b9bb-jvw65,default,yolo,580.178.04,GPU-d59cb1c4-ad97-d91a-6731-e7b5f38951a6
2026-10-10 06:37:14.609641,92.544,11,1g.11gb,yolo-inference-755b67b9bb-tpwv7,default,yolo,580.178.04,GPU-d59cb1c4-ad97-d91a-6731-e7b5f38951a6
2026-10-10 06:37:14.609641,92.42,12,1g.11gb,yolo-inference-755b67b9bb-cmfkj,default,yolo,580.178.04,GPU-d59cb1c4-ad97-d91a-6731-e7b5f38951a6
2026-10-10 06:37:14.609641,92.475,13,1g.11gb,yolo-inference-755b67b9bb-7kvtl,default,yolo,580.178.04,GPU-d59cb1c4-ad97-d91a-6731-e7b5f38951a6
2026-10-10 06:37:14.609641,92.526,7,1g.11gb,yolo-inference-755b67b9bb-6w2jk,default,yolo,580.178.04,GPU-d59cb1c4-ad97-d91a-6731-e7b5f38951a6
2026-10-10 06:37:14.609641,92.412,8,1g.11gb,yolo-inference-755b67b9bb-zbflb,default,yolo,580.178.04,GPU-d59cb1c4-ad97-d91a-6731-e7b5f38951a6
2026-10-10 06:37:14.609641,92.544,9,1g.11gb,yolo-inference-755b67b9bb-6z9g8,default,yolo,580.178.04,GPU-d59cb1c4-ad97-d91a-6731-e7b5f38951a6
2026-10-10 06:37:19.610908,92.543,10,1g.11gb,yolo-inference-755b67b9bb-jvw65,default,yolo,580.178.04,GPU-d59cb1c4-ad97-d91a-6731-e7b5f38951a6
2026-10-10 06:37:19.610908,92.544,11,1g.11gb,yolo-inference-755b67b9bb-tpwv7,default,yolo,580.178.04,GPU-d59cb1c4-ad97-d91a-6731-e7b5f38951a6
2026-10-10 06:37:19.610908,92.42,12,1g.11gb,yolo-inference-755b67b9bb-cmfkj,default,yolo,580.178.04,GPU-d59cb1c4-ad97-d91a-6731-e7b5f38951a6
2026-10-10 06:37:19.610908,92.475,13,1g.11gb,yolo-inference-755b67b9bb-7kvtl,default,yolo,580.178.04,GPU-d59cb1c4-ad97-d91a-6731-e7b5f38951a6
2026-10-10 06:37:19.610908,92.526,7,1g.11gb,yolo-inference-755b67b9bb-6w2jk,default,yolo,580.178.04,GPU-d59cb1c4-ad97-d91a-6731-e7b5f38951a6
2026-10-10 06:37:19.610908,92.412,8,1g.11gb,yolo-inference-755b67b9bb-zbflb,default,yolo,580.178.04,GPU-d59cb1c4-ad97-d91a-6731-e7b5f38951a6
2026-10-10 06:37:19.610908,92.544,9,1g.11gb,yolo-inference-755b67b9bb-6z9g8,default,yolo,580.178.04,GPU-d59cb1c4-ad97-d91a-6731-e7b5f38951a6
2026-10-10 06:37:24.609671,92.543,10,1g.11gb,yolo-inference-755b67b9bb-jvw65,default,yolo,580.178.04,GPU-d59cb1c4-ad97-d91a-6731-e7b5f38951a6
2026-10-10 06:37:24.609671,92.544,11,1g.11gb,yolo-inference-755b67b9bb-tpwv7,default,yolo,580.178.04,GPU-d59cb1c4-ad97-d91a-6731-e7b5f38951a6
2026-10-10 06:37:24.609671,92.42,12,1g.11gb,yolo-inference-755b67b9bb-cmfkj,default,yolo,580.178.04,GPU-d59cb1c4-ad97-d91a-6731-e7b5f38951a6
2026-10-10 06:37:24.609671,92.475,13,1g.11gb,yolo-inference-755b67b9bb-7kvtl,default,yolo,580.178.04,GPU-d59cb1c4-ad97-d91a-6731-e7b5f38951a6
2026-10-10 06:37:24.609671,92.526,7,1g.11gb,yolo-inference-755b67b9bb-6w2jk,default,yolo,580.178.04,GPU-d59cb1c4-ad97-d91a-6731-e7b5f38951a6
2026-10-10 06:37:24.609671,92.412,8,1g.11gb,yolo-inference-755b67b9bb-zbflb,default,yolo,580.178.04,GPU-d59cb1c4-ad97-d91a-6731-e7b5f38951a6
2026-10-10 06:37:24.609671,92.544,9,1g.11gb,yolo-inference-755b67b9bb-6z9g8,default,yolo,580.178.04,GPU-d59cb1c4-ad97-d91a-6731-e7b5f38951a6
2026-10-10 06:37:29.611094,92.543,10,1g.11gb,yolo-inference-755b67b9bb-jvw65,default,yolo,580.178.04,GPU-d59cb1c4-ad97-d91a-6731-e7b5f38951a6
2026-10-10 06:37:29.611094,92.544,11,1g.11gb,yolo-inference-755b67b9bb-tpwv7,default,yolo,580.178.04,GPU-d59cb1c4-ad97-d91a-6731-e7b5f38951a6
2026-10-10 06:37:29.611094,92.42,12,1g.11gb,yolo-inference-755b67b9bb-cmfkj,default,yolo,580.178.04,GPU-d59cb1c4-ad97-d91a-6731-e7b5f38951a6
2026-10-10 06:37:29.611094,92.475,13,1g.11gb,yolo-inference-755b67b9bb-7kvtl,default,yolo,580.178.04,GPU-d59cb1c4-ad97-d91a-6731-e7b5f38951a6
2026-10-10 06:37:29.611094,92.526,7,1g.11gb,yolo-inference-755b67b9bb-6w2jk,default,yolo,580.178.04,GPU-d59cb1c4-ad97-d91a-6731-e7b5f38951a6
2026-10-10 06:37:29.611094,92.412,8,1g.11gb,yolo-inference-755b67b9bb-zbflb,default,yolo,580.178.04,GPU-d59cb1c4-ad97-d91a-6731-e7b5f38951a6
2026-10-10 06:37:29.611094,92.544,9,1g.11gb,yolo-inference-755b67b9bb-6z9g8,default,yolo,580.178.04,GPU-d59cb1c4-ad97-d91a-6731-e7b5f38951a6
2026-10-10 06:37:34.609900,92.543,10,1g.11gb,yolo-inference-755b67b9bb-jvw65,default,yolo,580.178.04,GPU-d59cb1c4-ad97-d91a-6731-e7b5f38951a6
2026-10-10 06:37:34.609900,92.544,11,1g.11gb,yolo-inference-755b67b9bb-tpwv7,default,yolo,580.178.04,GPU-d59cb1c4-ad97-d91a-6731-e7b5f38951a6
2026-10-10 06:37:34.609900,92.42,12,1g.11gb,yolo-inference-755b67b9bb-cmfkj,default,yolo,580.178.04,GPU-d59cb1c4-ad97-d91a-6731-e7b5f38951a6
2026-10-10 06:37:34.609900,92.475,13,1g.11gb,yolo-inference-755b67b9bb-7kvtl,default,yolo,580.178.04,GPU-d59cb1c4-ad97-d91a-6731-e7b5f38951a6
2026-10-10 06:37:34.609900,92.526,7,1g.11gb,yolo-inference-755b67b9bb-6w2jk,default,yolo,580.178.04,GPU-d59cb1c4-ad97-d91a-6731-e7b5f38951a6
2026-10-10 06:37:34.609900,92.412,8,1g.11gb,yolo-inference-755b67b9bb-zbflb,default,yolo,580.178.04,GPU-d59cb1c4-ad97-d91a-6731-e7b5f38951a6
2026-10-10 06:37:34.609900,92.544,9,1g.11gb,yolo-inference-755b67b9bb-6z9g8,default,yolo,580.178.04,GPU-d59cb1c4-ad97-d91a-6731-e7b5f38951a6
2026-10-10 06:37:39.612828,92.543,10,1g.11gb,yolo-inference-755b67b9bb-jvw65,default,yolo,580.178.04,GPU-d59cb1c4-ad97-d91a-6731-e7b5f38951a6
2026-10-10 06:37:39.612828,92.544,11,1g.11gb,yolo-inference-755b67b9bb-tpwv7,default,yolo,580.178.04,GPU-d59cb1c4-ad97-d91a-6731-e7b5f38951a6
2026-10-10 06:37:39.612828,92.42,12,1g.11gb,yolo-inference-755b67b9bb-cmfkj,default,yolo,580.178.04,GPU-d59cb1c4-ad97-d91a-6731-e7b5f38951a6
2026-10-10 06:37:39.612828,92.475,13,1g.11gb,yolo-inference-755b67b9bb-7kvtl,default,yolo,580.178.04,GPU-d59cb1c4-ad97-d91a-6731-e7b5f38951a6
2026-10-10 06:37:39.612828,92.526,7,1g.11gb,yolo-inference-755b67b9bb-6w2jk,default,yolo,580.178.04,GPU-d59cb1c4-ad97-d91a-6731-e7b5f38951a6
2026-10-10 06:37:39.612828,92.412,8,1g.11gb,yolo-inference-755b67b9bb-zbflb,default,yolo,580.178.04,GPU-d59cb1c4-ad97-d91a-6731-e7b5f38951a6
2026-10-10 06:37:39.612828,92.544,9,1g.11gb,yolo-inference-755b67b9bb-6z9g8,default,yolo,580.178.04,GPU-d59cb1c4-ad97-d91a-6731-e7b5f38951a6
2026-10-10 06:37:44.614191,92.529,10,1g.11gb,yolo-inference-755b67b9bb-jvw65,default,yolo,580.178.04,GPU-d59cb1c4-ad97-d91a-6731-e7b5f38951a6
2026-10-10 06:37:44.614191,93.026,11,1g.11gb,yolo-inference-755b67b9bb-tpwv7,default,yolo,580.178.04,GPU-d59cb1c4-ad97-d91a-6731-e7b5f38951a6
2026-10-10 06:37:44.614191,92.625,12,1g.11gb,yolo-inference-755b67b9bb-cmfkj,default,yolo,580.178.04,GPU-d59cb1c4-ad97-d91a-6731-e7b5f38951a6
2026-10-10 06:37:44.614191,92.856,13,1g.11gb,yolo-inference-755b67b9bb-7kvtl,default,yolo,580.178.04,GPU-d59cb1c4-ad97-d91a-6731-e7b5f38951a6
2026-10-10 06:37:44.614191,92.91,7,1g.11gb,yolo-inference-755b67b9bb-6w2jk,default,yolo,580.178.04,GPU-d59cb1c4-ad97-d91a-6731-e7b5f38951a6
2026-10-10 06:37:44.614191,92.625,8,1g.11gb,yolo-inference-755b67b9bb-zbflb,default,yolo,580.178.04,GPU-d59cb1c4-ad97-d91a-6731-e7b5f38951a6
2026-10-10 06:37:44.614191,93.026,9,1g.11gb,yolo-inference-755b67b9bb-6z9g8,default,yolo,580.178.04,GPU-d59cb1c4-ad97-d91a-6731-e7b5f38951a6
2026-10-10 06:37:49.613294,92.529,10,1g.11gb,yolo-inference-755b67b9bb-jvw65,default,yolo,580.178.04,GPU-d59cb1c4-ad97-d91a-6731-e7b5f38951a6
2026-10-10 06:37:49.613294,93.026,11,1g.11gb,yolo-inference-755b67b9bb-tpwv7,default,yolo,580.178.04,GPU-d59cb1c4-ad97-d91a-6731-e7b5f38951a6
2026-10-10 06:37:49.613294,92.625,12,1g.11gb,yolo-inference-755b67b9bb-cmfkj,default,yolo,580.178.04,GPU-d59cb1c4-ad97-d91a-6731-e7b5f38951a6
2026-10-10 06:37:49.613294,92.856,13,1g.11gb,yolo-inference-755b67b9bb-7kvtl,default,yolo,580.178.04,GPU-d59cb1c4-ad97-d91a-6731-e7b5f38951a6
2026-10-10 06:37:49.613294,92.91,7,1g.11gb,yolo-inference-755b67b9bb-6w2jk,default,yolo,580.178.04,GPU-d59cb1c4-ad97-d91a-6731-e7b5f38951a6
2026-10-10 06:37:49.613294,92.625,8,1g.11gb,yolo-inference-755b67b9bb-zbflb,default,yolo,580.178.04,GPU-d59cb1c4-ad97-d91a-6731-e7b5f38951a6
2026-10-10 06:37:49.613294,93.026,9,1g.11gb,yolo-inference-755b67b9bb-6z9g8,default,yolo,580.178.04,GPU-d59cb1c4-ad97-d91a-6731-e7b5f38951a6
2026-10-10 06:37:54.614197,92.529,10,1g.11gb,yolo-inference-755b67b9bb-jvw65,default,yolo,580.178.04,GPU-d59cb1c4-ad97-d91a-6731-e7b5f38951a6
2026-10-10 06:37:54.614197,93.026,11,1g.11gb,yolo-inference-755b67b9bb-tpwv7,default,yolo,580.178.04,GPU-d59cb1c4-ad97-d91a-6731-e7b5f38951a6
2026-10-10 06:37:54.614197,92.625,12,1g.11gb,yolo-inference-755b67b9bb-cmfkj,default,yolo,580.178.04,GPU-d59cb1c4-ad97-d91a-6731-e7b5f38951a6
2026-10-10 06:37:54.614197,92.856,13,1g.11gb,yolo-inference-755b67b9bb-7kvtl,default,yolo,580.178.04,GPU-d59cb1c4-ad97-d91a-6731-e7b5f38951a6
2026-10-10 06:37:54.614197,92.91,7,1g.11gb,yolo-inference-755b67b9bb-6w2jk,default,yolo,580.178.04,GPU-d59cb1c4-ad97-d91a-6731-e7b5f38951a6
2026-10-10 06:37:54.614197,92.625,8,1g.11gb,yolo-inference-755b67b9bb-zbflb,default,yolo,580.178.04,GPU-d59cb1c4-ad97-d91a-6731-e7b5f38951a6
2026-10-10 06:37:54.614197,93.026,9,1g.11gb,yolo-inference-755b67b9bb-6z9g8,default,yolo,580.178.04,GPU-d59cb1c4-ad97-d91a-6731-e7b5f38951a6
2026-10-10 06:37:59.614191,92.529,10,1g.11gb,yolo-inference-755b67b9bb-jvw65,default,yolo,580.178.04,GPU-d59cb1c4-ad97-d91a-6731-e7b5f38951a6
2026-10-10 06:37:59.614191,93.026,11,1g.11gb,yolo-inference-755b67b9bb-tpwv7,default,yolo,580.178.04,GPU-d59cb1c4-ad97-d91a-6731-e7b5f38951a6
2026-10-10 06:37:59.614191,92.625,12,1g.11gb,yolo-inference-755b67b9bb-cmfkj,default,yolo,580.178.04,GPU-d59cb1c4-ad97-d91a-6731-e7b5f38951a6
2026-10-10 06:37:59.614191,92.856,13,1g.11gb,yolo-inference-755b67b9bb-7kvtl,default,yolo,580.178.04,GPU-d59cb1c4-ad97-d91a-6731-e7b5f38951a6
2026-10-10 06:37:59.614191,92.91,7,1g.11gb,yolo-inference-755b67b9bb-6w2jk,default,yolo,580.178.04,GPU-d59cb1c4-ad97-d91a-6731-e7b5f38951a6
2026-10-10 06:37:59.614191,92.625,8,1g.11gb,yolo-inference-755b67b9bb-zbflb,default,yolo,580.178.04,GPU-d59cb1c4-ad97-d91a-6731-e7b5f38951a6
2026-10-10 06:37:59.614191,93.026,9,1g.11gb,yolo-inference-755b67b9bb-6z9g8,default,yolo,580.178.04,GPU-d59cb1c4-ad97-d91a-6731-e7b5f38951a6
2026-10-10 06:38:04.614203,92.529,10,1g.11gb,yolo-inference-755b67b9bb-jvw65,default,yolo,580.178.04,GPU-d59cb1c4-ad97-d91a-6731-e7b5f38951a6
2026-10-10 06:38:04.614203,93.026,11,1g.11gb,yolo-inference-755b67b9bb-tpwv7,default,yolo,580.178.04,GPU-d59cb1c4-ad97-d91a-6731-e7b5f38951a6
2026-10-10 06:38:04.614203,92.625,12,1g.11gb,yolo-inference-755b67b9bb-cmfkj,default,yolo,580.178.04,GPU-d59cb1c4-ad97-d91a-6731-e7b5f38951a6
2026-10-10 06:38:04.614203,92.856,13,1g.11gb,yolo-inference-755b67b9bb-7kvtl,default,yolo,580.178.04,GPU-d59cb1c4-ad97-d91a-6731-e7b5f38951a6
2026-10-10 06:38:04.614203,92.91,7,1g.11gb,yolo-inference-755b67b9bb-6w2jk,default,yolo,580.178.04,GPU-d59cb1c4-ad97-d91a-6731-e7b5f38951a6
2026-10-10 06:38:04.614203,92.625,8,1g.11gb,yolo-inference-755b67b9bb-zbflb,default,yolo,580.178.04,GPU-d59cb1c4-ad97-d91a-6731-e7b5f38951a6
2026-10-10 06:38:04.614203,93.026,9,1g.11gb,yolo-inference-755b67b9bb-6z9g8,default,yolo,580.178.04,GPU-d59cb1c4-ad97-d91a-6731-e7b5f38951a6
2026-10-10 06:38:09.614195,92.529,10,1g.11gb,yolo-inference-755b67b9bb-jvw65,default,yolo,580.178.04,GPU-d59cb1c4-ad97-d91a-6731-e7b5f38951a6
2026-10-10 06:38:09.614195,93.026,11,1g.11gb,yolo-inference-755b67b9bb-tpwv7,default,yolo,580.178.04,GPU-d59cb1c4-ad97-d91a-6731-e7b5f38951a6
2026-10-10 06:38:09.614195,92.625,12,1g.11gb,yolo-inference-755b67b9bb-cmfkj,default,yolo,580.178.04,GPU-d59cb1c4-ad97-d91a-6731-e7b5f38951a6
2026-10-10 06:38:09.614195,92.856,13,1g.11gb,yolo-inference-755b67b9bb-7kvtl,default,yolo,580.178.04,GPU-d59cb1c4-ad97-d91a-6731-e7b5f38951a6
2026-10-10 06:38:09.614195,92.91,7,1g.11gb,yolo-inference-755b67b9bb-6w2jk,default,yolo,580.178.04,GPU-d59cb1c4-ad97-d91a-6731-e7b5f38951a6
2026-10-10 06:38:09.614195,92.625,8,1g.11gb,yolo-inference-755b67b9bb-zbflb,default,yolo,580.178.04,GPU-d59cb1c4-ad97-d91a-6731-e7b5f38951a6
2026-10-10 06:38:09.614195,93.026,9,1g.11gb,yolo-inference-755b67b9bb-6z9g8,default,yolo,580.178.04,GPU-d59cb1c4-ad97-d91a-6731-e7b5f38951a6
2026-10-10 06:38:14.614164,92.404,10,1g.11gb,yolo-inference-755b67b9bb-jvw65,default,yolo,580.178.04,GPU-d59cb1c4-ad97-d91a-6731-e7b5f38951a6
2026-10-10 06:38:14.614164,92.581,11,1g.11gb,yolo-inference-755b67b9bb-tpwv7,default,yolo,580.178.04,GPU-d59cb1c4-ad97-d91a-6731-e7b5f38951a6
2026-10-10 06:38:14.614164,92.423,12,1g.11gb,yolo-inference-755b67b9bb-cmfkj,default,yolo,580.178.04,GPU-d59cb1c4-ad97-d91a-6731-e7b5f38951a6
2026-10-10 06:38:14.614164,92.661,13,1g.11gb,yolo-inference-755b67b9bb-7kvtl,default,yolo,580.178.04,GPU-d59cb1c4-ad97-d91a-6731-e7b5f38951a6
2026-10-10 06:38:14.614164,92.603,7,1g.11gb,yolo-inference-755b67b9bb-6w2jk,default,yolo,580.178.04,GPU-d59cb1c4-ad97-d91a-6731-e7b5f38951a6
2026-10-10 06:38:14.614164,92.423,8,1g.11gb,yolo-inference-755b67b9bb-zbflb,default,yolo,580.178.04,GPU-d59cb1c4-ad97-d91a-6731-e7b5f38951a6
2026-10-10 06:38:14.614164,92.581,9,1g.11gb,yolo-inference-755b67b9bb-6z9g8,default,yolo,580.178.04,GPU-d59cb1c4-ad97-d91a-6731-e7b5f38951a6
2026-10-10 06:38:19.614204,92.404,10,1g.11gb,yolo-inference-755b67b9bb-jvw65,default,yolo,580.178.04,GPU-d59cb1c4-ad97-d91a-6731-e7b5f38951a6
2026-10-10 06:38:19.614204,92.581,11,1g.11gb,yolo-inference-755b67b9bb-tpwv7,default,yolo,580.178.04,GPU-d59cb1c4-ad97-d91a-6731-e7b5f38951a6
2026-10-10 06:38:19.614204,92.423,12,1g.11gb,yolo-inference-755b67b9bb-cmfkj,default,yolo,580.178.04,GPU-d59cb1c4-ad97-d91a-6731-e7b5f38951a6
2026-10-10 06:38:19.614204,92.661,13,1g.11gb,yolo-inference-755b67b9bb-7kvtl,default,yolo,580.178.04,GPU-d59cb1c4-ad97-d91a-6731-e7b5f38951a6
2026-10-10 06:38:19.614204,92.603,7,1g.11gb,yolo-inference-755b67b9bb-6w2jk,default,yolo,580.178.04,GPU-d59cb1c4-ad97-d91a-6731-e7b5f38951a6
2026-10-10 06:38:19.614204,92.423,8,1g.11gb,yolo-inference-755b67b9bb-zbflb,default,yolo,580.178.04,GPU-d59cb1c4-ad97-d91a-6731-e7b5f38951a6
2026-10-10 06:38:19.614204,92.581,9,1g.11gb,yolo-inference-755b67b9bb-6z9g8,default,yolo,580.178.04,GPU-d59cb1c4-ad97-d91a-6731-e7b5f38951a6
2026-10-10 06:38:24.613668,92.404,10,1g.11gb,yolo-inference-755b67b9bb-jvw65,default,yolo,580.178.04,GPU-d59cb1c4-ad97-d91a-6731-e7b5f38951a6
2026-10-10 06:38:24.613668,92.581,11,1g.11gb,yolo-inference-755b67b9bb-tpwv7,default,yolo,580.178.04,GPU-d59cb1c4-ad97-d91a-6731-e7b5f38951a6
2026-10-10 06:38:24.613668,92.423,12,1g.11gb,yolo-inference-755b67b9bb-cmfkj,default,yolo,580.178.04,GPU-d59cb1c4-ad97-d91a-6731-e7b5f38951a6
2026-10-10 06:38:24.613668,92.661,13,1g.11gb,yolo-inference-755b67b9bb-7kvtl,default,yolo,580.178.04,GPU-d59cb1c4-ad97-d91a-6731-e7b5f38951a6
2026-10-10 06:38:24.613668,92.603,7,1g.11gb,yolo-inference-755b67b9bb-6w2jk,default,yolo,580.178.04,GPU-d59cb1c4-ad97-d91a-6731-e7b5f38951a6
2026-10-10 06:38:24.613668,92.423,8,1g.11gb,yolo-inference-755b67b9bb-zbflb,default,yolo,580.178.04,GPU-d59cb1c4-ad97-d91a-6731-e7b5f38951a6
2026-10-10 06:38:24.613668,92.581,9,1g.11gb,yolo-inference-755b67b9bb-6z9g8,default,yolo,580.178.04,GPU-d59cb1c4-ad97-d91a-6731-e7b5f38951a6
2026-10-10 06:38:29.614200,92.404,10,1g.11gb,yolo-inference-755b67b9bb-jvw65,default,yolo,580.178.04,GPU-d59cb1c4-ad97-d91a-6731-e7b5f38951a6
2026-10-10 06:38:29.614200,92.581,11,1g.11gb,yolo-inference-755b67b9bb-tpwv7,default,yolo,580.178.04,GPU-d59cb1c4-ad97-d91a-6731-e7b5f38951a6
2026-10-10 06:38:29.614200,92.423,12,1g.11gb,yolo-inference-755b67b9bb-cmfkj,default,yolo,580.178.04,GPU-d59cb1c4-ad97-d91a-6731-e7b5f38951a6
2026-10-10 06:38:29.614200,92.661,13,1g.11gb,yolo-inference-755b67b9bb-7kvtl,default,yolo,580.178.04,GPU-d59cb1c4-ad97-d91a-6731-e7b5f38951a6
2026-10-10 06:38:29.614200,92.603,7,1g.11gb,yolo-inference-755b67b9bb-6w2jk,default,yolo,580.178.04,GPU-d59cb1c4-ad97-d91a-6731-e7b5f38951a6
2026-10-10 06:38:29.614200,92.423,8,1g.11gb,yolo-inference-755b67b9bb-zbflb,default,yolo,580.178.04,GPU-d59cb1c4-ad97-d91a-6731-e7b5f38951a6
2026-10-10 06:38:29.614200,92.581,9,1g.11gb,yolo-inference-755b67b9bb-6z9g8,default,yolo,580.178.04,GPU-d59cb1c4-ad97-d91a-6731-e7b5f38951a6
2026-10-10 06:38:34.613188,92.404,10,1g.11gb,yolo-inference-755b67b9bb-jvw65,default,yolo,580.178.04,GPU-d59cb1c4-ad97-d91a-6731-e7b5f38951a6
2026-10-10 06:38:34.613188,92.581,11,1g.11gb,yolo-inference-755b67b9bb-tpwv7,default,yolo,580.178.04,GPU-d59cb1c4-ad97-d91a-6731-e7b5f38951a6
2026-10-10 06:38:34.613188,92.423,12,1g.11gb,yolo-inference-755b67b9bb-cmfkj,default,yolo,580.178.04,GPU-d59cb1c4-ad97-d91a-6731-e7b5f38951a6
2026-10-10 06:38:34.613188,92.661,13,1g.11gb,yolo-inference-755b67b9bb-7kvtl,default,yolo,580.178.04,GPU-d59cb1c4-ad97-d91a-6731-e7b5f38951a6
2026-10-10 06:38:34.613188,92.603,7,1g.11gb,yolo-inference-755b67b9bb-6w2jk,default,yolo,580.178.04,GPU-d59cb1c4-ad97-d91a-6731-e7b5f38951a6
2026-10-10 06:38:34.613188,92.423,8,1g.11gb,yolo-inference-755b67b9bb-zbflb,default,yolo,580.178.04,GPU-d59cb1c4-ad97-d91a-6731-e7b5f38951a6
2026-10-10 06:38:34.613188,92.581,9,1g.11gb,yolo-inference-755b67b9bb-6z9g8,default,yolo,580.178.04,GPU-d59cb1c4-ad97-d91a-6731-e7b5f38951a6
2026-10-10 06:38:39.614069,92.404,10,1g.11gb,yolo-inference-755b67b9bb-jvw65,default,yolo,580.178.04,GPU-d59cb1c4-ad97-d91a-6731-e7b5f38951a6
2026-10-10 06:38:39.614069,92.581,11,1g.11gb,yolo-inference-755b67b9bb-tpwv7,default,yolo,580.178.04,GPU-d59cb1c4-ad97-d91a-6731-e7b5f38951a6
2026-10-10 06:38:39.614069,92.423,12,1g.11gb,yolo-inference-755b67b9bb-cmfkj,default,yolo,580.178.04,GPU-d59cb1c4-ad97-d91a-6731-e7b5f38951a6
2026-10-10 06:38:39.614069,92.661,13,1g.11gb,yolo-inference-755b67b9bb-7kvtl,default,yolo,580.178.04,GPU-d59cb1c4-ad97-d91a-6731-e7b5f38951a6
2026-10-10 06:38:39.614069,92.603,7,1g.11gb,yolo-inference-755b67b9bb-6w2jk,default,yolo,580.178.04,GPU-d59cb1c4-ad97-d91a-6731-e7b5f38951a6
2026-10-10 06:38:39.614069,92.423,8,1g.11gb,yolo-inference-755b67b9bb-zbflb,default,yolo,580.178.04,GPU-d59cb1c4-ad97-d91a-6731-e7b5f38951a6
2026-10-10 06:38:39.614069,92.581,9,1g.11gb,yolo-inference-755b67b9bb-6z9g8,default,yolo,580.178.04,GPU-d59cb1c4-ad97-d91a-6731-e7b5f38951a6
2026-10-10 06:38:44.609946,92.374,10,1g.11gb,yolo-inference-755b67b9bb-jvw65,default,yolo,580.178.04,GPU-d59cb1c4-ad97-d91a-6731-e7b5f38951a6
2026-10-10 06:38:44.609946,92.482,11,1g.11gb,yolo-inference-755b67b9bb-tpwv7,default,yolo,580.178.04,GPU-d59cb1c4-ad97-d91a-6731-e7b5f38951a6
2026-10-10 06:38:44.609946,92.282,12,1g.11gb,yolo-inference-755b67b9bb-cmfkj,default,yolo,580.178.04,GPU-d59cb1c4-ad97-d91a-6731-e7b5f38951a6
2026-10-10 06:38:44.609946,92.442,13,1g.11gb,yolo-inference-755b67b9bb-7kvtl,default,yolo,580.178.04,GPU-d59cb1c4-ad97-d91a-6731-e7b5f38951a6
2026-10-10 06:38:44.609946,92.375,7,1g.11gb,yolo-inference-755b67b9bb-6w2jk,default,yolo,580.178.04,GPU-d59cb1c4-ad97-d91a-6731-e7b5f38951a6
2026-10-10 06:38:44.609946,92.282,8,1g.11gb,yolo-inference-755b67b9bb-zbflb,default,yolo,580.178.04,GPU-d59cb1c4-ad97-d91a-6731-e7b5f38951a6
2026-10-10 06:38:44.609946,92.482,9,1g.11gb,yolo-inference-755b67b9bb-6z9g8,default,yolo,580.178.04,GPU-d59cb1c4-ad97-d91a-6731-e7b5f38951a6
2026-10-10 06:38:49.612730,92.374,10,1g.11gb,yolo-inference-755b67b9bb-jvw65,default,yolo,580.178.04,GPU-d59cb1c4-ad97-d91a-6731-e7b5f38951a6
2026-10-10 06:38:49.612730,92.482,11,1g.11gb,yolo-inference-755b67b9bb-tpwv7,default,yolo,580.178.04,GPU-d59cb1c4-ad97-d91a-6731-e7b5f38951a6
2026-10-10 06:38:49.612730,92.282,12,1g.11gb,yolo-inference-755b67b9bb-cmfkj,default,yolo,580.178.04,GPU-d59cb1c4-ad97-d91a-6731-e7b5f38951a6
2026-10-10 06:38:49.612730,92.442,13,1g.11gb,yolo-inference-755b67b9bb-7kvtl,default,yolo,580.178.04,GPU-d59cb1c4-ad97-d91a-6731-e7b5f38951a6
2026-10-10 06:38:49.612730,92.375,7,1g.11gb,yolo-inference-755b67b9bb-6w2jk,default,yolo,580.178.04,GPU-d59cb1c4-ad97-d91a-6731-e7b5f38951a6
2026-10-10 06:38:49.612730,92.282,8,1g.11gb,yolo-inference-755b67b9bb-zbflb,default,yolo,580.178.04,GPU-d59cb1c4-ad97-d91a-6731-e7b5f38951a6
2026-10-10 06:38:49.612730,92.482,9,1g.11gb,yolo-inference-755b67b9bb-6z9g8,default,yolo,580.178.04,GPU-d59cb1c4-ad97-d91a-6731-e7b5f38951a6
2026-10-10 06:38:54.611617,92.374,10,1g.11gb,yolo-inference-755b67b9bb-jvw65,default,yolo,580.178.04,GPU-d59cb1c4-ad97-d91a-6731-e7b5f38951a6
2026-10-10 06:38:54.611617,92.482,11,1g.11gb,yolo-inference-755b67b9bb-tpwv7,default,yolo,580.178.04,GPU-d59cb1c4-ad97-d91a-6731-e7b5f38951a6
2026-10-10 06:38:54.611617,92.282,12,1g.11gb,yolo-inference-755b67b9bb-cmfkj,default,yolo,580.178.04,GPU-d59cb1c4-ad97-d91a-6731-e7b5f38951a6
2026-10-10 06:38:54.611617,92.442,13,1g.11gb,yolo-inference-755b67b9bb-7kvtl,default,yolo,580.178.04,GPU-d59cb1c4-ad97-d91a-6731-e7b5f38951a6
2026-10-10 06:38:54.611617,92.375,7,1g.11gb,yolo-inference-755b67b9bb-6w2jk,default,yolo,580.178.04,GPU-d59cb1c4-ad97-d91a-6731-e7b5f38951a6
2026-10-10 06:38:54.611617,92.282,8,1g.11gb,yolo-inference-755b67b9bb-zbflb,default,yolo,580.178.04,GPU-d59cb1c4-ad97-d91a-6731-e7b5f38951a6
2026-10-10 06:38:54.611617,92.482,9,1g.11gb,yolo-inference-755b67b9bb-6z9g8,default,yolo,580.178.04,GPU-d59cb1c4-ad97-d91a-6731-e7b5f38951a6
2026-10-10 06:38:59.611654,92.374,10,1g.11gb,yolo-inference-755b67b9bb-jvw65,default,yolo,580.178.04,GPU-d59cb1c4-ad97-d91a-6731-e7b5f38951a6
2026-10-10 06:38:59.611654,92.482,11,1g.11gb,yolo-inference-755b67b9bb-tpwv7,default,yolo,580.178.04,GPU-d59cb1c4-ad97-d91a-6731-e7b5f38951a6
2026-10-10 06:38:59.611654,92.282,12,1g.11gb,yolo-inference-755b67b9bb-cmfkj,default,yolo,580.178.04,GPU-d59cb1c4-ad97-d91a-6731-e7b5f38951a6
2026-10-10 06:38:59.611654,92.442,13,1g.11gb,yolo-inference-755b67b9bb-7kvtl,default,yolo,580.178.04,GPU-d59cb1c4-ad97-d91a-6731-e7b5f38951a6
2026-10-10 06:38:59.611654,92.375,7,1g.11gb,yolo-inference-755b67b9bb-6w2jk,default,yolo,580.178.04,GPU-d59cb1c4-ad97-d91a-6731-e7b5f38951a6
2026-10-10 06:38:59.611654,92.282,8,1g.11gb,yolo-inference-755b67b9bb-zbflb,default,yolo,580.178.04,GPU-d59cb1c4-ad97-d91a-6731-e7b5f38951a6
2026-10-10 06:38:59.611654,92.482,9,1g.11gb,yolo-inference-755b67b9bb-6z9g8,default,yolo,580.178.04,GPU-d59cb1c4-ad97-d91a-6731-e7b5f38951a6
2026-10-10 06:39:04.614263,92.374,10,1g.11gb,yolo-inference-755b67b9bb-jvw65,default,yolo,580.178.04,GPU-d59cb1c4-ad97-d91a-6731-e7b5f38951a6
2026-10-10 06:39:04.614263,92.482,11,1g.11gb,yolo-inference-755b67b9bb-tpwv7,default,yolo,580.178.04,GPU-d59cb1c4-ad97-d91a-6731-e7b5f38951a6
2026-10-10 06:39:04.614263,92.282,12,1g.11gb,yolo-inference-755b67b9bb-cmfkj,default,yolo,580.178.04,GPU-d59cb1c4-ad97-d91a-6731-e7b5f38951a6
2026-10-10 06:39:04.614263,92.442,13,1g.11gb,yolo-inference-755b67b9bb-7kvtl,default,yolo,580.178.04,GPU-d59cb1c4-ad97-d91a-6731-e7b5f38951a6
2026-10-10 06:39:04.614263,92.375,7,1g.11gb,yolo-inference-755b67b9bb-6w2jk,default,yolo,580.178.04,GPU-d59cb1c4-ad97-d91a-6731-e7b5f38951a6
2026-10-10 06:39:04.614263,92.282,8,1g.11gb,yolo-inference-755b67b9bb-zbflb,default,yolo,580.178.04,GPU-d59cb1c4-ad97-d91a-6731-e7b5f38951a6
2026-10-10 06:39:04.614263,92.482,9,1g.11gb,yolo-inference-755b67b9bb-6z9g8,default,yolo,580.178.04,GPU-d59cb1c4-ad97-d91a-6731-e7b5f38951a6
2026-10-10 06:39:09.612726,92.374,10,1g.11gb,yolo-inference-755b67b9bb-jvw65,default,yolo,580.178.04,GPU-d59cb1c4-ad97-d91a-6731-e7b5f38951a6
2026-10-10 06:39:09.612726,92.482,11,1g.11gb,yolo-inference-755b67b9bb-tpwv7,default,yolo,580.178.04,GPU-d59cb1c4-ad97-d91a-6731-e7b5f38951a6
2026-10-10 06:39:09.612726,92.282,12,1g.11gb,yolo-inference-755b67b9bb-cmfkj,default,yolo,580.178.04,GPU-d59cb1c4-ad97-d91a-6731-e7b5f38951a6
2026-10-10 06:39:09.612726,92.442,13,1g.11gb,yolo-inference-755b67b9bb-7kvtl,default,yolo,580.178.04,GPU-d59cb1c4-ad97-d91a-6731-e7b5f38951a6
2026-10-10 06:39:09.612726,92.375,7,1g.11gb,yolo-inference-755b67b9bb-6w2jk,default,yolo,580.178.04,GPU-d59cb1c4-ad97-d91a-6731-e7b5f38951a6
2026-10-10 06:39:09.612726,92.282,8,1g.11gb,yolo-inference-755b67b9bb-zbflb,default,yolo,580.178.04,GPU-d59cb1c4-ad97-d91a-6731-e7b5f38951a6
2026-10-10 06:39:09.612726,92.482,9,1g.11gb,yolo-inference-755b67b9bb-6z9g8,default,yolo,580.178.04,GPU-d59cb1c4-ad97-d91a-6731-e7b5f38951a6
2026-10-10 06:39:14.614192,92.306,10,1g.11gb,yolo-inference-755b67b9bb-jvw65,default,yolo,580.178.04,GPU-d59cb1c4-ad97-d91a-6731-e7b5f38951a6
2026-10-10 06:39:14.614192,92.433,11,1g.11gb,yolo-inference-755b67b9bb-tpwv7,default,yolo,580.178.04,GPU-d59cb1c4-ad97-d91a-6731-e7b5f38951a6
2026-10-10 06:39:14.614192,92.543,12,1g.11gb,yolo-inference-755b67b9bb-cmfkj,default,yolo,580.178.04,GPU-d59cb1c4-ad97-d91a-6731-e7b5f38951a6
2026-10-10 06:39:14.614192,92.412,13,1g.11gb,yolo-inference-755b67b9bb-7kvtl,default,yolo,580.178.04,GPU-d59cb1c4-ad97-d91a-6731-e7b5f38951a6
2026-10-10 06:39:14.614192,92.57,7,1g.11gb,yolo-inference-755b67b9bb-6w2jk,default,yolo,580.178.04,GPU-d59cb1c4-ad97-d91a-6731-e7b5f38951a6
2026-10-10 06:39:14.614192,92.543,8,1g.11gb,yolo-inference-755b67b9bb-zbflb,default,yolo,580.178.04,GPU-d59cb1c4-ad97-d91a-6731-e7b5f38951a6
2026-10-10 06:39:14.614192,92.605,9,1g.11gb,yolo-inference-755b67b9bb-6z9g8,default,yolo,580.178.04,GPU-d59cb1c4-ad97-d91a-6731-e7b5f38951a6
2026-10-10 06:39:19.614194,92.306,10,1g.11gb,yolo-inference-755b67b9bb-jvw65,default,yolo,580.178.04,GPU-d59cb1c4-ad97-d91a-6731-e7b5f38951a6
2026-10-10 06:39:19.614194,92.433,11,1g.11gb,yolo-inference-755b67b9bb-tpwv7,default,yolo,580.178.04,GPU-d59cb1c4-ad97-d91a-6731-e7b5f38951a6
2026-10-10 06:39:19.614194,92.543,12,1g.11gb,yolo-inference-755b67b9bb-cmfkj,default,yolo,580.178.04,GPU-d59cb1c4-ad97-d91a-6731-e7b5f38951a6
2026-10-10 06:39:19.614194,92.412,13,1g.11gb,yolo-inference-755b67b9bb-7kvtl,default,yolo,580.178.04,GPU-d59cb1c4-ad97-d91a-6731-e7b5f38951a6
2026-10-10 06:39:19.614194,92.57,7,1g.11gb,yolo-inference-755b67b9bb-6w2jk,default,yolo,580.178.04,GPU-d59cb1c4-ad97-d91a-6731-e7b5f38951a6
2026-10-10 06:39:19.614194,92.543,8,1g.11gb,yolo-inference-755b67b9bb-zbflb,default,yolo,580.178.04,GPU-d59cb1c4-ad97-d91a-6731-e7b5f38951a6
2026-10-10 06:39:19.614194,92.605,9,1g.11gb,yolo-inference-755b67b9bb-6z9g8,default,yolo,580.178.04,GPU-d59cb1c4-ad97-d91a-6731-e7b5f38951a6
2026-10-10 06:39:24.612225,92.306,10,1g.11gb,yolo-inference-755b67b9bb-jvw65,default,yolo,580.178.04,GPU-d59cb1c4-ad97-d91a-6731-e7b5f38951a6
2026-10-10 06:39:24.612225,92.433,11,1g.11gb,yolo-inference-755b67b9bb-tpwv7,default,yolo,580.178.04,GPU-d59cb1c4-ad97-d91a-6731-e7b5f38951a6
2026-10-10 06:39:24.612225,92.543,12,1g.11gb,yolo-inference-755b67b9bb-cmfkj,default,yolo,580.178.04,GPU-d59cb1c4-ad97-d91a-6731-e7b5f38951a6
2026-10-10 06:39:24.612225,92.412,13,1g.11gb,yolo-inference-755b67b9bb-7kvtl,default,yolo,580.178.04,GPU-d59cb1c4-ad97-d91a-6731-e7b5f38951a6
2026-10-10 06:39:24.612225,92.57,7,1g.11gb,yolo-inference-755b67b9bb-6w2jk,default,yolo,580.178.04,GPU-d59cb1c4-ad97-d91a-6731-e7b5f38951a6
2026-10-10 06:39:24.612225,92.543,8,1g.11gb,yolo-inference-755b67b9bb-zbflb,default,yolo,580.178.04,GPU-d59cb1c4-ad97-d91a-6731-e7b5f38951a6
2026-10-10 06:39:24.612225,92.605,9,1g.11gb,yolo-inference-755b67b9bb-6z9g8,default,yolo,580.178.04,GPU-d59cb1c4-ad97-d91a-6731-e7b5f38951a6
2026-10-10 06:39:29.611445,92.306,10,1g.11gb,yolo-inference-755b67b9bb-jvw65,default,yolo,580.178.04,GPU-d59cb1c4-ad97-d91a-6731-e7b5f38951a6
2026-10-10 06:39:29.611445,92.433,11,1g.11gb,yolo-inference-755b67b9bb-tpwv7,default,yolo,580.178.04,GPU-d59cb1c4-ad97-d91a-6731-e7b5f38951a6
2026-10-10 06:39:29.611445,92.543,12,1g.11gb,yolo-inference-755b67b9bb-cmfkj,default,yolo,580.178.04,GPU-d59cb1c4-ad97-d91a-6731-e7b5f38951a6
2026-10-10 06:39:29.611445,92.412,13,1g.11gb,yolo-inference-755b67b9bb-7kvtl,default,yolo,580.178.04,GPU-d59cb1c4-ad97-d91a-6731-e7b5f38951a6
2026-10-10 06:39:29.611445,92.57,7,1g.11gb,yolo-inference-755b67b9bb-6w2jk,default,yolo,580.178.04,GPU-d59cb1c4-ad97-d91a-6731-e7b5f38951a6
2026-10-10 06:39:29.611445,92.543,8,1g.11gb,yolo-inference-755b67b9bb-zbflb,default,yolo,580.178.04,GPU-d59cb1c4-ad97-d91a-6731-e7b5f38951a6
2026-10-10 06:39:29.611445,92.605,9,1g.11gb,yolo-inference-755b67b9bb-6z9g8,default,yolo,580.178.04,GPU-d59cb1c4-ad97-d91a-6731-e7b5f38951a6
2026-10-10 06:39:34.614192,92.306,10,1g.11gb,yolo-inference-755b67b9bb-jvw65,default,yolo,580.178.04,GPU-d59cb1c4-ad97-d91a-6731-e7b5f38951a6
2026-10-10 06:39:34.614192,92.433,11,1g.11gb,yolo-inference-755b67b9bb-tpwv7,default,yolo,580.178.04,GPU-d59cb1c4-ad97-d91a-6731-e7b5f38951a6
2026-10-10 06:39:34.614192,92.543,12,1g.11gb,yolo-inference-755b67b9bb-cmfkj,default,yolo,580.178.04,GPU-d59cb1c4-ad97-d91a-6731-e7b5f38951a6
2026-10-10 06:39:34.614192,92.412,13,1g.11gb,yolo-inference-755b67b9bb-7kvtl,default,yolo,580.178.04,GPU-d59cb1c4-ad97-d91a-6731-e7b5f38951a6
2026-10-10 06:39:34.614192,92.57,7,1g.11gb,yolo-inference-755b67b9bb-6w2jk,default,yolo,580.178.04,GPU-d59cb1c4-ad97-d91a-6731-e7b5f38951a6
2026-10-10 06:39:34.614192,92.543,8,1g.11gb,yolo-inference-755b67b9bb-zbflb,default,yolo,580.178.04,GPU-d59cb1c4-ad97-d91a-6731-e7b5f38951a6
2026-10-10 06:39:34.614192,92.605,9,1g.11gb,yolo-inference-755b67b9bb-6z9g8,default,yolo,580.178.04,GPU-d59cb1c4-ad97-d91a-6731-e7b5f38951a6
2026-10-10 06:39:39.613699,92.306,10,1g.11gb,yolo-inference-755b67b9bb-jvw65,default,yolo,580.178.04,GPU-d59cb1c4-ad97-d91a-6731-e7b5f38951a6
2026-10-10 06:39:39.613699,92.433,11,1g.11gb,yolo-inference-755b67b9bb-tpwv7,default,yolo,580.178.04,GPU-d59cb1c4-ad97-d91a-6731-e7b5f38951a6
2026-10-10 06:39:39.613699,92.543,12,1g.11gb,yolo-inference-755b67b9bb-cmfkj,default,yolo,580.178.04,GPU-d59cb1c4-ad97-d91a-6731-e7b5f38951a6
2026-10-10 06:39:39.613699,92.412,13,1g.11gb,yolo-inference-755b67b9bb-7kvtl,default,yolo,580.178.04,GPU-d59cb1c4-ad97-d91a-6731-e7b5f38951a6
2026-10-10 06:39:39.613699,92.57,7,1g.11gb,yolo-inference-755b67b9bb-6w2jk,default,yolo,580.178.04,GPU-d59cb1c4-ad97-d91a-6731-e7b5f38951a6
2026-10-10 06:39:39.613699,92.543,8,1g.11gb,yolo-inference-755b67b9bb-zbflb,default,yolo,580.178.04,GPU-d59cb1c4-ad97-d91a-6731-e7b5f38951a6
2026-10-10 06:39:39.613699,92.605,9,1g.11gb,yolo-inference-755b67b9bb-6z9g8,default,yolo,580.178.04,GPU-d59cb1c4-ad97-d91a-6731-e7b5f38951a6
2026-10-10 06:39:44.614195,92.882,10,1g.11gb,yolo-inference-755b67b9bb-jvw65,default,yolo,580.178.04,GPU-d59cb1c4-ad97-d91a-6731-e7b5f38951a6
2026-10-10 06:39:44.614195,92.76,11,1g.11gb,yolo-inference-755b67b9bb-tpwv7,default,yolo,580.178.04,GPU-d59cb1c4-ad97-d91a-6731-e7b5f38951a6
2026-10-10 06:39:44.614195,92.623,12,1g.11gb,yolo-inference-755b67b9bb-cmfkj,default,yolo,580.178.04,GPU-d59cb1c4-ad97-d91a-6731-e7b5f38951a6
2026-10-10 06:39:44.614195,92.681,13,1g.11gb,yolo-inference-755b67b9bb-7kvtl,default,yolo,580.178.04,GPU-d59cb1c4-ad97-d91a-6731-e7b5f38951a6
2026-10-10 06:39:44.614195,92.906,7,1g.11gb,yolo-inference-755b67b9bb-6w2jk,default,yolo,580.178.04,GPU-d59cb1c4-ad97-d91a-6731-e7b5f38951a6
2026-10-10 06:39:44.614195,92.623,8,1g.11gb,yolo-inference-755b67b9bb-zbflb,default,yolo,580.178.04,GPU-d59cb1c4-ad97-d91a-6731-e7b5f38951a6
2026-10-10 06:39:44.614195,92.886,9,1g.11gb,yolo-inference-755b67b9bb-6z9g8,default,yolo,580.178.04,GPU-d59cb1c4-ad97-d91a-6731-e7b5f38951a6
2026-10-10 06:39:49.614197,92.882,10,1g.11gb,yolo-inference-755b67b9bb-jvw65,default,yolo,580.178.04,GPU-d59cb1c4-ad97-d91a-6731-e7b5f38951a6
2026-10-10 06:39:49.614197,92.76,11,1g.11gb,yolo-inference-755b67b9bb-tpwv7,default,yolo,580.178.04,GPU-d59cb1c4-ad97-d91a-6731-e7b5f38951a6
2026-10-10 06:39:49.614197,92.623,12,1g.11gb,yolo-inference-755b67b9bb-cmfkj,default,yolo,580.178.04,GPU-d59cb1c4-ad97-d91a-6731-e7b5f38951a6
2026-10-10 06:39:49.614197,92.681,13,1g.11gb,yolo-inference-755b67b9bb-7kvtl,default,yolo,580.178.04,GPU-d59cb1c4-ad97-d91a-6731-e7b5f38951a6
2026-10-10 06:39:49.614197,92.906,7,1g.11gb,yolo-inference-755b67b9bb-6w2jk,default,yolo,580.178.04,GPU-d59cb1c4-ad97-d91a-6731-e7b5f38951a6
2026-10-10 06:39:49.614197,92.623,8,1g.11gb,yolo-inference-755b67b9bb-zbflb,default,yolo,580.178.04,GPU-d59cb1c4-ad97-d91a-6731-e7b5f38951a6
2026-10-10 06:39:49.614197,92.886,9,1g.11gb,yolo-inference-755b67b9bb-6z9g8,default,yolo,580.178.04,GPU-d59cb1c4-ad97-d91a-6731-e7b5f38951a6
2026-10-10 06:39:54.614213,92.882,10,1g.11gb,yolo-inference-755b67b9bb-jvw65,default,yolo,580.178.04,GPU-d59cb1c4-ad97-d91a-6731-e7b5f38951a6
2026-10-10 06:39:54.614213,92.76,11,1g.11gb,yolo-inference-755b67b9bb-tpwv7,default,yolo,580.178.04,GPU-d59cb1c4-ad97-d91a-6731-e7b5f38951a6
2026-10-10 06:39:54.614213,92.623,12,1g.11gb,yolo-inference-755b67b9bb-cmfkj,default,yolo,580.178.04,GPU-d59cb1c4-ad97-d91a-6731-e7b5f38951a6
2026-10-10 06:39:54.614213,92.681,13,1g.11gb,yolo-inference-755b67b9bb-7kvtl,default,yolo,580.178.04,GPU-d59cb1c4-ad97-d91a-6731-e7b5f38951a6
2026-10-10 06:39:54.614213,92.906,7,1g.11gb,yolo-inference-755b67b9bb-6w2jk,default,yolo,580.178.04,GPU-d59cb1c4-ad97-d91a-6731-e7b5f38951a6
2026-10-10 06:39:54.614213,92.623,8,1g.11gb,yolo-inference-755b67b9bb-zbflb,default,yolo,580.178.04,GPU-d59cb1c4-ad97-d91a-6731-e7b5f38951a6
2026-10-10 06:39:54.614213,92.886,9,1g.11gb,yolo-inference-755b67b9bb-6z9g8,default,yolo,580.178.04,GPU-d59cb1c4-ad97-d91a-6731-e7b5f38951a6
2026-10-10 06:39:59.609457,92.882,10,1g.11gb,yolo-inference-755b67b9bb-jvw65,default,yolo,580.178.04,GPU-d59cb1c4-ad97-d91a-6731-e7b5f38951a6
2026-10-10 06:39:59.609457,92.76,11,1g.11gb,yolo-inference-755b67b9bb-tpwv7,default,yolo,580.178.04,GPU-d59cb1c4-ad97-d91a-6731-e7b5f38951a6
2026-10-10 06:39:59.609457,92.623,12,1g.11gb,yolo-inference-755b67b9bb-cmfkj,default,yolo,580.178.04,GPU-d59cb1c4-ad97-d91a-6731-e7b5f38951a6
2026-10-10 06:39:59.609457,92.681,13,1g.11gb,yolo-inference-755b67b9bb-7kvtl,default,yolo,580.178.04,GPU-d59cb1c4-ad97-d91a-6731-e7b5f38951a6
2026-10-10 06:39:59.609457,92.906,7,1g.11gb,yolo-inference-755b67b9bb-6w2jk,default,yolo,580.178.04,GPU-d59cb1c4-ad97-d91a-6731-e7b5f38951a6
2026-10-10 06:39:59.609457,92.623,8,1g.11gb,yolo-inference-755b67b9bb-zbflb,default,yolo,580.178.04,GPU-d59cb1c4-ad97-d91a-6731-e7b5f38951a6
2026-10-10 06:39:59.609457,92.886,9,1g.11gb,yolo-inference-755b67b9bb-6z9g8,default,yolo,580.178.04,GPU-d59cb1c4-ad97-d91a-6731-e7b5f38951a6
2026-10-10 06:40:04.614203,92.882,10,1g.11gb,yolo-inference-755b67b9bb-jvw65,default,yolo,580.178.04,GPU-d59cb1c4-ad97-d91a-6731-e7b5f38951a6
2026-10-10 06:40:04.614203,92.76,11,1g.11gb,yolo-inference-755b67b9bb-tpwv7,default,yolo,580.178.04,GPU-d59cb1c4-ad97-d91a-6731-e7b5f38951a6
2026-10-10 06:40:04.614203,92.623,12,1g.11gb,yolo-inference-755b67b9bb-cmfkj,default,yolo,580.178.04,GPU-d59cb1c4-ad97-d91a-6731-e7b5f38951a6
2026-10-10 06:40:04.614203,92.681,13,1g.11gb,yolo-inference-755b67b9bb-7kvtl,default,yolo,580.178.04,GPU-d59cb1c4-ad97-d91a-6731-e7b5f38951a6
2026-10-10 06:40:04.614203,92.906,7,1g.11gb,yolo-inference-755b67b9bb-6w2jk,default,yolo,580.178.04,GPU-d59cb1c4-ad97-d91a-6731-e7b5f38951a6
2026-10-10 06:40:04.614203,92.623,8,1g.11gb,yolo-inference-755b67b9bb-zbflb,default,yolo,580.178.04,GPU-d59cb1c4-ad97-d91a-6731-e7b5f38951a6
2026-10-10 06:40:04.614203,92.886,9,1g.11gb,yolo-inference-755b67b9bb-6z9g8,default,yolo,580.178.04,GPU-d59cb1c4-ad97-d91a-6731-e7b5f38951a6
2026-10-10 06:40:09.613841,92.882,10,1g.11gb,yolo-inference-755b67b9bb-jvw65,default,yolo,580.178.04,GPU-d59cb1c4-ad97-d91a-6731-e7b5f38951a6
2026-10-10 06:40:09.613841,92.76,11,1g.11gb,yolo-inference-755b67b9bb-tpwv7,default,yolo,580.178.04,GPU-d59cb1c4-ad97-d91a-6731-e7b5f38951a6
2026-10-10 06:40:09.613841,92.623,12,1g.11gb,yolo-inference-755b67b9bb-cmfkj,default,yolo,580.178.04,GPU-d59cb1c4-ad97-d91a-6731-e7b5f38951a6
2026-10-10 06:40:09.613841,92.681,13,1g.11gb,yolo-inference-755b67b9bb-7kvtl,default,yolo,580.178.04,GPU-d59cb1c4-ad97-d91a-6731-e7b5f38951a6
2026-10-10 06:40:09.613841,92.906,7,1g.11gb,yolo-inference-755b67b9bb-6w2jk,default,yolo,580.178.04,GPU-d59cb1c4-ad97-d91a-6731-e7b5f38951a6
2026-10-10 06:40:09.613841,92.623,8,1g.11gb,yolo-inference-755b67b9bb-zbflb,default,yolo,580.178.04,GPU-d59cb1c4-ad97-d91a-6731-e7b5f38951a6
2026-10-10 06:40:09.613841,92.886,9,1g.11gb,yolo-inference-755b67b9bb-6z9g8,default,yolo,580.178.04,GPU-d59cb1c4-ad97-d91a-6731-e7b5f38951a6
2026-10-10 06:40:14.614193,94.996,10,1g.11gb,yolo-inference-755b67b9bb-jvw65,default,yolo,580.178.04,GPU-d59cb1c4-ad97-d91a-6731-e7b5f38951a6
2026-10-10 06:40:14.614193,94.926,11,1g.11gb,yolo-inference-755b67b9bb-tpwv7,default,yolo,580.178.04,GPU-d59cb1c4-ad97-d91a-6731-e7b5f38951a6
2026-10-10 06:40:14.614193,94.899,12,1g.11gb,yolo-inference-755b67b9bb-cmfkj,default,yolo,580.178.04,GPU-d59cb1c4-ad97-d91a-6731-e7b5f38951a6
2026-10-10 06:40:14.614193,95.202,13,1g.11gb,yolo-inference-755b67b9bb-7kvtl,default,yolo,580.178.04,GPU-d59cb1c4-ad97-d91a-6731-e7b5f38951a6
2026-10-10 06:40:14.614193,94.98,7,1g.11gb,yolo-inference-755b67b9bb-6w2jk,default,yolo,580.178.04,GPU-d59cb1c4-ad97-d91a-6731-e7b5f38951a6
2026-10-10 06:40:14.614193,94.899,8,1g.11gb,yolo-inference-755b67b9bb-zbflb,default,yolo,580.178.04,GPU-d59cb1c4-ad97-d91a-6731-e7b5f38951a6
2026-10-10 06:40:14.614193,94.92,9,1g.11gb,yolo-inference-755b67b9bb-6z9g8,default,yolo,580.178.04,GPU-d59cb1c4-ad97-d91a-6731-e7b5f38951a6
2026-10-10 06:40:19.614249,94.996,10,1g.11gb,yolo-inference-755b67b9bb-jvw65,default,yolo,580.178.04,GPU-d59cb1c4-ad97-d91a-6731-e7b5f38951a6
2026-10-10 06:40:19.614249,94.926,11,1g.11gb,yolo-inference-755b67b9bb-tpwv7,default,yolo,580.178.04,GPU-d59cb1c4-ad97-d91a-6731-e7b5f38951a6
2026-10-10 06:40:19.614249,94.899,12,1g.11gb,yolo-inference-755b67b9bb-cmfkj,default,yolo,580.178.04,GPU-d59cb1c4-ad97-d91a-6731-e7b5f38951a6
2026-10-10 06:40:19.614249,95.202,13,1g.11gb,yolo-inference-755b67b9bb-7kvtl,default,yolo,580.178.04,GPU-d59cb1c4-ad97-d91a-6731-e7b5f38951a6
2026-10-10 06:40:19.614249,94.98,7,1g.11gb,yolo-inference-755b67b9bb-6w2jk,default,yolo,580.178.04,GPU-d59cb1c4-ad97-d91a-6731-e7b5f38951a6
2026-10-10 06:40:19.614249,94.899,8,1g.11gb,yolo-inference-755b67b9bb-zbflb,default,yolo,580.178.04,GPU-d59cb1c4-ad97-d91a-6731-e7b5f38951a6
2026-10-10 06:40:19.614249,94.92,9,1g.11gb,yolo-inference-755b67b9bb-6z9g8,default,yolo,580.178.04,GPU-d59cb1c4-ad97-d91a-6731-e7b5f38951a6
2026-10-10 06:40:24.609675,94.996,10,1g.11gb,yolo-inference-755b67b9bb-jvw65,default,yolo,580.178.04,GPU-d59cb1c4-ad97-d91a-6731-e7b5f38951a6
2026-10-10 06:40:24.609675,94.926,11,1g.11gb,yolo-inference-755b67b9bb-tpwv7,default,yolo,580.178.04,GPU-d59cb1c4-ad97-d91a-6731-e7b5f38951a6
2026-10-10 06:40:24.609675,94.899,12,1g.11gb,yolo-inference-755b67b9bb-cmfkj,default,yolo,580.178.04,GPU-d59cb1c4-ad97-d91a-6731-e7b5f38951a6
2026-10-10 06:40:24.609675,95.202,13,1g.11gb,yolo-inference-755b67b9bb-7kvtl,default,yolo,580.178.04,GPU-d59cb1c4-ad97-d91a-6731-e7b5f38951a6
2026-10-10 06:40:24.609675,94.98,7,1g.11gb,yolo-inference-755b67b9bb-6w2jk,default,yolo,580.178.04,GPU-d59cb1c4-ad97-d91a-6731-e7b5f38951a6
2026-10-10 06:40:24.609675,94.899,8,1g.11gb,yolo-inference-755b67b9bb-zbflb,default,yolo,580.178.04,GPU-d59cb1c4-ad97-d91a-6731-e7b5f38951a6
2026-10-10 06:40:24.609675,94.92,9,1g.11gb,yolo-inference-755b67b9bb-6z9g8,default,yolo,580.178.04,GPU-d59cb1c4-ad97-d91a-6731-e7b5f38951a6
2026-10-10 06:40:29.614200,94.996,10,1g.11gb,yolo-inference-755b67b9bb-jvw65,default,yolo,580.178.04,GPU-d59cb1c4-ad97-d91a-6731-e7b5f38951a6
2026-10-10 06:40:29.614200,94.926,11,1g.11gb,yolo-inference-755b67b9bb-tpwv7,default,yolo,580.178.04,GPU-d59cb1c4-ad97-d91a-6731-e7b5f38951a6
2026-10-10 06:40:29.614200,94.899,12,1g.11gb,yolo-inference-755b67b9bb-cmfkj,default,yolo,580.178.04,GPU-d59cb1c4-ad97-d91a-6731-e7b5f38951a6
2026-10-10 06:40:29.614200,95.202,13,1g.11gb,yolo-inference-755b67b9bb-7kvtl,default,yolo,580.178.04,GPU-d59cb1c4-ad97-d91a-6731-e7b5f38951a6
2026-10-10 06:40:29.614200,94.98,7,1g.11gb,yolo-inference-755b67b9bb-6w2jk,default,yolo,580.178.04,GPU-d59cb1c4-ad97-d91a-6731-e7b5f38951a6
2026-10-10 06:40:29.614200,94.899,8,1g.11gb,yolo-inference-755b67b9bb-zbflb,default,yolo,580.178.04,GPU-d59cb1c4-ad97-d91a-6731-e7b5f38951a6
2026-10-10 06:40:29.614200,94.92,9,1g.11gb,yolo-inference-755b67b9bb-6z9g8,default,yolo,580.178.04,GPU-d59cb1c4-ad97-d91a-6731-e7b5f38951a6
2026-10-10 06:40:34.614202,94.996,10,1g.11gb,yolo-inference-755b67b9bb-jvw65,default,yolo,580.178.04,GPU-d59cb1c4-ad97-d91a-6731-e7b5f38951a6
2026-10-10 06:40:34.614202,94.926,11,1g.11gb,yolo-inference-755b67b9bb-tpwv7,default,yolo,580.178.04,GPU-d59cb1c4-ad97-d91a-6731-e7b5f38951a6
2026-10-10 06:40:34.614202,94.899,12,1g.11gb,yolo-inference-755b67b9bb-cmfkj,default,yolo,580.178.04,GPU-d59cb1c4-ad97-d91a-6731-e7b5f38951a6
2026-10-10 06:40:34.614202,95.202,13,1g.11gb,yolo-inference-755b67b9bb-7kvtl,default,yolo,580.178.04,GPU-d59cb1c4-ad97-d91a-6731-e7b5f38951a6
2026-10-10 06:40:34.614202,94.98,7,1g.11gb,yolo-inference-755b67b9bb-6w2jk,default,yolo,580.178.04,GPU-d59cb1c4-ad97-d91a-6731-e7b5f38951a6
2026-10-10 06:40:34.614202,94.899,8,1g.11gb,yolo-inference-755b67b9bb-zbflb,default,yolo,580.178.04,GPU-d59cb1c4-ad97-d91a-6731-e7b5f38951a6
2026-10-10 06:40:34.614202,94.92,9,1g.11gb,yolo-inference-755b67b9bb-6z9g8,default,yolo,580.178.04,GPU-d59cb1c4-ad97-d91a-6731-e7b5f38951a6
2026-10-10 06:40:39.609478,94.996,10,1g.11gb,yolo-inference-755b67b9bb-jvw65,default,yolo,580.178.04,GPU-d59cb1c4-ad97-d91a-6731-e7b5f38951a6
2026-10-10 06:40:39.609478,94.926,11,1g.11gb,yolo-inference-755b67b9bb-tpwv7,default,yolo,580.178.04,GPU-d59cb1c4-ad97-d91a-6731-e7b5f38951a6
2026-10-10 06:40:39.609478,94.899,12,1g.11gb,yolo-inference-755b67b9bb-cmfkj,default,yolo,580.178.04,GPU-d59cb1c4-ad97-d91a-6731-e7b5f38951a6
2026-10-10 06:40:39.609478,95.202,13,1g.11gb,yolo-inference-755b67b9bb-7kvtl,default,yolo,580.178.04,GPU-d59cb1c4-ad97-d91a-6731-e7b5f38951a6
2026-10-10 06:40:39.609478,94.98,7,1g.11gb,yolo-inference-755b67b9bb-6w2jk,default,yolo,580.178.04,GPU-d59cb1c4-ad97-d91a-6731-e7b5f38951a6
2026-10-10 06:40:39.609478,94.899,8,1g.11gb,yolo-inference-755b67b9bb-zbflb,default,yolo,580.178.04,GPU-d59cb1c4-ad97-d91a-6731-e7b5f38951a6
2026-10-10 06:40:39.609478,94.92,9,1g.11gb,yolo-inference-755b67b9bb-6z9g8,default,yolo,580.178.04,GPU-d59cb1c4-ad97-d91a-6731-e7b5f38951a6
2026-10-10 06:40:44.614182,94.894,10,1g.11gb,yolo-inference-755b67b9bb-jvw65,default,yolo,580.178.04,GPU-d59cb1c4-ad97-d91a-6731-e7b5f38951a6
2026-10-10 06:40:44.614182,95.107,11,1g.11gb,yolo-inference-755b67b9bb-tpwv7,default,yolo,580.178.04,GPU-d59cb1c4-ad97-d91a-6731-e7b5f38951a6
2026-10-10 06:40:44.614182,95.119,12,1g.11gb,yolo-inference-755b67b9bb-cmfkj,default,yolo,580.178.04,GPU-d59cb1c4-ad97-d91a-6731-e7b5f38951a6
2026-10-10 06:40:44.614182,95.06,13,1g.11gb,yolo-inference-755b67b9bb-7kvtl,default,yolo,580.178.04,GPU-d59cb1c4-ad97-d91a-6731-e7b5f38951a6
2026-10-10 06:40:44.614182,95.091,7,1g.11gb,yolo-inference-755b67b9bb-6w2jk,default,yolo,580.178.04,GPU-d59cb1c4-ad97-d91a-6731-e7b5f38951a6
2026-10-10 06:40:44.614182,95.119,8,1g.11gb,yolo-inference-755b67b9bb-zbflb,default,yolo,580.178.04,GPU-d59cb1c4-ad97-d91a-6731-e7b5f38951a6
2026-10-10 06:40:44.614182,95.074,9,1g.11gb,yolo-inference-755b67b9bb-6z9g8,default,yolo,580.178.04,GPU-d59cb1c4-ad97-d91a-6731-e7b5f38951a6
2026-10-10 06:40:49.614202,94.894,10,1g.11gb,yolo-inference-755b67b9bb-jvw65,default,yolo,580.178.04,GPU-d59cb1c4-ad97-d91a-6731-e7b5f38951a6
2026-10-10 06:40:49.614202,95.107,11,1g.11gb,yolo-inference-755b67b9bb-tpwv7,default,yolo,580.178.04,GPU-d59cb1c4-ad97-d91a-6731-e7b5f38951a6
2026-10-10 06:40:49.614202,95.119,12,1g.11gb,yolo-inference-755b67b9bb-cmfkj,default,yolo,580.178.04,GPU-d59cb1c4-ad97-d91a-6731-e7b5f38951a6
2026-10-10 06:40:49.614202,95.06,13,1g.11gb,yolo-inference-755b67b9bb-7kvtl,default,yolo,580.178.04,GPU-d59cb1c4-ad97-d91a-6731-e7b5f38951a6
2026-10-10 06:40:49.614202,95.091,7,1g.11gb,yolo-inference-755b67b9bb-6w2jk,default,yolo,580.178.04,GPU-d59cb1c4-ad97-d91a-6731-e7b5f38951a6
2026-10-10 06:40:49.614202,95.119,8,1g.11gb,yolo-inference-755b67b9bb-zbflb,default,yolo,580.178.04,GPU-d59cb1c4-ad97-d91a-6731-e7b5f38951a6
2026-10-10 06:40:49.614202,95.074,9,1g.11gb,yolo-inference-755b67b9bb-6z9g8,default,yolo,580.178.04,GPU-d59cb1c4-ad97-d91a-6731-e7b5f38951a6
2026-10-10 06:40:54.613659,94.894,10,1g.11gb,yolo-inference-755b67b9bb-jvw65,default,yolo,580.178.04,GPU-d59cb1c4-ad97-d91a-6731-e7b5f38951a6
2026-10-10 06:40:54.613659,95.107,11,1g.11gb,yolo-inference-755b67b9bb-tpwv7,default,yolo,580.178.04,GPU-d59cb1c4-ad97-d91a-6731-e7b5f38951a6
2026-10-10 06:40:54.613659,95.119,12,1g.11gb,yolo-inference-755b67b9bb-cmfkj,default,yolo,580.178.04,GPU-d59cb1c4-ad97-d91a-6731-e7b5f38951a6
2026-10-10 06:40:54.613659,95.06,13,1g.11gb,yolo-inference-755b67b9bb-7kvtl,default,yolo,580.178.04,GPU-d59cb1c4-ad97-d91a-6731-e7b5f38951a6
2026-10-10 06:40:54.613659,95.091,7,1g.11gb,yolo-inference-755b67b9bb-6w2jk,default,yolo,580.178.04,GPU-d59cb1c4-ad97-d91a-6731-e7b5f38951a6
2026-10-10 06:40:54.613659,95.119,8,1g.11gb,yolo-inference-755b67b9bb-zbflb,default,yolo,580.178.04,GPU-d59cb1c4-ad97-d91a-6731-e7b5f38951a6
2026-10-10 06:40:54.613659,95.074,9,1g.11gb,yolo-inference-755b67b9bb-6z9g8,default,yolo,580.178.04,GPU-d59cb1c4-ad97-d91a-6731-e7b5f38951a6
2026-10-10 06:40:59.614224,94.894,10,1g.11gb,yolo-inference-755b67b9bb-jvw65,default,yolo,580.178.04,GPU-d59cb1c4-ad97-d91a-6731-e7b5f38951a6
2026-10-10 06:40:59.614224,95.107,11,1g.11gb,yolo-inference-755b67b9bb-tpwv7,default,yolo,580.178.04,GPU-d59cb1c4-ad97-d91a-6731-e7b5f38951a6
2026-10-10 06:40:59.614224,95.119,12,1g.11gb,yolo-inference-755b67b9bb-cmfkj,default,yolo,580.178.04,GPU-d59cb1c4-ad97-d91a-6731-e7b5f38951a6
2026-10-10 06:40:59.614224,95.06,13,1g.11gb,yolo-inference-755b67b9bb-7kvtl,default,yolo,580.178.04,GPU-d59cb1c4-ad97-d91a-6731-e7b5f38951a6
2026-10-10 06:40:59.614224,95.091,7,1g.11gb,yolo-inference-755b67b9bb-6w2jk,default,yolo,580.178.04,GPU-d59cb1c4-ad97-d91a-6731-e7b5f38951a6
2026-10-10 06:40:59.614224,95.119,8,1g.11gb,yolo-inference-755b67b9bb-zbflb,default,yolo,580.178.04,GPU-d59cb1c4-ad97-d91a-6731-e7b5f38951a6
2026-10-10 06:40:59.614224,95.074,9,1g.11gb,yolo-inference-755b67b9bb-6z9g8,default,yolo,580.178.04,GPU-d59cb1c4-ad97-d91a-6731-e7b5f38951a6
2026-10-10 06:41:04.614191,94.894,10,1g.11gb,yolo-inference-755b67b9bb-jvw65,default,yolo,580.178.04,GPU-d59cb1c4-ad97-d91a-6731-e7b5f38951a6
2026-10-10 06:41:04.614191,95.107,11,1g.11gb,yolo-inference-755b67b9bb-tpwv7,default,yolo,580.178.04,GPU-d59cb1c4-ad97-d91a-6731-e7b5f38951a6
2026-10-10 06:41:04.614191,95.119,12,1g.11gb,yolo-inference-755b67b9bb-cmfkj,default,yolo,580.178.04,GPU-d59cb1c4-ad97-d91a-6731-e7b5f38951a6
2026-10-10 06:41:04.614191,95.06,13,1g.11gb,yolo-inference-755b67b9bb-7kvtl,default,yolo,580.178.04,GPU-d59cb1c4-ad97-d91a-6731-e7b5f38951a6
2026-10-10 06:41:04.614191,95.091,7,1g.11gb,yolo-inference-755b67b9bb-6w2jk,default,yolo,580.178.04,GPU-d59cb1c4-ad97-d91a-6731-e7b5f38951a6
2026-10-10 06:41:04.614191,95.119,8,1g.11gb,yolo-inference-755b67b9bb-zbflb,default,yolo,580.178.04,GPU-d59cb1c4-ad97-d91a-6731-e7b5f38951a6
2026-10-10 06:41:04.614191,95.074,9,1g.11gb,yolo-inference-755b67b9bb-6z9g8,default,yolo,580.178.04,GPU-d59cb1c4-ad97-d91a-6731-e7b5f38951a6
2026-10-10 06:41:09.614325,94.894,10,1g.11gb,yolo-inference-755b67b9bb-jvw65,default,yolo,580.178.04,GPU-d59cb1c4-ad97-d91a-6731-e7b5f38951a6
2026-10-10 06:41:09.614325,95.107,11,1g.11gb,yolo-inference-755b67b9bb-tpwv7,default,yolo,580.178.04,GPU-d59cb1c4-ad97-d91a-6731-e7b5f38951a6
2026-10-10 06:41:09.614325,95.119,12,1g.11gb,yolo-inference-755b67b9bb-cmfkj,default,yolo,580.178.04,GPU-d59cb1c4-ad97-d91a-6731-e7b5f38951a6
2026-10-10 06:41:09.614325,95.06,13,1g.11gb,yolo-inference-755b67b9bb-7kvtl,default,yolo,580.178.04,GPU-d59cb1c4-ad97-d91a-6731-e7b5f38951a6
2026-10-10 06:41:09.614325,95.091,7,1g.11gb,yolo-inference-755b67b9bb-6w2jk,default,yolo,580.178.04,GPU-d59cb1c4-ad97-d91a-6731-e7b5f38951a6
2026-10-10 06:41:09.614325,95.119,8,1g.11gb,yolo-inference-755b67b9bb-zbflb,default,yolo,580.178.04,GPU-d59cb1c4-ad97-d91a-6731-e7b5f38951a6
2026-10-10 06:41:09.614325,95.074,9,1g.11gb,yolo-inference-755b67b9bb-6z9g8,default,yolo,580.178.04,GPU-d59cb1c4-ad97-d91a-6731-e7b5f38951a6
2026-10-10 06:41:14.614225,95.176,10,1g.11gb,yolo-inference-755b67b9bb-jvw65,default,yolo,580.178.04,GPU-d59cb1c4-ad97-d91a-6731-e7b5f38951a6
2026-10-10 06:41:14.614225,95.134,11,1g.11gb,yolo-inference-755b67b9bb-tpwv7,default,yolo,580.178.04,GPU-d59cb1c4-ad97-d91a-6731-e7b5f38951a6
2026-10-10 06:41:14.614225,95.053,12,1g.11gb,yolo-inference-755b67b9bb-cmfkj,default,yolo,580.178.04,GPU-d59cb1c4-ad97-d91a-6731-e7b5f38951a6
2026-10-10 06:41:14.614225,95.031,13,1g.11gb,yolo-inference-755b67b9bb-7kvtl,default,yolo,580.178.04,GPU-d59cb1c4-ad97-d91a-6731-e7b5f38951a6
2026-10-10 06:41:14.614225,95.227,7,1g.11gb,yolo-inference-755b67b9bb-6w2jk,default,yolo,580.178.04,GPU-d59cb1c4-ad97-d91a-6731-e7b5f38951a6
2026-10-10 06:41:14.614225,95.091,8,1g.11gb,yolo-inference-755b67b9bb-zbflb,default,yolo,580.178.04,GPU-d59cb1c4-ad97-d91a-6731-e7b5f38951a6
2026-10-10 06:41:14.614225,95.134,9,1g.11gb,yolo-inference-755b67b9bb-6z9g8,default,yolo,580.178.04,GPU-d59cb1c4-ad97-d91a-6731-e7b5f38951a6
2026-10-10 06:41:19.614215,95.176,10,1g.11gb,yolo-inference-755b67b9bb-jvw65,default,yolo,580.178.04,GPU-d59cb1c4-ad97-d91a-6731-e7b5f38951a6
2026-10-10 06:41:19.614215,95.134,11,1g.11gb,yolo-inference-755b67b9bb-tpwv7,default,yolo,580.178.04,GPU-d59cb1c4-ad97-d91a-6731-e7b5f38951a6
2026-10-10 06:41:19.614215,95.053,12,1g.11gb,yolo-inference-755b67b9bb-cmfkj,default,yolo,580.178.04,GPU-d59cb1c4-ad97-d91a-6731-e7b5f38951a6
2026-10-10 06:41:19.614215,95.031,13,1g.11gb,yolo-inference-755b67b9bb-7kvtl,default,yolo,580.178.04,GPU-d59cb1c4-ad97-d91a-6731-e7b5f38951a6
2026-10-10 06:41:19.614215,95.227,7,1g.11gb,yolo-inference-755b67b9bb-6w2jk,default,yolo,580.178.04,GPU-d59cb1c4-ad97-d91a-6731-e7b5f38951a6
2026-10-10 06:41:19.614215,95.091,8,1g.11gb,yolo-inference-755b67b9bb-zbflb,default,yolo,580.178.04,GPU-d59cb1c4-ad97-d91a-6731-e7b5f38951a6
2026-10-10 06:41:19.614215,95.134,9,1g.11gb,yolo-inference-755b67b9bb-6z9g8,default,yolo,580.178.04,GPU-d59cb1c4-ad97-d91a-6731-e7b5f38951a6
2026-10-10 06:41:24.613834,95.176,10,1g.11gb,yolo-inference-755b67b9bb-jvw65,default,yolo,580.178.04,GPU-d59cb1c4-ad97-d91a-6731-e7b5f38951a6
2026-10-10 06:41:24.613834,95.134,11,1g.11gb,yolo-inference-755b67b9bb-tpwv7,default,yolo,580.178.04,GPU-d59cb1c4-ad97-d91a-6731-e7b5f38951a6
2026-10-10 06:41:24.613834,95.053,12,1g.11gb,yolo-inference-755b67b9bb-cmfkj,default,yolo,580.178.04,GPU-d59cb1c4-ad97-d91a-6731-e7b5f38951a6
2026-10-10 06:41:24.613834,95.031,13,1g.11gb,yolo-inference-755b67b9bb-7kvtl,default,yolo,580.178.04,GPU-d59cb1c4-ad97-d91a-6731-e7b5f38951a6
2026-10-10 06:41:24.613834,95.227,7,1g.11gb,yolo-inference-755b67b9bb-6w2jk,default,yolo,580.178.04,GPU-d59cb1c4-ad97-d91a-6731-e7b5f38951a6
2026-10-10 06:41:24.613834,95.091,8,1g.11gb,yolo-inference-755b67b9bb-zbflb,default,yolo,580.178.04,GPU-d59cb1c4-ad97-d91a-6731-e7b5f38951a6
2026-10-10 06:41:24.613834,95.134,9,1g.11gb,yolo-inference-755b67b9bb-6z9g8,default,yolo,580.178.04,GPU-d59cb1c4-ad97-d91a-6731-e7b5f38951a6
2026-10-10 06:41:29.614195,95.176,10,1g.11gb,yolo-inference-755b67b9bb-jvw65,default,yolo,580.178.04,GPU-d59cb1c4-ad97-d91a-6731-e7b5f38951a6
2026-10-10 06:41:29.614195,95.134,11,1g.11gb,yolo-inference-755b67b9bb-tpwv7,default,yolo,580.178.04,GPU-d59cb1c4-ad97-d91a-6731-e7b5f38951a6
2026-10-10 06:41:29.614195,95.053,12,1g.11gb,yolo-inference-755b67b9bb-cmfkj,default,yolo,580.178.04,GPU-d59cb1c4-ad97-d91a-6731-e7b5f38951a6
2026-10-10 06:41:29.614195,95.031,13,1g.11gb,yolo-inference-755b67b9bb-7kvtl,default,yolo,580.178.04,GPU-d59cb1c4-ad97-d91a-6731-e7b5f38951a6
2026-10-10 06:41:29.614195,95.227,7,1g.11gb,yolo-inference-755b67b9bb-6w2jk,default,yolo,580.178.04,GPU-d59cb1c4-ad97-d91a-6731-e7b5f38951a6
2026-10-10 06:41:29.614195,95.091,8,1g.11gb,yolo-inference-755b67b9bb-zbflb,default,yolo,580.178.04,GPU-d59cb1c4-ad97-d91a-6731-e7b5f38951a6
2026-10-10 06:41:29.614195,95.134,9,1g.11gb,yolo-inference-755b67b9bb-6z9g8,default,yolo,580.178.04,GPU-d59cb1c4-ad97-d91a-6731-e7b5f38951a6
2026-10-10 06:41:34.609874,95.176,10,1g.11gb,yolo-inference-755b67b9bb-jvw65,default,yolo,580.178.04,GPU-d59cb1c4-ad97-d91a-6731-e7b5f38951a6
2026-10-10 06:41:34.609874,95.134,11,1g.11gb,yolo-inference-755b67b9bb-tpwv7,default,yolo,580.178.04,GPU-d59cb1c4-ad97-d91a-6731-e7b5f38951a6
2026-10-10 06:41:34.609874,95.053,12,1g.11gb,yolo-inference-755b67b9bb-cmfkj,default,yolo,580.178.04,GPU-d59cb1c4-ad97-d91a-6731-e7b5f38951a6
2026-10-10 06:41:34.609874,95.031,13,1g.11gb,yolo-inference-755b67b9bb-7kvtl,default,yolo,580.178.04,GPU-d59cb1c4-ad97-d91a-6731-e7b5f38951a6
2026-10-10 06:41:34.609874,95.227,7,1g.11gb,yolo-inference-755b67b9bb-6w2jk,default,yolo,580.178.04,GPU-d59cb1c4-ad97-d91a-6731-e7b5f38951a6
2026-10-10 06:41:34.609874,95.091,8,1g.11gb,yolo-inference-755b67b9bb-zbflb,default,yolo,580.178.04,GPU-d59cb1c4-ad97-d91a-6731-e7b5f38951a6
2026-10-10 06:41:34.609874,95.134,9,1g.11gb,yolo-inference-755b67b9bb-6z9g8,default,yolo,580.178.04,GPU-d59cb1c4-ad97-d91a-6731-e7b5f38951a6
2026-10-10 06:41:39.609812,95.176,10,1g.11gb,yolo-inference-755b67b9bb-jvw65,default,yolo,580.178.04,GPU-d59cb1c4-ad97-d91a-6731-e7b5f38951a6
2026-10-10 06:41:39.609812,95.134,11,1g.11gb,yolo-inference-755b67b9bb-tpwv7,default,yolo,580.178.04,GPU-d59cb1c4-ad97-d91a-6731-e7b5f38951a6
2026-10-10 06:41:39.609812,95.053,12,1g.11gb,yolo-inference-755b67b9bb-cmfkj,default,yolo,580.178.04,GPU-d59cb1c4-ad97-d91a-6731-e7b5f38951a6
2026-10-10 06:41:39.609812,95.031,13,1g.11gb,yolo-inference-755b67b9bb-7kvtl,default,yolo,580.178.04,GPU-d59cb1c4-ad97-d91a-6731-e7b5f38951a6
2026-10-10 06:41:39.609812,95.227,7,1g.11gb,yolo-inference-755b67b9bb-6w2jk,default,yolo,580.178.04,GPU-d59cb1c4-ad97-d91a-6731-e7b5f38951a6
2026-10-10 06:41:39.609812,95.091,8,1g.11gb,yolo-inference-755b67b9bb-zbflb,default,yolo,580.178.04,GPU-d59cb1c4-ad97-d91a-6731-e7b5f38951a6
2026-10-10 06:41:39.609812,95.134,9,1g.11gb,yolo-inference-755b67b9bb-6z9g8,default,yolo,580.178.04,GPU-d59cb1c4-ad97-d91a-6731-e7b5f38951a6
2026-10-10 06:41:44.613696,94.828,10,1g.11gb,yolo-inference-755b67b9bb-jvw65,default,yolo,580.178.04,GPU-d59cb1c4-ad97-d91a-6731-e7b5f38951a6
2026-10-10 06:41:44.613696,95.168,11,1g.11gb,yolo-inference-755b67b9bb-tpwv7,default,yolo,580.178.04,GPU-d59cb1c4-ad97-d91a-6731-e7b5f38951a6
2026-10-10 06:41:44.613696,94.953,12,1g.11gb,yolo-inference-755b67b9bb-cmfkj,default,yolo,580.178.04,GPU-d59cb1c4-ad97-d91a-6731-e7b5f38951a6
2026-10-10 06:41:44.613696,95.239,13,1g.11gb,yolo-inference-755b67b9bb-7kvtl,default,yolo,580.178.04,GPU-d59cb1c4-ad97-d91a-6731-e7b5f38951a6
2026-10-10 06:41:44.613696,95.187,7,1g.11gb,yolo-inference-755b67b9bb-6w2jk,default,yolo,580.178.04,GPU-d59cb1c4-ad97-d91a-6731-e7b5f38951a6
2026-10-10 06:41:44.613696,95.261,8,1g.11gb,yolo-inference-755b67b9bb-zbflb,default,yolo,580.178.04,GPU-d59cb1c4-ad97-d91a-6731-e7b5f38951a6
2026-10-10 06:41:44.613696,95.168,9,1g.11gb,yolo-inference-755b67b9bb-6z9g8,default,yolo,580.178.04,GPU-d59cb1c4-ad97-d91a-6731-e7b5f38951a6
2026-10-10 06:41:49.614205,94.828,10,1g.11gb,yolo-inference-755b67b9bb-jvw65,default,yolo,580.178.04,GPU-d59cb1c4-ad97-d91a-6731-e7b5f38951a6
2026-10-10 06:41:49.614205,95.168,11,1g.11gb,yolo-inference-755b67b9bb-tpwv7,default,yolo,580.178.04,GPU-d59cb1c4-ad97-d91a-6731-e7b5f38951a6
2026-10-10 06:41:49.614205,94.953,12,1g.11gb,yolo-inference-755b67b9bb-cmfkj,default,yolo,580.178.04,GPU-d59cb1c4-ad97-d91a-6731-e7b5f38951a6
2026-10-10 06:41:49.614205,95.239,13,1g.11gb,yolo-inference-755b67b9bb-7kvtl,default,yolo,580.178.04,GPU-d59cb1c4-ad97-d91a-6731-e7b5f38951a6
2026-10-10 06:41:49.614205,95.187,7,1g.11gb,yolo-inference-755b67b9bb-6w2jk,default,yolo,580.178.04,GPU-d59cb1c4-ad97-d91a-6731-e7b5f38951a6
2026-10-10 06:41:49.614205,95.261,8,1g.11gb,yolo-inference-755b67b9bb-zbflb,default,yolo,580.178.04,GPU-d59cb1c4-ad97-d91a-6731-e7b5f38951a6
2026-10-10 06:41:49.614205,95.168,9,1g.11gb,yolo-inference-755b67b9bb-6z9g8,default,yolo,580.178.04,GPU-d59cb1c4-ad97-d91a-6731-e7b5f38951a6
2026-10-10 06:41:54.614193,94.828,10,1g.11gb,yolo-inference-755b67b9bb-jvw65,default,yolo,580.178.04,GPU-d59cb1c4-ad97-d91a-6731-e7b5f38951a6
2026-10-10 06:41:54.614193,95.168,11,1g.11gb,yolo-inference-755b67b9bb-tpwv7,default,yolo,580.178.04,GPU-d59cb1c4-ad97-d91a-6731-e7b5f38951a6
2026-10-10 06:41:54.614193,94.953,12,1g.11gb,yolo-inference-755b67b9bb-cmfkj,default,yolo,580.178.04,GPU-d59cb1c4-ad97-d91a-6731-e7b5f38951a6
2026-10-10 06:41:54.614193,95.239,13,1g.11gb,yolo-inference-755b67b9bb-7kvtl,default,yolo,580.178.04,GPU-d59cb1c4-ad97-d91a-6731-e7b5f38951a6
2026-10-10 06:41:54.614193,95.187,7,1g.11gb,yolo-inference-755b67b9bb-6w2jk,default,yolo,580.178.04,GPU-d59cb1c4-ad97-d91a-6731-e7b5f38951a6
2026-10-10 06:41:54.614193,95.261,8,1g.11gb,yolo-inference-755b67b9bb-zbflb,default,yolo,580.178.04,GPU-d59cb1c4-ad97-d91a-6731-e7b5f38951a6
2026-10-10 06:41:54.614193,95.168,9,1g.11gb,yolo-inference-755b67b9bb-6z9g8,default,yolo,580.178.04,GPU-d59cb1c4-ad97-d91a-6731-e7b5f38951a6
2026-10-10 06:41:59.614209,94.828,10,1g.11gb,yolo-inference-755b67b9bb-jvw65,default,yolo,580.178.04,GPU-d59cb1c4-ad97-d91a-6731-e7b5f38951a6
2026-10-10 06:41:59.614209,95.168,11,1g.11gb,yolo-inference-755b67b9bb-tpwv7,default,yolo,580.178.04,GPU-d59cb1c4-ad97-d91a-6731-e7b5f38951a6
2026-10-10 06:41:59.614209,94.953,12,1g.11gb,yolo-inference-755b67b9bb-cmfkj,default,yolo,580.178.04,GPU-d59cb1c4-ad97-d91a-6731-e7b5f38951a6
2026-10-10 06:41:59.614209,95.239,13,1g.11gb,yolo-inference-755b67b9bb-7kvtl,default,yolo,580.178.04,GPU-d59cb1c4-ad97-d91a-6731-e7b5f38951a6
2026-10-10 06:41:59.614209,95.187,7,1g.11gb,yolo-inference-755b67b9bb-6w2jk,default,yolo,580.178.04,GPU-d59cb1c4-ad97-d91a-6731-e7b5f38951a6
2026-10-10 06:41:59.614209,95.261,8,1g.11gb,yolo-inference-755b67b9bb-zbflb,default,yolo,580.178.04,GPU-d59cb1c4-ad97-d91a-6731-e7b5f38951a6
2026-10-10 06:41:59.614209,95.168,9,1g.11gb,yolo-inference-755b67b9bb-6z9g8,default,yolo,580.178.04,GPU-d59cb1c4-ad97-d91a-6731-e7b5f38951a6
2026-10-10 06:42:04.610332,94.828,10,1g.11gb,yolo-inference-755b67b9bb-jvw65,default,yolo,580.178.04,GPU-d59cb1c4-ad97-d91a-6731-e7b5f38951a6
2026-10-10 06:42:04.610332,95.168,11,1g.11gb,yolo-inference-755b67b9bb-tpwv7,default,yolo,580.178.04,GPU-d59cb1c4-ad97-d91a-6731-e7b5f38951a6
2026-10-10 06:42:04.610332,94.953,12,1g.11gb,yolo-inference-755b67b9bb-cmfkj,default,yolo,580.178.04,GPU-d59cb1c4-ad97-d91a-6731-e7b5f38951a6
2026-10-10 06:42:04.610332,95.239,13,1g.11gb,yolo-inference-755b67b9bb-7kvtl,default,yolo,580.178.04,GPU-d59cb1c4-ad97-d91a-6731-e7b5f38951a6
2026-10-10 06:42:04.610332,95.187,7,1g.11gb,yolo-inference-755b67b9bb-6w2jk,default,yolo,580.178.04,GPU-d59cb1c4-ad97-d91a-6731-e7b5f38951a6
2026-10-10 06:42:04.610332,95.261,8,1g.11gb,yolo-inference-755b67b9bb-zbflb,default,yolo,580.178.04,GPU-d59cb1c4-ad97-d91a-6731-e7b5f38951a6
2026-10-10 06:42:04.610332,95.168,9,1g.11gb,yolo-inference-755b67b9bb-6z9g8,default,yolo,580.178.04,GPU-d59cb1c4-ad97-d91a-6731-e7b5f38951a6
2026-10-10 06:42:09.614218,94.828,10,1g.11gb,yolo-inference-755b67b9bb-jvw65,default,yolo,580.178.04,GPU-d59cb1c4-ad97-d91a-6731-e7b5f38951a6
2026-10-10 06:42:09.614218,95.168,11,1g.11gb,yolo-inference-755b67b9bb-tpwv7,default,yolo,580.178.04,GPU-d59cb1c4-ad97-d91a-6731-e7b5f38951a6
2026-10-10 06:42:09.614218,94.953,12,1g.11gb,yolo-inference-755b67b9bb-cmfkj,default,yolo,580.178.04,GPU-d59cb1c4-ad97-d91a-6731-e7b5f38951a6
2026-10-10 06:42:09.614218,95.239,13,1g.11gb,yolo-inference-755b67b9bb-7kvtl,default,yolo,580.178.04,GPU-d59cb1c4-ad97-d91a-6731-e7b5f38951a6
2026-10-10 06:42:09.614218,95.187,7,1g.11gb,yolo-inference-755b67b9bb-6w2jk,default,yolo,580.178.04,GPU-d59cb1c4-ad97-d91a-6731-e7b5f38951a6
2026-10-10 06:42:09.614218,95.261,8,1g.11gb,yolo-inference-755b67b9bb-zbflb,default,yolo,580.178.04,GPU-d59cb1c4-ad97-d91a-6731-e7b5f38951a6
2026-10-10 06:42:09.614218,95.168,9,1g.11gb,yolo-inference-755b67b9bb-6z9g8,default,yolo,580.178.04,GPU-d59cb1c4-ad97-d91a-6731-e7b5f38951a6
2026-10-10 06:42:14.614209,94.813,10,1g.11gb,yolo-inference-755b67b9bb-jvw65,default,yolo,580.178.04,GPU-d59cb1c4-ad97-d91a-6731-e7b5f38951a6
2026-10-10 06:42:14.614209,95.128,11,1g.11gb,yolo-inference-755b67b9bb-tpwv7,default,yolo,580.178.04,GPU-d59cb1c4-ad97-d91a-6731-e7b5f38951a6
2026-10-10 06:42:14.614209,95.014,12,1g.11gb,yolo-inference-755b67b9bb-cmfkj,default,yolo,580.178.04,GPU-d59cb1c4-ad97-d91a-6731-e7b5f38951a6
2026-10-10 06:42:14.614209,95.414,13,1g.11gb,yolo-inference-755b67b9bb-7kvtl,default,yolo,580.178.04,GPU-d59cb1c4-ad97-d91a-6731-e7b5f38951a6
2026-10-10 06:42:14.614209,94.873,7,1g.11gb,yolo-inference-755b67b9bb-6w2jk,default,yolo,580.178.04,GPU-d59cb1c4-ad97-d91a-6731-e7b5f38951a6
2026-10-10 06:42:14.614209,95.014,8,1g.11gb,yolo-inference-755b67b9bb-zbflb,default,yolo,580.178.04,GPU-d59cb1c4-ad97-d91a-6731-e7b5f38951a6
2026-10-10 06:42:14.614209,95.128,9,1g.11gb,yolo-inference-755b67b9bb-6z9g8,default,yolo,580.178.04,GPU-d59cb1c4-ad97-d91a-6731-e7b5f38951a6
2026-10-10 06:42:19.614194,94.813,10,1g.11gb,yolo-inference-755b67b9bb-jvw65,default,yolo,580.178.04,GPU-d59cb1c4-ad97-d91a-6731-e7b5f38951a6
2026-10-10 06:42:19.614194,95.128,11,1g.11gb,yolo-inference-755b67b9bb-tpwv7,default,yolo,580.178.04,GPU-d59cb1c4-ad97-d91a-6731-e7b5f38951a6
2026-10-10 06:42:19.614194,95.014,12,1g.11gb,yolo-inference-755b67b9bb-cmfkj,default,yolo,580.178.04,GPU-d59cb1c4-ad97-d91a-6731-e7b5f38951a6
2026-10-10 06:42:19.614194,95.414,13,1g.11gb,yolo-inference-755b67b9bb-7kvtl,default,yolo,580.178.04,GPU-d59cb1c4-ad97-d91a-6731-e7b5f38951a6
2026-10-10 06:42:19.614194,94.873,7,1g.11gb,yolo-inference-755b67b9bb-6w2jk,default,yolo,580.178.04,GPU-d59cb1c4-ad97-d91a-6731-e7b5f38951a6
2026-10-10 06:42:19.614194,95.014,8,1g.11gb,yolo-inference-755b67b9bb-zbflb,default,yolo,580.178.04,GPU-d59cb1c4-ad97-d91a-6731-e7b5f38951a6
2026-10-10 06:42:19.614194,95.128,9,1g.11gb,yolo-inference-755b67b9bb-6z9g8,default,yolo,580.178.04,GPU-d59cb1c4-ad97-d91a-6731-e7b5f38951a6
2026-10-10 06:42:24.614200,94.813,10,1g.11gb,yolo-inference-755b67b9bb-jvw65,default,yolo,580.178.04,GPU-d59cb1c4-ad97-d91a-6731-e7b5f38951a6
2026-10-10 06:42:24.614200,95.128,11,1g.11gb,yolo-inference-755b67b9bb-tpwv7,default,yolo,580.178.04,GPU-d59cb1c4-ad97-d91a-6731-e7b5f38951a6
2026-10-10 06:42:24.614200,95.014,12,1g.11gb,yolo-inference-755b67b9bb-cmfkj,default,yolo,580.178.04,GPU-d59cb1c4-ad97-d91a-6731-e7b5f38951a6
2026-10-10 06:42:24.614200,95.414,13,1g.11gb,yolo-inference-755b67b9bb-7kvtl,default,yolo,580.178.04,GPU-d59cb1c4-ad97-d91a-6731-e7b5f38951a6
2026-10-10 06:42:24.614200,94.873,7,1g.11gb,yolo-inference-755b67b9bb-6w2jk,default,yolo,580.178.04,GPU-d59cb1c4-ad97-d91a-6731-e7b5f38951a6
2026-10-10 06:42:24.614200,95.014,8,1g.11gb,yolo-inference-755b67b9bb-zbflb,default,yolo,580.178.04,GPU-d59cb1c4-ad97-d91a-6731-e7b5f38951a6
2026-10-10 06:42:24.614200,95.128,9,1g.11gb,yolo-inference-755b67b9bb-6z9g8,default,yolo,580.178.04,GPU-d59cb1c4-ad97-d91a-6731-e7b5f38951a6
2026-10-10 06:42:29.614190,94.813,10,1g.11gb,yolo-inference-755b67b9bb-jvw65,default,yolo,580.178.04,GPU-d59cb1c4-ad97-d91a-6731-e7b5f38951a6
2026-10-10 06:42:29.614190,95.128,11,1g.11gb,yolo-inference-755b67b9bb-tpwv7,default,yolo,580.178.04,GPU-d59cb1c4-ad97-d91a-6731-e7b5f38951a6
2026-10-10 06:42:29.614190,95.014,12,1g.11gb,yolo-inference-755b67b9bb-cmfkj,default,yolo,580.178.04,GPU-d59cb1c4-ad97-d91a-6731-e7b5f38951a6
2026-10-10 06:42:29.614190,95.414,13,1g.11gb,yolo-inference-755b67b9bb-7kvtl,default,yolo,580.178.04,GPU-d59cb1c4-ad97-d91a-6731-e7b5f38951a6
2026-10-10 06:42:29.614190,94.873,7,1g.11gb,yolo-inference-755b67b9bb-6w2jk,default,yolo,580.178.04,GPU-d59cb1c4-ad97-d91a-6731-e7b5f38951a6
2026-10-10 06:42:29.614190,95.014,8,1g.11gb,yolo-inference-755b67b9bb-zbflb,default,yolo,580.178.04,GPU-d59cb1c4-ad97-d91a-6731-e7b5f38951a6
2026-10-10 06:42:29.614190,95.128,9,1g.11gb,yolo-inference-755b67b9bb-6z9g8,default,yolo,580.178.04,GPU-d59cb1c4-ad97-d91a-6731-e7b5f38951a6
2026-10-10 06:42:34.611021,94.813,10,1g.11gb,yolo-inference-755b67b9bb-jvw65,default,yolo,580.178.04,GPU-d59cb1c4-ad97-d91a-6731-e7b5f38951a6
2026-10-10 06:42:34.611021,95.128,11,1g.11gb,yolo-inference-755b67b9bb-tpwv7,default,yolo,580.178.04,GPU-d59cb1c4-ad97-d91a-6731-e7b5f38951a6
2026-10-10 06:42:34.611021,95.014,12,1g.11gb,yolo-inference-755b67b9bb-cmfkj,default,yolo,580.178.04,GPU-d59cb1c4-ad97-d91a-6731-e7b5f38951a6
2026-10-10 06:42:34.611021,95.414,13,1g.11gb,yolo-inference-755b67b9bb-7kvtl,default,yolo,580.178.04,GPU-d59cb1c4-ad97-d91a-6731-e7b5f38951a6
2026-10-10 06:42:34.611021,94.873,7,1g.11gb,yolo-inference-755b67b9bb-6w2jk,default,yolo,580.178.04,GPU-d59cb1c4-ad97-d91a-6731-e7b5f38951a6
2026-10-10 06:42:34.611021,95.014,8,1g.11gb,yolo-inference-755b67b9bb-zbflb,default,yolo,580.178.04,GPU-d59cb1c4-ad97-d91a-6731-e7b5f38951a6
2026-10-10 06:42:34.611021,95.128,9,1g.11gb,yolo-inference-755b67b9bb-6z9g8,default,yolo,580.178.04,GPU-d59cb1c4-ad97-d91a-6731-e7b5f38951a6
2026-10-10 06:42:39.609699,94.813,10,1g.11gb,yolo-inference-755b67b9bb-jvw65,default,yolo,580.178.04,GPU-d59cb1c4-ad97-d91a-6731-e7b5f38951a6
2026-10-10 06:42:39.609699,95.128,11,1g.11gb,yolo-inference-755b67b9bb-tpwv7,default,yolo,580.178.04,GPU-d59cb1c4-ad97-d91a-6731-e7b5f38951a6
2026-10-10 06:42:39.609699,95.014,12,1g.11gb,yolo-inference-755b67b9bb-cmfkj,default,yolo,580.178.04,GPU-d59cb1c4-ad97-d91a-6731-e7b5f38951a6
2026-10-10 06:42:39.609699,95.414,13,1g.11gb,yolo-inference-755b67b9bb-7kvtl,default,yolo,580.178.04,GPU-d59cb1c4-ad97-d91a-6731-e7b5f38951a6
2026-10-10 06:42:39.609699,94.873,7,1g.11gb,yolo-inference-755b67b9bb-6w2jk,default,yolo,580.178.04,GPU-d59cb1c4-ad97-d91a-6731-e7b5f38951a6
2026-10-10 06:42:39.609699,95.014,8,1g.11gb,yolo-inference-755b67b9bb-zbflb,default,yolo,580.178.04,GPU-d59cb1c4-ad97-d91a-6731-e7b5f38951a6
2026-10-10 06:42:39.609699,95.128,9,1g.11gb,yolo-inference-755b67b9bb-6z9g8,default,yolo,580.178.04,GPU-d59cb1c4-ad97-d91a-6731-e7b5f38951a6
2026-10-10 06:42:44.613653,95.042,10,1g.11gb,yolo-inference-755b67b9bb-jvw65,default,yolo,580.178.04,GPU-d59cb1c4-ad97-d91a-6731-e7b5f38951a6
2026-10-10 06:42:44.613653,95.177,11,1g.11gb,yolo-inference-755b67b9bb-tpwv7,default,yolo,580.178.04,GPU-d59cb1c4-ad97-d91a-6731-e7b5f38951a6
2026-10-10 06:42:44.613653,94.953,12,1g.11gb,yolo-inference-755b67b9bb-cmfkj,default,yolo,580.178.04,GPU-d59cb1c4-ad97-d91a-6731-e7b5f38951a6
2026-10-10 06:42:44.613653,95.27,13,1g.11gb,yolo-inference-755b67b9bb-7kvtl,default,yolo,580.178.04,GPU-d59cb1c4-ad97-d91a-6731-e7b5f38951a6
2026-10-10 06:42:44.613653,95.203,7,1g.11gb,yolo-inference-755b67b9bb-6w2jk,default,yolo,580.178.04,GPU-d59cb1c4-ad97-d91a-6731-e7b5f38951a6
2026-10-10 06:42:44.613653,94.953,8,1g.11gb,yolo-inference-755b67b9bb-zbflb,default,yolo,580.178.04,GPU-d59cb1c4-ad97-d91a-6731-e7b5f38951a6
2026-10-10 06:42:44.613653,95.177,9,1g.11gb,yolo-inference-755b67b9bb-6z9g8,default,yolo,580.178.04,GPU-d59cb1c4-ad97-d91a-6731-e7b5f38951a6
2026-10-10 06:42:49.614198,95.042,10,1g.11gb,yolo-inference-755b67b9bb-jvw65,default,yolo,580.178.04,GPU-d59cb1c4-ad97-d91a-6731-e7b5f38951a6
2026-10-10 06:42:49.614198,95.177,11,1g.11gb,yolo-inference-755b67b9bb-tpwv7,default,yolo,580.178.04,GPU-d59cb1c4-ad97-d91a-6731-e7b5f38951a6
2026-10-10 06:42:49.614198,94.953,12,1g.11gb,yolo-inference-755b67b9bb-cmfkj,default,yolo,580.178.04,GPU-d59cb1c4-ad97-d91a-6731-e7b5f38951a6
2026-10-10 06:42:49.614198,95.27,13,1g.11gb,yolo-inference-755b67b9bb-7kvtl,default,yolo,580.178.04,GPU-d59cb1c4-ad97-d91a-6731-e7b5f38951a6
2026-10-10 06:42:49.614198,95.203,7,1g.11gb,yolo-inference-755b67b9bb-6w2jk,default,yolo,580.178.04,GPU-d59cb1c4-ad97-d91a-6731-e7b5f38951a6
2026-10-10 06:42:49.614198,94.953,8,1g.11gb,yolo-inference-755b67b9bb-zbflb,default,yolo,580.178.04,GPU-d59cb1c4-ad97-d91a-6731-e7b5f38951a6
2026-10-10 06:42:49.614198,95.177,9,1g.11gb,yolo-inference-755b67b9bb-6z9g8,default,yolo,580.178.04,GPU-d59cb1c4-ad97-d91a-6731-e7b5f38951a6
2026-10-10 06:42:54.614231,95.042,10,1g.11gb,yolo-inference-755b67b9bb-jvw65,default,yolo,580.178.04,GPU-d59cb1c4-ad97-d91a-6731-e7b5f38951a6
2026-10-10 06:42:54.614231,95.177,11,1g.11gb,yolo-inference-755b67b9bb-tpwv7,default,yolo,580.178.04,GPU-d59cb1c4-ad97-d91a-6731-e7b5f38951a6
2026-10-10 06:42:54.614231,94.953,12,1g.11gb,yolo-inference-755b67b9bb-cmfkj,default,yolo,580.178.04,GPU-d59cb1c4-ad97-d91a-6731-e7b5f38951a6
2026-10-10 06:42:54.614231,95.27,13,1g.11gb,yolo-inference-755b67b9bb-7kvtl,default,yolo,580.178.04,GPU-d59cb1c4-ad97-d91a-6731-e7b5f38951a6
2026-10-10 06:42:54.614231,95.203,7,1g.11gb,yolo-inference-755b67b9bb-6w2jk,default,yolo,580.178.04,GPU-d59cb1c4-ad97-d91a-6731-e7b5f38951a6
2026-10-10 06:42:54.614231,94.953,8,1g.11gb,yolo-inference-755b67b9bb-zbflb,default,yolo,580.178.04,GPU-d59cb1c4-ad97-d91a-6731-e7b5f38951a6
2026-10-10 06:42:54.614231,95.177,9,1g.11gb,yolo-inference-755b67b9bb-6z9g8,default,yolo,580.178.04,GPU-d59cb1c4-ad97-d91a-6731-e7b5f38951a6
2026-10-10 06:42:59.610158,95.042,10,1g.11gb,yolo-inference-755b67b9bb-jvw65,default,yolo,580.178.04,GPU-d59cb1c4-ad97-d91a-6731-e7b5f38951a6
2026-10-10 06:42:59.610158,95.177,11,1g.11gb,yolo-inference-755b67b9bb-tpwv7,default,yolo,580.178.04,GPU-d59cb1c4-ad97-d91a-6731-e7b5f38951a6
2026-10-10 06:42:59.610158,94.953,12,1g.11gb,yolo-inference-755b67b9bb-cmfkj,default,yolo,580.178.04,GPU-d59cb1c4-ad97-d91a-6731-e7b5f38951a6
2026-10-10 06:42:59.610158,95.27,13,1g.11gb,yolo-inference-755b67b9bb-7kvtl,default,yolo,580.178.04,GPU-d59cb1c4-ad97-d91a-6731-e7b5f38951a6
2026-10-10 06:42:59.610158,95.203,7,1g.11gb,yolo-inference-755b67b9bb-6w2jk,default,yolo,580.178.04,GPU-d59cb1c4-ad97-d91a-6731-e7b5f38951a6
2026-10-10 06:42:59.610158,94.953,8,1g.11gb,yolo-inference-755b67b9bb-zbflb,default,yolo,580.178.04,GPU-d59cb1c4-ad97-d91a-6731-e7b5f38951a6
2026-10-10 06:42:59.610158,95.177,9,1g.11gb,yolo-inference-755b67b9bb-6z9g8,default,yolo,580.178.04,GPU-d59cb1c4-ad97-d91a-6731-e7b5f38951a6
2026-10-10 06:43:04.614221,95.042,10,1g.11gb,yolo-inference-755b67b9bb-jvw65,default,yolo,580.178.04,GPU-d59cb1c4-ad97-d91a-6731-e7b5f38951a6
2026-10-10 06:43:04.614221,95.177,11,1g.11gb,yolo-inference-755b67b9bb-tpwv7,default,yolo,580.178.04,GPU-d59cb1c4-ad97-d91a-6731-e7b5f38951a6
2026-10-10 06:43:04.614221,94.953,12,1g.11gb,yolo-inference-755b67b9bb-cmfkj,default,yolo,580.178.04,GPU-d59cb1c4-ad97-d91a-6731-e7b5f38951a6
2026-10-10 06:43:04.614221,95.27,13,1g.11gb,yolo-inference-755b67b9bb-7kvtl,default,yolo,580.178.04,GPU-d59cb1c4-ad97-d91a-6731-e7b5f38951a6
2026-10-10 06:43:04.614221,95.203,7,1g.11gb,yolo-inference-755b67b9bb-6w2jk,default,yolo,580.178.04,GPU-d59cb1c4-ad97-d91a-6731-e7b5f38951a6
2026-10-10 06:43:04.614221,94.953,8,1g.11gb,yolo-inference-755b67b9bb-zbflb,default,yolo,580.178.04,GPU-d59cb1c4-ad97-d91a-6731-e7b5f38951a6
2026-10-10 06:43:04.614221,95.177,9,1g.11gb,yolo-inference-755b67b9bb-6z9g8,default,yolo,580.178.04,GPU-d59cb1c4-ad97-d91a-6731-e7b5f38951a6
2026-10-10 06:43:09.613594,95.042,10,1g.11gb,yolo-inference-755b67b9bb-jvw65,default,yolo,580.178.04,GPU-d59cb1c4-ad97-d91a-6731-e7b5f38951a6
2026-10-10 06:43:09.613594,95.177,11,1g.11gb,yolo-inference-755b67b9bb-tpwv7,default,yolo,580.178.04,GPU-d59cb1c4-ad97-d91a-6731-e7b5f38951a6
2026-10-10 06:43:09.613594,94.953,12,1g.11gb,yolo-inference-755b67b9bb-cmfkj,default,yolo,580.178.04,GPU-d59cb1c4-ad97-d91a-6731-e7b5f38951a6
2026-10-10 06:43:09.613594,95.27,13,1g.11gb,yolo-inference-755b67b9bb-7kvtl,default,yolo,580.178.04,GPU-d59cb1c4-ad97-d91a-6731-e7b5f38951a6
2026-10-10 06:43:09.613594,95.203,7,1g.11gb,yolo-inference-755b67b9bb-6w2jk,default,yolo,580.178.04,GPU-d59cb1c4-ad97-d91a-6731-e7b5f38951a6
2026-10-10 06:43:09.613594,94.953,8,1g.11gb,yolo-inference-755b67b9bb-zbflb,default,yolo,580.178.04,GPU-d59cb1c4-ad97-d91a-6731-e7b5f38951a6
2026-10-10 06:43:09.613594,95.177,9,1g.11gb,yolo-inference-755b67b9bb-6z9g8,default,yolo,580.178.04,GPU-d59cb1c4-ad97-d91a-6731-e7b5f38951a6
2026-10-10 06:43:14.613987,95.051,10,1g.11gb,yolo-inference-755b67b9bb-jvw65,default,yolo,580.178.04,GPU-d59cb1c4-ad97-d91a-6731-e7b5f38951a6
2026-10-10 06:43:14.613987,94.793,11,1g.11gb,yolo-inference-755b67b9bb-tpwv7,default,yolo,580.178.04,GPU-d59cb1c4-ad97-d91a-6731-e7b5f38951a6
2026-10-10 06:43:14.613987,95.116,12,1g.11gb,yolo-inference-755b67b9bb-cmfkj,default,yolo,580.178.04,GPU-d59cb1c4-ad97-d91a-6731-e7b5f38951a6
2026-10-10 06:43:14.613987,95.149,13,1g.11gb,yolo-inference-755b67b9bb-7kvtl,default,yolo,580.178.04,GPU-d59cb1c4-ad97-d91a-6731-e7b5f38951a6
2026-10-10 06:43:14.613987,95.217,7,1g.11gb,yolo-inference-755b67b9bb-6w2jk,default,yolo,580.178.04,GPU-d59cb1c4-ad97-d91a-6731-e7b5f38951a6
2026-10-10 06:43:14.613987,95.116,8,1g.11gb,yolo-inference-755b67b9bb-zbflb,default,yolo,580.178.04,GPU-d59cb1c4-ad97-d91a-6731-e7b5f38951a6
2026-10-10 06:43:14.613987,94.793,9,1g.11gb,yolo-inference-755b67b9bb-6z9g8,default,yolo,580.178.04,GPU-d59cb1c4-ad97-d91a-6731-e7b5f38951a6
2026-10-10 06:43:19.613799,95.051,10,1g.11gb,yolo-inference-755b67b9bb-jvw65,default,yolo,580.178.04,GPU-d59cb1c4-ad97-d91a-6731-e7b5f38951a6
2026-10-10 06:43:19.613799,94.793,11,1g.11gb,yolo-inference-755b67b9bb-tpwv7,default,yolo,580.178.04,GPU-d59cb1c4-ad97-d91a-6731-e7b5f38951a6
2026-10-10 06:43:19.613799,95.116,12,1g.11gb,yolo-inference-755b67b9bb-cmfkj,default,yolo,580.178.04,GPU-d59cb1c4-ad97-d91a-6731-e7b5f38951a6
2026-10-10 06:43:19.613799,95.149,13,1g.11gb,yolo-inference-755b67b9bb-7kvtl,default,yolo,580.178.04,GPU-d59cb1c4-ad97-d91a-6731-e7b5f38951a6
2026-10-10 06:43:19.613799,95.217,7,1g.11gb,yolo-inference-755b67b9bb-6w2jk,default,yolo,580.178.04,GPU-d59cb1c4-ad97-d91a-6731-e7b5f38951a6
2026-10-10 06:43:19.613799,95.116,8,1g.11gb,yolo-inference-755b67b9bb-zbflb,default,yolo,580.178.04,GPU-d59cb1c4-ad97-d91a-6731-e7b5f38951a6
2026-10-10 06:43:19.613799,94.793,9,1g.11gb,yolo-inference-755b67b9bb-6z9g8,default,yolo,580.178.04,GPU-d59cb1c4-ad97-d91a-6731-e7b5f38951a6
2026-10-10 06:43:24.613764,95.051,10,1g.11gb,yolo-inference-755b67b9bb-jvw65,default,yolo,580.178.04,GPU-d59cb1c4-ad97-d91a-6731-e7b5f38951a6
2026-10-10 06:43:24.613764,94.793,11,1g.11gb,yolo-inference-755b67b9bb-tpwv7,default,yolo,580.178.04,GPU-d59cb1c4-ad97-d91a-6731-e7b5f38951a6
2026-10-10 06:43:24.613764,95.116,12,1g.11gb,yolo-inference-755b67b9bb-cmfkj,default,yolo,580.178.04,GPU-d59cb1c4-ad97-d91a-6731-e7b5f38951a6
2026-10-10 06:43:24.613764,95.149,13,1g.11gb,yolo-inference-755b67b9bb-7kvtl,default,yolo,580.178.04,GPU-d59cb1c4-ad97-d91a-6731-e7b5f38951a6
2026-10-10 06:43:24.613764,95.217,7,1g.11gb,yolo-inference-755b67b9bb-6w2jk,default,yolo,580.178.04,GPU-d59cb1c4-ad97-d91a-6731-e7b5f38951a6
2026-10-10 06:43:24.613764,95.116,8,1g.11gb,yolo-inference-755b67b9bb-zbflb,default,yolo,580.178.04,GPU-d59cb1c4-ad97-d91a-6731-e7b5f38951a6
2026-10-10 06:43:24.613764,94.793,9,1g.11gb,yolo-inference-755b67b9bb-6z9g8,default,yolo,580.178.04,GPU-d59cb1c4-ad97-d91a-6731-e7b5f38951a6
2026-10-10 06:43:29.612732,95.051,10,1g.11gb,yolo-inference-755b67b9bb-jvw65,default,yolo,580.178.04,GPU-d59cb1c4-ad97-d91a-6731-e7b5f38951a6
2026-10-10 06:43:29.612732,94.793,11,1g.11gb,yolo-inference-755b67b9bb-tpwv7,default,yolo,580.178.04,GPU-d59cb1c4-ad97-d91a-6731-e7b5f38951a6
2026-10-10 06:43:29.612732,95.116,12,1g.11gb,yolo-inference-755b67b9bb-cmfkj,default,yolo,580.178.04,GPU-d59cb1c4-ad97-d91a-6731-e7b5f38951a6
2026-10-10 06:43:29.612732,95.149,13,1g.11gb,yolo-inference-755b67b9bb-7kvtl,default,yolo,580.178.04,GPU-d59cb1c4-ad97-d91a-6731-e7b5f38951a6
2026-10-10 06:43:29.612732,95.217,7,1g.11gb,yolo-inference-755b67b9bb-6w2jk,default,yolo,580.178.04,GPU-d59cb1c4-ad97-d91a-6731-e7b5f38951a6
2026-10-10 06:43:29.612732,95.116,8,1g.11gb,yolo-inference-755b67b9bb-zbflb,default,yolo,580.178.04,GPU-d59cb1c4-ad97-d91a-6731-e7b5f38951a6
2026-10-10 06:43:29.612732,94.793,9,1g.11gb,yolo-inference-755b67b9bb-6z9g8,default,yolo,580.178.04,GPU-d59cb1c4-ad97-d91a-6731-e7b5f38951a6
2026-10-10 06:43:34.610021,95.051,10,1g.11gb,yolo-inference-755b67b9bb-jvw65,default,yolo,580.178.04,GPU-d59cb1c4-ad97-d91a-6731-e7b5f38951a6
2026-10-10 06:43:34.610021,94.793,11,1g.11gb,yolo-inference-755b67b9bb-tpwv7,default,yolo,580.178.04,GPU-d59cb1c4-ad97-d91a-6731-e7b5f38951a6
2026-10-10 06:43:34.610021,95.116,12,1g.11gb,yolo-inference-755b67b9bb-cmfkj,default,yolo,580.178.04,GPU-d59cb1c4-ad97-d91a-6731-e7b5f38951a6
2026-10-10 06:43:34.610021,95.149,13,1g.11gb,yolo-inference-755b67b9bb-7kvtl,default,yolo,580.178.04,GPU-d59cb1c4-ad97-d91a-6731-e7b5f38951a6
2026-10-10 06:43:34.610021,95.217,7,1g.11gb,yolo-inference-755b67b9bb-6w2jk,default,yolo,580.178.04,GPU-d59cb1c4-ad97-d91a-6731-e7b5f38951a6
2026-10-10 06:43:34.610021,95.116,8,1g.11gb,yolo-inference-755b67b9bb-zbflb,default,yolo,580.178.04,GPU-d59cb1c4-ad97-d91a-6731-e7b5f38951a6
2026-10-10 06:43:34.610021,94.793,9,1g.11gb,yolo-inference-755b67b9bb-6z9g8,default,yolo,580.178.04,GPU-d59cb1c4-ad97-d91a-6731-e7b5f38951a6
2026-10-10 06:43:39.612958,95.051,10,1g.11gb,yolo-inference-755b67b9bb-jvw65,default,yolo,580.178.04,GPU-d59cb1c4-ad97-d91a-6731-e7b5f38951a6
2026-10-10 06:43:39.612958,94.793,11,1g.11gb,yolo-inference-755b67b9bb-tpwv7,default,yolo,580.178.04,GPU-d59cb1c4-ad97-d91a-6731-e7b5f38951a6
2026-10-10 06:43:39.612958,95.116,12,1g.11gb,yolo-inference-755b67b9bb-cmfkj,default,yolo,580.178.04,GPU-d59cb1c4-ad97-d91a-6731-e7b5f38951a6
2026-10-10 06:43:39.612958,95.149,13,1g.11gb,yolo-inference-755b67b9bb-7kvtl,default,yolo,580.178.04,GPU-d59cb1c4-ad97-d91a-6731-e7b5f38951a6
2026-10-10 06:43:39.612958,95.217,7,1g.11gb,yolo-inference-755b67b9bb-6w2jk,default,yolo,580.178.04,GPU-d59cb1c4-ad97-d91a-6731-e7b5f38951a6
2026-10-10 06:43:39.612958,95.116,8,1g.11gb,yolo-inference-755b67b9bb-zbflb,default,yolo,580.178.04,GPU-d59cb1c4-ad97-d91a-6731-e7b5f38951a6
2026-10-10 06:43:39.612958,94.793,9,1g.11gb,yolo-inference-755b67b9bb-6z9g8,default,yolo,580.178.04,GPU-d59cb1c4-ad97-d91a-6731-e7b5f38951a6
2026-10-10 06:43:44.610237,95.2,10,1g.11gb,yolo-inference-755b67b9bb-jvw65,default,yolo,580.178.04,GPU-d59cb1c4-ad97-d91a-6731-e7b5f38951a6
2026-10-10 06:43:44.610237,95.074,11,1g.11gb,yolo-inference-755b67b9bb-tpwv7,default,yolo,580.178.04,GPU-d59cb1c4-ad97-d91a-6731-e7b5f38951a6
2026-10-10 06:43:44.610237,95.253,12,1g.11gb,yolo-inference-755b67b9bb-cmfkj,default,yolo,580.178.04,GPU-d59cb1c4-ad97-d91a-6731-e7b5f38951a6
2026-10-10 06:43:44.610237,95.318,13,1g.11gb,yolo-inference-755b67b9bb-7kvtl,default,yolo,580.178.04,GPU-d59cb1c4-ad97-d91a-6731-e7b5f38951a6
2026-10-10 06:43:44.610237,95.163,7,1g.11gb,yolo-inference-755b67b9bb-6w2jk,default,yolo,580.178.04,GPU-d59cb1c4-ad97-d91a-6731-e7b5f38951a6
2026-10-10 06:43:44.610237,95.253,8,1g.11gb,yolo-inference-755b67b9bb-zbflb,default,yolo,580.178.04,GPU-d59cb1c4-ad97-d91a-6731-e7b5f38951a6
2026-10-10 06:43:44.610237,95.308,9,1g.11gb,yolo-inference-755b67b9bb-6z9g8,default,yolo,580.178.04,GPU-d59cb1c4-ad97-d91a-6731-e7b5f38951a6
2026-10-10 06:43:49.614181,95.2,10,1g.11gb,yolo-inference-755b67b9bb-jvw65,default,yolo,580.178.04,GPU-d59cb1c4-ad97-d91a-6731-e7b5f38951a6
2026-10-10 06:43:49.614181,95.074,11,1g.11gb,yolo-inference-755b67b9bb-tpwv7,default,yolo,580.178.04,GPU-d59cb1c4-ad97-d91a-6731-e7b5f38951a6
2026-10-10 06:43:49.614181,95.253,12,1g.11gb,yolo-inference-755b67b9bb-cmfkj,default,yolo,580.178.04,GPU-d59cb1c4-ad97-d91a-6731-e7b5f38951a6
2026-10-10 06:43:49.614181,95.318,13,1g.11gb,yolo-inference-755b67b9bb-7kvtl,default,yolo,580.178.04,GPU-d59cb1c4-ad97-d91a-6731-e7b5f38951a6
2026-10-10 06:43:49.614181,95.163,7,1g.11gb,yolo-inference-755b67b9bb-6w2jk,default,yolo,580.178.04,GPU-d59cb1c4-ad97-d91a-6731-e7b5f38951a6
2026-10-10 06:43:49.614181,95.253,8,1g.11gb,yolo-inference-755b67b9bb-zbflb,default,yolo,580.178.04,GPU-d59cb1c4-ad97-d91a-6731-e7b5f38951a6
2026-10-10 06:43:49.614181,95.308,9,1g.11gb,yolo-inference-755b67b9bb-6z9g8,default,yolo,580.178.04,GPU-d59cb1c4-ad97-d91a-6731-e7b5f38951a6
2026-10-10 06:43:54.611112,95.2,10,1g.11gb,yolo-inference-755b67b9bb-jvw65,default,yolo,580.178.04,GPU-d59cb1c4-ad97-d91a-6731-e7b5f38951a6
2026-10-10 06:43:54.611112,95.074,11,1g.11gb,yolo-inference-755b67b9bb-tpwv7,default,yolo,580.178.04,GPU-d59cb1c4-ad97-d91a-6731-e7b5f38951a6
2026-10-10 06:43:54.611112,95.253,12,1g.11gb,yolo-inference-755b67b9bb-cmfkj,default,yolo,580.178.04,GPU-d59cb1c4-ad97-d91a-6731-e7b5f38951a6
2026-10-10 06:43:54.611112,95.318,13,1g.11gb,yolo-inference-755b67b9bb-7kvtl,default,yolo,580.178.04,GPU-d59cb1c4-ad97-d91a-6731-e7b5f38951a6
2026-10-10 06:43:54.611112,95.163,7,1g.11gb,yolo-inference-755b67b9bb-6w2jk,default,yolo,580.178.04,GPU-d59cb1c4-ad97-d91a-6731-e7b5f38951a6
2026-10-10 06:43:54.611112,95.253,8,1g.11gb,yolo-inference-755b67b9bb-zbflb,default,yolo,580.178.04,GPU-d59cb1c4-ad97-d91a-6731-e7b5f38951a6
2026-10-10 06:43:54.611112,95.308,9,1g.11gb,yolo-inference-755b67b9bb-6z9g8,default,yolo,580.178.04,GPU-d59cb1c4-ad97-d91a-6731-e7b5f38951a6
2026-10-10 06:43:59.614225,95.2,10,1g.11gb,yolo-inference-755b67b9bb-jvw65,default,yolo,580.178.04,GPU-d59cb1c4-ad97-d91a-6731-e7b5f38951a6
2026-10-10 06:43:59.614225,95.074,11,1g.11gb,yolo-inference-755b67b9bb-tpwv7,default,yolo,580.178.04,GPU-d59cb1c4-ad97-d91a-6731-e7b5f38951a6
2026-10-10 06:43:59.614225,95.253,12,1g.11gb,yolo-inference-755b67b9bb-cmfkj,default,yolo,580.178.04,GPU-d59cb1c4-ad97-d91a-6731-e7b5f38951a6
2026-10-10 06:43:59.614225,95.318,13,1g.11gb,yolo-inference-755b67b9bb-7kvtl,default,yolo,580.178.04,GPU-d59cb1c4-ad97-d91a-6731-e7b5f38951a6
2026-10-10 06:43:59.614225,95.163,7,1g.11gb,yolo-inference-755b67b9bb-6w2jk,default,yolo,580.178.04,GPU-d59cb1c4-ad97-d91a-6731-e7b5f38951a6
2026-10-10 06:43:59.614225,95.253,8,1g.11gb,yolo-inference-755b67b9bb-zbflb,default,yolo,580.178.04,GPU-d59cb1c4-ad97-d91a-6731-e7b5f38951a6
2026-10-10 06:43:59.614225,95.308,9,1g.11gb,yolo-inference-755b67b9bb-6z9g8,default,yolo,580.178.04,GPU-d59cb1c4-ad97-d91a-6731-e7b5f38951a6
2026-10-10 06:44:04.614236,95.2,10,1g.11gb,yolo-inference-755b67b9bb-jvw65,default,yolo,580.178.04,GPU-d59cb1c4-ad97-d91a-6731-e7b5f38951a6
2026-10-10 06:44:04.614236,95.074,11,1g.11gb,yolo-inference-755b67b9bb-tpwv7,default,yolo,580.178.04,GPU-d59cb1c4-ad97-d91a-6731-e7b5f38951a6
2026-10-10 06:44:04.614236,95.253,12,1g.11gb,yolo-inference-755b67b9bb-cmfkj,default,yolo,580.178.04,GPU-d59cb1c4-ad97-d91a-6731-e7b5f38951a6
2026-10-10 06:44:04.614236,95.318,13,1g.11gb,yolo-inference-755b67b9bb-7kvtl,default,yolo,580.178.04,GPU-d59cb1c4-ad97-d91a-6731-e7b5f38951a6
2026-10-10 06:44:04.614236,95.163,7,1g.11gb,yolo-inference-755b67b9bb-6w2jk,default,yolo,580.178.04,GPU-d59cb1c4-ad97-d91a-6731-e7b5f38951a6
2026-10-10 06:44:04.614236,95.253,8,1g.11gb,yolo-inference-755b67b9bb-zbflb,default,yolo,580.178.04,GPU-d59cb1c4-ad97-d91a-6731-e7b5f38951a6
2026-10-10 06:44:04.614236,95.308,9,1g.11gb,yolo-inference-755b67b9bb-6z9g8,default,yolo,580.178.04,GPU-d59cb1c4-ad97-d91a-6731-e7b5f38951a6
2026-10-10 06:44:09.609736,95.2,10,1g.11gb,yolo-inference-755b67b9bb-jvw65,default,yolo,580.178.04,GPU-d59cb1c4-ad97-d91a-6731-e7b5f38951a6
2026-10-10 06:44:09.609736,95.074,11,1g.11gb,yolo-inference-755b67b9bb-tpwv7,default,yolo,580.178.04,GPU-d59cb1c4-ad97-d91a-6731-e7b5f38951a6
2026-10-10 06:44:09.609736,95.253,12,1g.11gb,yolo-inference-755b67b9bb-cmfkj,default,yolo,580.178.04,GPU-d59cb1c4-ad97-d91a-6731-e7b5f38951a6
2026-10-10 06:44:09.609736,95.318,13,1g.11gb,yolo-inference-755b67b9bb-7kvtl,default,yolo,580.178.04,GPU-d59cb1c4-ad97-d91a-6731-e7b5f38951a6
2026-10-10 06:44:09.609736,95.163,7,1g.11gb,yolo-inference-755b67b9bb-6w2jk,default,yolo,580.178.04,GPU-d59cb1c4-ad97-d91a-6731-e7b5f38951a6
2026-10-10 06:44:09.609736,95.253,8,1g.11gb,yolo-inference-755b67b9bb-zbflb,default,yolo,580.178.04,GPU-d59cb1c4-ad97-d91a-6731-e7b5f38951a6
2026-10-10 06:44:09.609736,95.308,9,1g.11gb,yolo-inference-755b67b9bb-6z9g8,default,yolo,580.178.04,GPU-d59cb1c4-ad97-d91a-6731-e7b5f38951a6
2026-10-10 06:44:14.610011,95.161,10,1g.11gb,yolo-inference-755b67b9bb-jvw65,default,yolo,580.178.04,GPU-d59cb1c4-ad97-d91a-6731-e7b5f38951a6
2026-10-10 06:44:14.610011,95.165,11,1g.11gb,yolo-inference-755b67b9bb-tpwv7,default,yolo,580.178.04,GPU-d59cb1c4-ad97-d91a-6731-e7b5f38951a6
2026-10-10 06:44:14.610011,95.259,12,1g.11gb,yolo-inference-755b67b9bb-cmfkj,default,yolo,580.178.04,GPU-d59cb1c4-ad97-d91a-6731-e7b5f38951a6
2026-10-10 06:44:14.610011,95.2,13,1g.11gb,yolo-inference-755b67b9bb-7kvtl,default,yolo,580.178.04,GPU-d59cb1c4-ad97-d91a-6731-e7b5f38951a6
2026-10-10 06:44:14.610011,95.025,7,1g.11gb,yolo-inference-755b67b9bb-6w2jk,default,yolo,580.178.04,GPU-d59cb1c4-ad97-d91a-6731-e7b5f38951a6
2026-10-10 06:44:14.610011,95.259,8,1g.11gb,yolo-inference-755b67b9bb-zbflb,default,yolo,580.178.04,GPU-d59cb1c4-ad97-d91a-6731-e7b5f38951a6
2026-10-10 06:44:14.610011,95.267,9,1g.11gb,yolo-inference-755b67b9bb-6z9g8,default,yolo,580.178.04,GPU-d59cb1c4-ad97-d91a-6731-e7b5f38951a6
2026-10-10 06:44:19.610547,95.161,10,1g.11gb,yolo-inference-755b67b9bb-jvw65,default,yolo,580.178.04,GPU-d59cb1c4-ad97-d91a-6731-e7b5f38951a6
2026-10-10 06:44:19.610547,95.165,11,1g.11gb,yolo-inference-755b67b9bb-tpwv7,default,yolo,580.178.04,GPU-d59cb1c4-ad97-d91a-6731-e7b5f38951a6
2026-10-10 06:44:19.610547,95.259,12,1g.11gb,yolo-inference-755b67b9bb-cmfkj,default,yolo,580.178.04,GPU-d59cb1c4-ad97-d91a-6731-e7b5f38951a6
2026-10-10 06:44:19.610547,95.2,13,1g.11gb,yolo-inference-755b67b9bb-7kvtl,default,yolo,580.178.04,GPU-d59cb1c4-ad97-d91a-6731-e7b5f38951a6
2026-10-10 06:44:19.610547,95.025,7,1g.11gb,yolo-inference-755b67b9bb-6w2jk,default,yolo,580.178.04,GPU-d59cb1c4-ad97-d91a-6731-e7b5f38951a6
2026-10-10 06:44:19.610547,95.259,8,1g.11gb,yolo-inference-755b67b9bb-zbflb,default,yolo,580.178.04,GPU-d59cb1c4-ad97-d91a-6731-e7b5f38951a6
2026-10-10 06:44:19.610547,95.267,9,1g.11gb,yolo-inference-755b67b9bb-6z9g8,default,yolo,580.178.04,GPU-d59cb1c4-ad97-d91a-6731-e7b5f38951a6
2026-10-10 06:44:24.613595,95.161,10,1g.11gb,yolo-inference-755b67b9bb-jvw65,default,yolo,580.178.04,GPU-d59cb1c4-ad97-d91a-6731-e7b5f38951a6
2026-10-10 06:44:24.613595,95.165,11,1g.11gb,yolo-inference-755b67b9bb-tpwv7,default,yolo,580.178.04,GPU-d59cb1c4-ad97-d91a-6731-e7b5f38951a6
2026-10-10 06:44:24.613595,95.259,12,1g.11gb,yolo-inference-755b67b9bb-cmfkj,default,yolo,580.178.04,GPU-d59cb1c4-ad97-d91a-6731-e7b5f38951a6
2026-10-10 06:44:24.613595,95.2,13,1g.11gb,yolo-inference-755b67b9bb-7kvtl,default,yolo,580.178.04,GPU-d59cb1c4-ad97-d91a-6731-e7b5f38951a6
2026-10-10 06:44:24.613595,95.025,7,1g.11gb,yolo-inference-755b67b9bb-6w2jk,default,yolo,580.178.04,GPU-d59cb1c4-ad97-d91a-6731-e7b5f38951a6
2026-10-10 06:44:24.613595,95.259,8,1g.11gb,yolo-inference-755b67b9bb-zbflb,default,yolo,580.178.04,GPU-d59cb1c4-ad97-d91a-6731-e7b5f38951a6
2026-10-10 06:44:24.613595,95.267,9,1g.11gb,yolo-inference-755b67b9bb-6z9g8,default,yolo,580.178.04,GPU-d59cb1c4-ad97-d91a-6731-e7b5f38951a6
2026-10-10 06:44:29.612244,95.161,10,1g.11gb,yolo-inference-755b67b9bb-jvw65,default,yolo,580.178.04,GPU-d59cb1c4-ad97-d91a-6731-e7b5f38951a6
2026-10-10 06:44:29.612244,95.165,11,1g.11gb,yolo-inference-755b67b9bb-tpwv7,default,yolo,580.178.04,GPU-d59cb1c4-ad97-d91a-6731-e7b5f38951a6
2026-10-10 06:44:29.612244,95.259,12,1g.11gb,yolo-inference-755b67b9bb-cmfkj,default,yolo,580.178.04,GPU-d59cb1c4-ad97-d91a-6731-e7b5f38951a6
2026-10-10 06:44:29.612244,95.2,13,1g.11gb,yolo-inference-755b67b9bb-7kvtl,default,yolo,580.178.04,GPU-d59cb1c4-ad97-d91a-6731-e7b5f38951a6
2026-10-10 06:44:29.612244,95.025,7,1g.11gb,yolo-inference-755b67b9bb-6w2jk,default,yolo,580.178.04,GPU-d59cb1c4-ad97-d91a-6731-e7b5f38951a6
2026-10-10 06:44:29.612244,95.259,8,1g.11gb,yolo-inference-755b67b9bb-zbflb,default,yolo,580.178.04,GPU-d59cb1c4-ad97-d91a-6731-e7b5f38951a6
2026-10-10 06:44:29.612244,95.267,9,1g.11gb,yolo-inference-755b67b9bb-6z9g8,default,yolo,580.178.04,GPU-d59cb1c4-ad97-d91a-6731-e7b5f38951a6
2026-10-10 06:44:34.614199,95.161,10,1g.11gb,yolo-inference-755b67b9bb-jvw65,default,yolo,580.178.04,GPU-d59cb1c4-ad97-d91a-6731-e7b5f38951a6
2026-10-10 06:44:34.614199,95.165,11,1g.11gb,yolo-inference-755b67b9bb-tpwv7,default,yolo,580.178.04,GPU-d59cb1c4-ad97-d91a-6731-e7b5f38951a6
2026-10-10 06:44:34.614199,95.259,12,1g.11gb,yolo-inference-755b67b9bb-cmfkj,default,yolo,580.178.04,GPU-d59cb1c4-ad97-d91a-6731-e7b5f38951a6
2026-10-10 06:44:34.614199,95.2,13,1g.11gb,yolo-inference-755b67b9bb-7kvtl,default,yolo,580.178.04,GPU-d59cb1c4-ad97-d91a-6731-e7b5f38951a6
2026-10-10 06:44:34.614199,95.025,7,1g.11gb,yolo-inference-755b67b9bb-6w2jk,default,yolo,580.178.04,GPU-d59cb1c4-ad97-d91a-6731-e7b5f38951a6
2026-10-10 06:44:34.614199,95.259,8,1g.11gb,yolo-inference-755b67b9bb-zbflb,default,yolo,580.178.04,GPU-d59cb1c4-ad97-d91a-6731-e7b5f38951a6
2026-10-10 06:44:34.614199,95.267,9,1g.11gb,yolo-inference-755b67b9bb-6z9g8,default,yolo,580.178.04,GPU-d59cb1c4-ad97-d91a-6731-e7b5f38951a6
2026-10-10 06:44:39.609537,95.161,10,1g.11gb,yolo-inference-755b67b9bb-jvw65,default,yolo,580.178.04,GPU-d59cb1c4-ad97-d91a-6731-e7b5f38951a6
2026-10-10 06:44:39.609537,95.165,11,1g.11gb,yolo-inference-755b67b9bb-tpwv7,default,yolo,580.178.04,GPU-d59cb1c4-ad97-d91a-6731-e7b5f38951a6
2026-10-10 06:44:39.609537,95.259,12,1g.11gb,yolo-inference-755b67b9bb-cmfkj,default,yolo,580.178.04,GPU-d59cb1c4-ad97-d91a-6731-e7b5f38951a6
2026-10-10 06:44:39.609537,95.2,13,1g.11gb,yolo-inference-755b67b9bb-7kvtl,default,yolo,580.178.04,GPU-d59cb1c4-ad97-d91a-6731-e7b5f38951a6
2026-10-10 06:44:39.609537,95.025,7,1g.11gb,yolo-inference-755b67b9bb-6w2jk,default,yolo,580.178.04,GPU-d59cb1c4-ad97-d91a-6731-e7b5f38951a6
2026-10-10 06:44:39.609537,95.259,8,1g.11gb,yolo-inference-755b67b9bb-zbflb,default,yolo,580.178.04,GPU-d59cb1c4-ad97-d91a-6731-e7b5f38951a6
2026-10-10 06:44:39.609537,95.267,9,1g.11gb,yolo-inference-755b67b9bb-6z9g8,default,yolo,580.178.04,GPU-d59cb1c4-ad97-d91a-6731-e7b5f38951a6
2026-10-10 06:44:44.613171,95.152,10,1g.11gb,yolo-inference-755b67b9bb-jvw65,default,yolo,580.178.04,GPU-d59cb1c4-ad97-d91a-6731-e7b5f38951a6
2026-10-10 06:44:44.613171,95.153,11,1g.11gb,yolo-inference-755b67b9bb-tpwv7,default,yolo,580.178.04,GPU-d59cb1c4-ad97-d91a-6731-e7b5f38951a6
2026-10-10 06:44:44.613171,95.124,12,1g.11gb,yolo-inference-755b67b9bb-cmfkj,default,yolo,580.178.04,GPU-d59cb1c4-ad97-d91a-6731-e7b5f38951a6
2026-10-10 06:44:44.613171,95.262,13,1g.11gb,yolo-inference-755b67b9bb-7kvtl,default,yolo,580.178.04,GPU-d59cb1c4-ad97-d91a-6731-e7b5f38951a6
2026-10-10 06:44:44.613171,95.144,7,1g.11gb,yolo-inference-755b67b9bb-6w2jk,default,yolo,580.178.04,GPU-d59cb1c4-ad97-d91a-6731-e7b5f38951a6
2026-10-10 06:44:44.613171,95.124,8,1g.11gb,yolo-inference-755b67b9bb-zbflb,default,yolo,580.178.04,GPU-d59cb1c4-ad97-d91a-6731-e7b5f38951a6
2026-10-10 06:44:44.613171,95.252,9,1g.11gb,yolo-inference-755b67b9bb-6z9g8,default,yolo,580.178.04,GPU-d59cb1c4-ad97-d91a-6731-e7b5f38951a6
2026-10-10 06:44:49.609981,95.152,10,1g.11gb,yolo-inference-755b67b9bb-jvw65,default,yolo,580.178.04,GPU-d59cb1c4-ad97-d91a-6731-e7b5f38951a6
2026-10-10 06:44:49.609981,95.153,11,1g.11gb,yolo-inference-755b67b9bb-tpwv7,default,yolo,580.178.04,GPU-d59cb1c4-ad97-d91a-6731-e7b5f38951a6
2026-10-10 06:44:49.609981,95.124,12,1g.11gb,yolo-inference-755b67b9bb-cmfkj,default,yolo,580.178.04,GPU-d59cb1c4-ad97-d91a-6731-e7b5f38951a6
2026-10-10 06:44:49.609981,95.262,13,1g.11gb,yolo-inference-755b67b9bb-7kvtl,default,yolo,580.178.04,GPU-d59cb1c4-ad97-d91a-6731-e7b5f38951a6
2026-10-10 06:44:49.609981,95.144,7,1g.11gb,yolo-inference-755b67b9bb-6w2jk,default,yolo,580.178.04,GPU-d59cb1c4-ad97-d91a-6731-e7b5f38951a6
2026-10-10 06:44:49.609981,95.124,8,1g.11gb,yolo-inference-755b67b9bb-zbflb,default,yolo,580.178.04,GPU-d59cb1c4-ad97-d91a-6731-e7b5f38951a6
2026-10-10 06:44:49.609981,95.252,9,1g.11gb,yolo-inference-755b67b9bb-6z9g8,default,yolo,580.178.04,GPU-d59cb1c4-ad97-d91a-6731-e7b5f38951a6
2026-10-10 06:44:54.612285,95.152,10,1g.11gb,yolo-inference-755b67b9bb-jvw65,default,yolo,580.178.04,GPU-d59cb1c4-ad97-d91a-6731-e7b5f38951a6
2026-10-10 06:44:54.612285,95.153,11,1g.11gb,yolo-inference-755b67b9bb-tpwv7,default,yolo,580.178.04,GPU-d59cb1c4-ad97-d91a-6731-e7b5f38951a6
2026-10-10 06:44:54.612285,95.124,12,1g.11gb,yolo-inference-755b67b9bb-cmfkj,default,yolo,580.178.04,GPU-d59cb1c4-ad97-d91a-6731-e7b5f38951a6
2026-10-10 06:44:54.612285,95.262,13,1g.11gb,yolo-inference-755b67b9bb-7kvtl,default,yolo,580.178.04,GPU-d59cb1c4-ad97-d91a-6731-e7b5f38951a6
2026-10-10 06:44:54.612285,95.144,7,1g.11gb,yolo-inference-755b67b9bb-6w2jk,default,yolo,580.178.04,GPU-d59cb1c4-ad97-d91a-6731-e7b5f38951a6
2026-10-10 06:44:54.612285,95.124,8,1g.11gb,yolo-inference-755b67b9bb-zbflb,default,yolo,580.178.04,GPU-d59cb1c4-ad97-d91a-6731-e7b5f38951a6
2026-10-10 06:44:54.612285,95.252,9,1g.11gb,yolo-inference-755b67b9bb-6z9g8,default,yolo,580.178.04,GPU-d59cb1c4-ad97-d91a-6731-e7b5f38951a6
2026-10-10 06:44:59.614204,95.152,10,1g.11gb,yolo-inference-755b67b9bb-jvw65,default,yolo,580.178.04,GPU-d59cb1c4-ad97-d91a-6731-e7b5f38951a6
2026-10-10 06:44:59.614204,95.153,11,1g.11gb,yolo-inference-755b67b9bb-tpwv7,default,yolo,580.178.04,GPU-d59cb1c4-ad97-d91a-6731-e7b5f38951a6
2026-10-10 06:44:59.614204,95.124,12,1g.11gb,yolo-inference-755b67b9bb-cmfkj,default,yolo,580.178.04,GPU-d59cb1c4-ad97-d91a-6731-e7b5f38951a6
2026-10-10 06:44:59.614204,95.262,13,1g.11gb,yolo-inference-755b67b9bb-7kvtl,default,yolo,580.178.04,GPU-d59cb1c4-ad97-d91a-6731-e7b5f38951a6
2026-10-10 06:44:59.614204,95.144,7,1g.11gb,yolo-inference-755b67b9bb-6w2jk,default,yolo,580.178.04,GPU-d59cb1c4-ad97-d91a-6731-e7b5f38951a6
2026-10-10 06:44:59.614204,95.124,8,1g.11gb,yolo-inference-755b67b9bb-zbflb,default,yolo,580.178.04,GPU-d59cb1c4-ad97-d91a-6731-e7b5f38951a6
2026-10-10 06:44:59.614204,95.252,9,1g.11gb,yolo-inference-755b67b9bb-6z9g8,default,yolo,580.178.04,GPU-d59cb1c4-ad97-d91a-6731-e7b5f38951a6
2026-10-10 06:45:04.612393,95.152,10,1g.11gb,yolo-inference-755b67b9bb-jvw65,default,yolo,580.178.04,GPU-d59cb1c4-ad97-d91a-6731-e7b5f38951a6
2026-10-10 06:45:04.612393,95.153,11,1g.11gb,yolo-inference-755b67b9bb-tpwv7,default,yolo,580.178.04,GPU-d59cb1c4-ad97-d91a-6731-e7b5f38951a6
2026-10-10 06:45:04.612393,95.124,12,1g.11gb,yolo-inference-755b67b9bb-cmfkj,default,yolo,580.178.04,GPU-d59cb1c4-ad97-d91a-6731-e7b5f38951a6
2026-10-10 06:45:04.612393,95.262,13,1g.11gb,yolo-inference-755b67b9bb-7kvtl,default,yolo,580.178.04,GPU-d59cb1c4-ad97-d91a-6731-e7b5f38951a6
2026-10-10 06:45:04.612393,95.144,7,1g.11gb,yolo-inference-755b67b9bb-6w2jk,default,yolo,580.178.04,GPU-d59cb1c4-ad97-d91a-6731-e7b5f38951a6
2026-10-10 06:45:04.612393,95.124,8,1g.11gb,yolo-inference-755b67b9bb-zbflb,default,yolo,580.178.04,GPU-d59cb1c4-ad97-d91a-6731-e7b5f38951a6
2026-10-10 06:45:04.612393,95.252,9,1g.11gb,yolo-inference-755b67b9bb-6z9g8,default,yolo,580.178.04,GPU-d59cb1c4-ad97-d91a-6731-e7b5f38951a6
2026-10-10 06:45:09.614240,95.152,10,1g.11gb,yolo-inference-755b67b9bb-jvw65,default,yolo,580.178.04,GPU-d59cb1c4-ad97-d91a-6731-e7b5f38951a6
2026-10-10 06:45:09.614240,95.153,11,1g.11gb,yolo-inference-755b67b9bb-tpwv7,default,yolo,580.178.04,GPU-d59cb1c4-ad97-d91a-6731-e7b5f38951a6
2026-10-10 06:45:09.614240,95.124,12,1g.11gb,yolo-inference-755b67b9bb-cmfkj,default,yolo,580.178.04,GPU-d59cb1c4-ad97-d91a-6731-e7b5f38951a6
2026-10-10 06:45:09.614240,95.262,13,1g.11gb,yolo-inference-755b67b9bb-7kvtl,default,yolo,580.178.04,GPU-d59cb1c4-ad97-d91a-6731-e7b5f38951a6
2026-10-10 06:45:09.614240,95.144,7,1g.11gb,yolo-inference-755b67b9bb-6w2jk,default,yolo,580.178.04,GPU-d59cb1c4-ad97-d91a-6731-e7b5f38951a6
2026-10-10 06:45:09.614240,95.124,8,1g.11gb,yolo-inference-755b67b9bb-zbflb,default,yolo,580.178.04,GPU-d59cb1c4-ad97-d91a-6731-e7b5f38951a6
2026-10-10 06:45:09.614240,95.252,9,1g.11gb,yolo-inference-755b67b9bb-6z9g8,default,yolo,580.178.04,GPU-d59cb1c4-ad97-d91a-6731-e7b5f38951a6
2026-10-10 06:45:14.610229,95.188,10,1g.11gb,yolo-inference-755b67b9bb-jvw65,default,yolo,580.178.04,GPU-d59cb1c4-ad97-d91a-6731-e7b5f38951a6
2026-10-10 06:45:14.610229,95.105,11,1g.11gb,yolo-inference-755b67b9bb-tpwv7,default,yolo,580.178.04,GPU-d59cb1c4-ad97-d91a-6731-e7b5f38951a6
2026-10-10 06:45:14.610229,95.054,12,1g.11gb,yolo-inference-755b67b9bb-cmfkj,default,yolo,580.178.04,GPU-d59cb1c4-ad97-d91a-6731-e7b5f38951a6
2026-10-10 06:45:14.610229,95.259,13,1g.11gb,yolo-inference-755b67b9bb-7kvtl,default,yolo,580.178.04,GPU-d59cb1c4-ad97-d91a-6731-e7b5f38951a6
2026-10-10 06:45:14.610229,94.975,7,1g.11gb,yolo-inference-755b67b9bb-6w2jk,default,yolo,580.178.04,GPU-d59cb1c4-ad97-d91a-6731-e7b5f38951a6
2026-10-10 06:45:14.610229,95.054,8,1g.11gb,yolo-inference-755b67b9bb-zbflb,default,yolo,580.178.04,GPU-d59cb1c4-ad97-d91a-6731-e7b5f38951a6
2026-10-10 06:45:14.610229,95.182,9,1g.11gb,yolo-inference-755b67b9bb-6z9g8,default,yolo,580.178.04,GPU-d59cb1c4-ad97-d91a-6731-e7b5f38951a6
2026-10-10 06:45:19.614220,95.188,10,1g.11gb,yolo-inference-755b67b9bb-jvw65,default,yolo,580.178.04,GPU-d59cb1c4-ad97-d91a-6731-e7b5f38951a6
2026-10-10 06:45:19.614220,95.105,11,1g.11gb,yolo-inference-755b67b9bb-tpwv7,default,yolo,580.178.04,GPU-d59cb1c4-ad97-d91a-6731-e7b5f38951a6
2026-10-10 06:45:19.614220,95.054,12,1g.11gb,yolo-inference-755b67b9bb-cmfkj,default,yolo,580.178.04,GPU-d59cb1c4-ad97-d91a-6731-e7b5f38951a6
2026-10-10 06:45:19.614220,95.259,13,1g.11gb,yolo-inference-755b67b9bb-7kvtl,default,yolo,580.178.04,GPU-d59cb1c4-ad97-d91a-6731-e7b5f38951a6
2026-10-10 06:45:19.614220,94.975,7,1g.11gb,yolo-inference-755b67b9bb-6w2jk,default,yolo,580.178.04,GPU-d59cb1c4-ad97-d91a-6731-e7b5f38951a6
2026-10-10 06:45:19.614220,95.054,8,1g.11gb,yolo-inference-755b67b9bb-zbflb,default,yolo,580.178.04,GPU-d59cb1c4-ad97-d91a-6731-e7b5f38951a6
2026-10-10 06:45:19.614220,95.182,9,1g.11gb,yolo-inference-755b67b9bb-6z9g8,default,yolo,580.178.04,GPU-d59cb1c4-ad97-d91a-6731-e7b5f38951a6
2026-10-10 06:45:24.611218,95.188,10,1g.11gb,yolo-inference-755b67b9bb-jvw65,default,yolo,580.178.04,GPU-d59cb1c4-ad97-d91a-6731-e7b5f38951a6
2026-10-10 06:45:24.611218,95.105,11,1g.11gb,yolo-inference-755b67b9bb-tpwv7,default,yolo,580.178.04,GPU-d59cb1c4-ad97-d91a-6731-e7b5f38951a6
2026-10-10 06:45:24.611218,95.054,12,1g.11gb,yolo-inference-755b67b9bb-cmfkj,default,yolo,580.178.04,GPU-d59cb1c4-ad97-d91a-6731-e7b5f38951a6
2026-10-10 06:45:24.611218,95.259,13,1g.11gb,yolo-inference-755b67b9bb-7kvtl,default,yolo,580.178.04,GPU-d59cb1c4-ad97-d91a-6731-e7b5f38951a6
2026-10-10 06:45:24.611218,94.975,7,1g.11gb,yolo-inference-755b67b9bb-6w2jk,default,yolo,580.178.04,GPU-d59cb1c4-ad97-d91a-6731-e7b5f38951a6
2026-10-10 06:45:24.611218,95.054,8,1g.11gb,yolo-inference-755b67b9bb-zbflb,default,yolo,580.178.04,GPU-d59cb1c4-ad97-d91a-6731-e7b5f38951a6
2026-10-10 06:45:24.611218,95.182,9,1g.11gb,yolo-inference-755b67b9bb-6z9g8,default,yolo,580.178.04,GPU-d59cb1c4-ad97-d91a-6731-e7b5f38951a6
2026-10-10 06:45:29.613682,95.188,10,1g.11gb,yolo-inference-755b67b9bb-jvw65,default,yolo,580.178.04,GPU-d59cb1c4-ad97-d91a-6731-e7b5f38951a6
2026-10-10 06:45:29.613682,95.105,11,1g.11gb,yolo-inference-755b67b9bb-tpwv7,default,yolo,580.178.04,GPU-d59cb1c4-ad97-d91a-6731-e7b5f38951a6
2026-10-10 06:45:29.613682,95.054,12,1g.11gb,yolo-inference-755b67b9bb-cmfkj,default,yolo,580.178.04,GPU-d59cb1c4-ad97-d91a-6731-e7b5f38951a6
2026-10-10 06:45:29.613682,95.259,13,1g.11gb,yolo-inference-755b67b9bb-7kvtl,default,yolo,580.178.04,GPU-d59cb1c4-ad97-d91a-6731-e7b5f38951a6
2026-10-10 06:45:29.613682,94.975,7,1g.11gb,yolo-inference-755b67b9bb-6w2jk,default,yolo,580.178.04,GPU-d59cb1c4-ad97-d91a-6731-e7b5f38951a6
2026-10-10 06:45:29.613682,95.054,8,1g.11gb,yolo-inference-755b67b9bb-zbflb,default,yolo,580.178.04,GPU-d59cb1c4-ad97-d91a-6731-e7b5f38951a6
2026-10-10 06:45:29.613682,95.182,9,1g.11gb,yolo-inference-755b67b9bb-6z9g8,default,yolo,580.178.04,GPU-d59cb1c4-ad97-d91a-6731-e7b5f38951a6
2026-10-10 06:45:34.613803,95.188,10,1g.11gb,yolo-inference-755b67b9bb-jvw65,default,yolo,580.178.04,GPU-d59cb1c4-ad97-d91a-6731-e7b5f38951a6
2026-10-10 06:45:34.613803,95.105,11,1g.11gb,yolo-inference-755b67b9bb-tpwv7,default,yolo,580.178.04,GPU-d59cb1c4-ad97-d91a-6731-e7b5f38951a6
2026-10-10 06:45:34.613803,95.054,12,1g.11gb,yolo-inference-755b67b9bb-cmfkj,default,yolo,580.178.04,GPU-d59cb1c4-ad97-d91a-6731-e7b5f38951a6
2026-10-10 06:45:34.613803,95.259,13,1g.11gb,yolo-inference-755b67b9bb-7kvtl,default,yolo,580.178.04,GPU-d59cb1c4-ad97-d91a-6731-e7b5f38951a6
2026-10-10 06:45:34.613803,94.975,7,1g.11gb,yolo-inference-755b67b9bb-6w2jk,default,yolo,580.178.04,GPU-d59cb1c4-ad97-d91a-6731-e7b5f38951a6
2026-10-10 06:45:34.613803,95.054,8,1g.11gb,yolo-inference-755b67b9bb-zbflb,default,yolo,580.178.04,GPU-d59cb1c4-ad97-d91a-6731-e7b5f38951a6
2026-10-10 06:45:34.613803,95.182,9,1g.11gb,yolo-inference-755b67b9bb-6z9g8,default,yolo,580.178.04,GPU-d59cb1c4-ad97-d91a-6731-e7b5f38951a6
2026-10-10 06:45:39.610699,95.188,10,1g.11gb,yolo-inference-755b67b9bb-jvw65,default,yolo,580.178.04,GPU-d59cb1c4-ad97-d91a-6731-e7b5f38951a6
2026-10-10 06:45:39.610699,95.105,11,1g.11gb,yolo-inference-755b67b9bb-tpwv7,default,yolo,580.178.04,GPU-d59cb1c4-ad97-d91a-6731-e7b5f38951a6
2026-10-10 06:45:39.610699,95.054,12,1g.11gb,yolo-inference-755b67b9bb-cmfkj,default,yolo,580.178.04,GPU-d59cb1c4-ad97-d91a-6731-e7b5f38951a6
2026-10-10 06:45:39.610699,95.259,13,1g.11gb,yolo-inference-755b67b9bb-7kvtl,default,yolo,580.178.04,GPU-d59cb1c4-ad97-d91a-6731-e7b5f38951a6
2026-10-10 06:45:39.610699,94.975,7,1g.11gb,yolo-inference-755b67b9bb-6w2jk,default,yolo,580.178.04,GPU-d59cb1c4-ad97-d91a-6731-e7b5f38951a6
2026-10-10 06:45:39.610699,95.054,8,1g.11gb,yolo-inference-755b67b9bb-zbflb,default,yolo,580.178.04,GPU-d59cb1c4-ad97-d91a-6731-e7b5f38951a6
2026-10-10 06:45:39.610699,95.182,9,1g.11gb,yolo-inference-755b67b9bb-6z9g8,default,yolo,580.178.04,GPU-d59cb1c4-ad97-d91a-6731-e7b5f38951a6
2026-10-10 06:45:44.610003,95.202,10,1g.11gb,yolo-inference-755b67b9bb-jvw65,default,yolo,580.178.04,GPU-d59cb1c4-ad97-d91a-6731-e7b5f38951a6
2026-10-10 06:45:44.610003,95.209,11,1g.11gb,yolo-inference-755b67b9bb-tpwv7,default,yolo,580.178.04,GPU-d59cb1c4-ad97-d91a-6731-e7b5f38951a6
2026-10-10 06:45:44.610003,95.216,12,1g.11gb,yolo-inference-755b67b9bb-cmfkj,default,yolo,580.178.04,GPU-d59cb1c4-ad97-d91a-6731-e7b5f38951a6
2026-10-10 06:45:44.610003,95.262,13,1g.11gb,yolo-inference-755b67b9bb-7kvtl,default,yolo,580.178.04,GPU-d59cb1c4-ad97-d91a-6731-e7b5f38951a6
2026-10-10 06:45:44.610003,95.174,7,1g.11gb,yolo-inference-755b67b9bb-6w2jk,default,yolo,580.178.04,GPU-d59cb1c4-ad97-d91a-6731-e7b5f38951a6
2026-10-10 06:45:44.610003,95.306,8,1g.11gb,yolo-inference-755b67b9bb-zbflb,default,yolo,580.178.04,GPU-d59cb1c4-ad97-d91a-6731-e7b5f38951a6
2026-10-10 06:45:44.610003,95.209,9,1g.11gb,yolo-inference-755b67b9bb-6z9g8,default,yolo,580.178.04,GPU-d59cb1c4-ad97-d91a-6731-e7b5f38951a6
2026-10-10 06:45:49.614228,95.202,10,1g.11gb,yolo-inference-755b67b9bb-jvw65,default,yolo,580.178.04,GPU-d59cb1c4-ad97-d91a-6731-e7b5f38951a6
2026-10-10 06:45:49.614228,95.209,11,1g.11gb,yolo-inference-755b67b9bb-tpwv7,default,yolo,580.178.04,GPU-d59cb1c4-ad97-d91a-6731-e7b5f38951a6
2026-10-10 06:45:49.614228,95.216,12,1g.11gb,yolo-inference-755b67b9bb-cmfkj,default,yolo,580.178.04,GPU-d59cb1c4-ad97-d91a-6731-e7b5f38951a6
2026-10-10 06:45:49.614228,95.262,13,1g.11gb,yolo-inference-755b67b9bb-7kvtl,default,yolo,580.178.04,GPU-d59cb1c4-ad97-d91a-6731-e7b5f38951a6
2026-10-10 06:45:49.614228,95.174,7,1g.11gb,yolo-inference-755b67b9bb-6w2jk,default,yolo,580.178.04,GPU-d59cb1c4-ad97-d91a-6731-e7b5f38951a6
2026-10-10 06:45:49.614228,95.306,8,1g.11gb,yolo-inference-755b67b9bb-zbflb,default,yolo,580.178.04,GPU-d59cb1c4-ad97-d91a-6731-e7b5f38951a6
2026-10-10 06:45:49.614228,95.209,9,1g.11gb,yolo-inference-755b67b9bb-6z9g8,default,yolo,580.178.04,GPU-d59cb1c4-ad97-d91a-6731-e7b5f38951a6
2026-10-10 06:45:54.614173,95.202,10,1g.11gb,yolo-inference-755b67b9bb-jvw65,default,yolo,580.178.04,GPU-d59cb1c4-ad97-d91a-6731-e7b5f38951a6
2026-10-10 06:45:54.614173,95.209,11,1g.11gb,yolo-inference-755b67b9bb-tpwv7,default,yolo,580.178.04,GPU-d59cb1c4-ad97-d91a-6731-e7b5f38951a6
2026-10-10 06:45:54.614173,95.216,12,1g.11gb,yolo-inference-755b67b9bb-cmfkj,default,yolo,580.178.04,GPU-d59cb1c4-ad97-d91a-6731-e7b5f38951a6
2026-10-10 06:45:54.614173,95.262,13,1g.11gb,yolo-inference-755b67b9bb-7kvtl,default,yolo,580.178.04,GPU-d59cb1c4-ad97-d91a-6731-e7b5f38951a6
2026-10-10 06:45:54.614173,95.174,7,1g.11gb,yolo-inference-755b67b9bb-6w2jk,default,yolo,580.178.04,GPU-d59cb1c4-ad97-d91a-6731-e7b5f38951a6
2026-10-10 06:45:54.614173,95.306,8,1g.11gb,yolo-inference-755b67b9bb-zbflb,default,yolo,580.178.04,GPU-d59cb1c4-ad97-d91a-6731-e7b5f38951a6
2026-10-10 06:45:54.614173,95.209,9,1g.11gb,yolo-inference-755b67b9bb-6z9g8,default,yolo,580.178.04,GPU-d59cb1c4-ad97-d91a-6731-e7b5f38951a6
2026-10-10 06:45:59.612353,95.202,10,1g.11gb,yolo-inference-755b67b9bb-jvw65,default,yolo,580.178.04,GPU-d59cb1c4-ad97-d91a-6731-e7b5f38951a6
2026-10-10 06:45:59.612353,95.209,11,1g.11gb,yolo-inference-755b67b9bb-tpwv7,default,yolo,580.178.04,GPU-d59cb1c4-ad97-d91a-6731-e7b5f38951a6
2026-10-10 06:45:59.612353,95.216,12,1g.11gb,yolo-inference-755b67b9bb-cmfkj,default,yolo,580.178.04,GPU-d59cb1c4-ad97-d91a-6731-e7b5f38951a6
2026-10-10 06:45:59.612353,95.262,13,1g.11gb,yolo-inference-755b67b9bb-7kvtl,default,yolo,580.178.04,GPU-d59cb1c4-ad97-d91a-6731-e7b5f38951a6
2026-10-10 06:45:59.612353,95.174,7,1g.11gb,yolo-inference-755b67b9bb-6w2jk,default,yolo,580.178.04,GPU-d59cb1c4-ad97-d91a-6731-e7b5f38951a6
2026-10-10 06:45:59.612353,95.306,8,1g.11gb,yolo-inference-755b67b9bb-zbflb,default,yolo,580.178.04,GPU-d59cb1c4-ad97-d91a-6731-e7b5f38951a6
2026-10-10 06:45:59.612353,95.209,9,1g.11gb,yolo-inference-755b67b9bb-6z9g8,default,yolo,580.178.04,GPU-d59cb1c4-ad97-d91a-6731-e7b5f38951a6
2026-10-10 06:46:04.614207,95.202,10,1g.11gb,yolo-inference-755b67b9bb-jvw65,default,yolo,580.178.04,GPU-d59cb1c4-ad97-d91a-6731-e7b5f38951a6
2026-10-10 06:46:04.614207,95.209,11,1g.11gb,yolo-inference-755b67b9bb-tpwv7,default,yolo,580.178.04,GPU-d59cb1c4-ad97-d91a-6731-e7b5f38951a6
2026-10-10 06:46:04.614207,95.216,12,1g.11gb,yolo-inference-755b67b9bb-cmfkj,default,yolo,580.178.04,GPU-d59cb1c4-ad97-d91a-6731-e7b5f38951a6
2026-10-10 06:46:04.614207,95.262,13,1g.11gb,yolo-inference-755b67b9bb-7kvtl,default,yolo,580.178.04,GPU-d59cb1c4-ad97-d91a-6731-e7b5f38951a6
2026-10-10 06:46:04.614207,95.174,7,1g.11gb,yolo-inference-755b67b9bb-6w2jk,default,yolo,580.178.04,GPU-d59cb1c4-ad97-d91a-6731-e7b5f38951a6
2026-10-10 06:46:04.614207,95.306,8,1g.11gb,yolo-inference-755b67b9bb-zbflb,default,yolo,580.178.04,GPU-d59cb1c4-ad97-d91a-6731-e7b5f38951a6
2026-10-10 06:46:04.614207,95.209,9,1g.11gb,yolo-inference-755b67b9bb-6z9g8,default,yolo,580.178.04,GPU-d59cb1c4-ad97-d91a-6731-e7b5f38951a6
2026-10-10 06:46:09.613694,95.202,10,1g.11gb,yolo-inference-755b67b9bb-jvw65,default,yolo,580.178.04,GPU-d59cb1c4-ad97-d91a-6731-e7b5f38951a6
2026-10-10 06:46:09.613694,95.209,11,1g.11gb,yolo-inference-755b67b9bb-tpwv7,default,yolo,580.178.04,GPU-d59cb1c4-ad97-d91a-6731-e7b5f38951a6
2026-10-10 06:46:09.613694,95.216,12,1g.11gb,yolo-inference-755b67b9bb-cmfkj,default,yolo,580.178.04,GPU-d59cb1c4-ad97-d91a-6731-e7b5f38951a6
2026-10-10 06:46:09.613694,95.262,13,1g.11gb,yolo-inference-755b67b9bb-7kvtl,default,yolo,580.178.04,GPU-d59cb1c4-ad97-d91a-6731-e7b5f38951a6
2026-10-10 06:46:09.613694,95.174,7,1g.11gb,yolo-inference-755b67b9bb-6w2jk,default,yolo,580.178.04,GPU-d59cb1c4-ad97-d91a-6731-e7b5f38951a6
2026-10-10 06:46:09.613694,95.306,8,1g.11gb,yolo-inference-755b67b9bb-zbflb,default,yolo,580.178.04,GPU-d59cb1c4-ad97-d91a-6731-e7b5f38951a6
2026-10-10 06:46:09.613694,95.209,9,1g.11gb,yolo-inference-755b67b9bb-6z9g8,default,yolo,580.178.04,GPU-d59cb1c4-ad97-d91a-6731-e7b5f38951a6
2026-10-10 06:46:14.613743,95.209,10,1g.11gb,yolo-inference-755b67b9bb-jvw65,default,yolo,580.178.04,GPU-d59cb1c4-ad97-d91a-6731-e7b5f38951a6
2026-10-10 06:46:14.613743,94.997,11,1g.11gb,yolo-inference-755b67b9bb-tpwv7,default,yolo,580.178.04,GPU-d59cb1c4-ad97-d91a-6731-e7b5f38951a6
2026-10-10 06:46:14.613743,95.1,12,1g.11gb,yolo-inference-755b67b9bb-cmfkj,default,yolo,580.178.04,GPU-d59cb1c4-ad97-d91a-6731-e7b5f38951a6
2026-10-10 06:46:14.613743,95.196,13,1g.11gb,yolo-inference-755b67b9bb-7kvtl,default,yolo,580.178.04,GPU-d59cb1c4-ad97-d91a-6731-e7b5f38951a6
2026-10-10 06:46:14.613743,95.039,7,1g.11gb,yolo-inference-755b67b9bb-6w2jk,default,yolo,580.178.04,GPU-d59cb1c4-ad97-d91a-6731-e7b5f38951a6
2026-10-10 06:46:14.613743,95.1,8,1g.11gb,yolo-inference-755b67b9bb-zbflb,default,yolo,580.178.04,GPU-d59cb1c4-ad97-d91a-6731-e7b5f38951a6
2026-10-10 06:46:14.613743,94.997,9,1g.11gb,yolo-inference-755b67b9bb-6z9g8,default,yolo,580.178.04,GPU-d59cb1c4-ad97-d91a-6731-e7b5f38951a6
2026-10-10 06:46:19.609855,95.209,10,1g.11gb,yolo-inference-755b67b9bb-jvw65,default,yolo,580.178.04,GPU-d59cb1c4-ad97-d91a-6731-e7b5f38951a6
2026-10-10 06:46:19.609855,94.997,11,1g.11gb,yolo-inference-755b67b9bb-tpwv7,default,yolo,580.178.04,GPU-d59cb1c4-ad97-d91a-6731-e7b5f38951a6
2026-10-10 06:46:19.609855,95.1,12,1g.11gb,yolo-inference-755b67b9bb-cmfkj,default,yolo,580.178.04,GPU-d59cb1c4-ad97-d91a-6731-e7b5f38951a6
2026-10-10 06:46:19.609855,95.196,13,1g.11gb,yolo-inference-755b67b9bb-7kvtl,default,yolo,580.178.04,GPU-d59cb1c4-ad97-d91a-6731-e7b5f38951a6
2026-10-10 06:46:19.609855,95.039,7,1g.11gb,yolo-inference-755b67b9bb-6w2jk,default,yolo,580.178.04,GPU-d59cb1c4-ad97-d91a-6731-e7b5f38951a6
2026-10-10 06:46:19.609855,95.1,8,1g.11gb,yolo-inference-755b67b9bb-zbflb,default,yolo,580.178.04,GPU-d59cb1c4-ad97-d91a-6731-e7b5f38951a6
2026-10-10 06:46:19.609855,94.997,9,1g.11gb,yolo-inference-755b67b9bb-6z9g8,default,yolo,580.178.04,GPU-d59cb1c4-ad97-d91a-6731-e7b5f38951a6
2026-10-10 06:46:24.609934,95.209,10,1g.11gb,yolo-inference-755b67b9bb-jvw65,default,yolo,580.178.04,GPU-d59cb1c4-ad97-d91a-6731-e7b5f38951a6
2026-10-10 06:46:24.609934,94.997,11,1g.11gb,yolo-inference-755b67b9bb-tpwv7,default,yolo,580.178.04,GPU-d59cb1c4-ad97-d91a-6731-e7b5f38951a6
2026-10-10 06:46:24.609934,95.1,12,1g.11gb,yolo-inference-755b67b9bb-cmfkj,default,yolo,580.178.04,GPU-d59cb1c4-ad97-d91a-6731-e7b5f38951a6
2026-10-10 06:46:24.609934,95.196,13,1g.11gb,yolo-inference-755b67b9bb-7kvtl,default,yolo,580.178.04,GPU-d59cb1c4-ad97-d91a-6731-e7b5f38951a6
2026-10-10 06:46:24.609934,95.039,7,1g.11gb,yolo-inference-755b67b9bb-6w2jk,default,yolo,580.178.04,GPU-d59cb1c4-ad97-d91a-6731-e7b5f38951a6
2026-10-10 06:46:24.609934,95.1,8,1g.11gb,yolo-inference-755b67b9bb-zbflb,default,yolo,580.178.04,GPU-d59cb1c4-ad97-d91a-6731-e7b5f38951a6
2026-10-10 06:46:24.609934,94.997,9,1g.11gb,yolo-inference-755b67b9bb-6z9g8,default,yolo,580.178.04,GPU-d59cb1c4-ad97-d91a-6731-e7b5f38951a6
2026-10-10 06:46:29.614187,95.209,10,1g.11gb,yolo-inference-755b67b9bb-jvw65,default,yolo,580.178.04,GPU-d59cb1c4-ad97-d91a-6731-e7b5f38951a6
2026-10-10 06:46:29.614187,94.997,11,1g.11gb,yolo-inference-755b67b9bb-tpwv7,default,yolo,580.178.04,GPU-d59cb1c4-ad97-d91a-6731-e7b5f38951a6
2026-10-10 06:46:29.614187,95.1,12,1g.11gb,yolo-inference-755b67b9bb-cmfkj,default,yolo,580.178.04,GPU-d59cb1c4-ad97-d91a-6731-e7b5f38951a6
2026-10-10 06:46:29.614187,95.196,13,1g.11gb,yolo-inference-755b67b9bb-7kvtl,default,yolo,580.178.04,GPU-d59cb1c4-ad97-d91a-6731-e7b5f38951a6
2026-10-10 06:46:29.614187,95.039,7,1g.11gb,yolo-inference-755b67b9bb-6w2jk,default,yolo,580.178.04,GPU-d59cb1c4-ad97-d91a-6731-e7b5f38951a6
2026-10-10 06:46:29.614187,95.1,8,1g.11gb,yolo-inference-755b67b9bb-zbflb,default,yolo,580.178.04,GPU-d59cb1c4-ad97-d91a-6731-e7b5f38951a6
2026-10-10 06:46:29.614187,94.997,9,1g.11gb,yolo-inference-755b67b9bb-6z9g8,default,yolo,580.178.04,GPU-d59cb1c4-ad97-d91a-6731-e7b5f38951a6
2026-10-10 06:46:34.609658,95.209,10,1g.11gb,yolo-inference-755b67b9bb-jvw65,default,yolo,580.178.04,GPU-d59cb1c4-ad97-d91a-6731-e7b5f38951a6
2026-10-10 06:46:34.609658,94.997,11,1g.11gb,yolo-inference-755b67b9bb-tpwv7,default,yolo,580.178.04,GPU-d59cb1c4-ad97-d91a-6731-e7b5f38951a6
2026-10-10 06:46:34.609658,95.1,12,1g.11gb,yolo-inference-755b67b9bb-cmfkj,default,yolo,580.178.04,GPU-d59cb1c4-ad97-d91a-6731-e7b5f38951a6
2026-10-10 06:46:34.609658,95.196,13,1g.11gb,yolo-inference-755b67b9bb-7kvtl,default,yolo,580.178.04,GPU-d59cb1c4-ad97-d91a-6731-e7b5f38951a6
2026-10-10 06:46:34.609658,95.039,7,1g.11gb,yolo-inference-755b67b9bb-6w2jk,default,yolo,580.178.04,GPU-d59cb1c4-ad97-d91a-6731-e7b5f38951a6
2026-10-10 06:46:34.609658,95.1,8,1g.11gb,yolo-inference-755b67b9bb-zbflb,default,yolo,580.178.04,GPU-d59cb1c4-ad97-d91a-6731-e7b5f38951a6
2026-10-10 06:46:34.609658,94.997,9,1g.11gb,yolo-inference-755b67b9bb-6z9g8,default,yolo,580.178.04,GPU-d59cb1c4-ad97-d91a-6731-e7b5f38951a6
2026-10-10 06:46:39.610648,95.209,10,1g.11gb,yolo-inference-755b67b9bb-jvw65,default,yolo,580.178.04,GPU-d59cb1c4-ad97-d91a-6731-e7b5f38951a6
2026-10-10 06:46:39.610648,94.997,11,1g.11gb,yolo-inference-755b67b9bb-tpwv7,default,yolo,580.178.04,GPU-d59cb1c4-ad97-d91a-6731-e7b5f38951a6
2026-10-10 06:46:39.610648,95.1,12,1g.11gb,yolo-inference-755b67b9bb-cmfkj,default,yolo,580.178.04,GPU-d59cb1c4-ad97-d91a-6731-e7b5f38951a6
2026-10-10 06:46:39.610648,95.196,13,1g.11gb,yolo-inference-755b67b9bb-7kvtl,default,yolo,580.178.04,GPU-d59cb1c4-ad97-d91a-6731-e7b5f38951a6
2026-10-10 06:46:39.610648,95.039,7,1g.11gb,yolo-inference-755b67b9bb-6w2jk,default,yolo,580.178.04,GPU-d59cb1c4-ad97-d91a-6731-e7b5f38951a6
2026-10-10 06:46:39.610648,95.1,8,1g.11gb,yolo-inference-755b67b9bb-zbflb,default,yolo,580.178.04,GPU-d59cb1c4-ad97-d91a-6731-e7b5f38951a6
2026-10-10 06:46:39.610648,94.997,9,1g.11gb,yolo-inference-755b67b9bb-6z9g8,default,yolo,580.178.04,GPU-d59cb1c4-ad97-d91a-6731-e7b5f38951a6
2026-10-10 06:46:44.609518,95.164,10,1g.11gb,yolo-inference-755b67b9bb-jvw65,default,yolo,580.178.04,GPU-d59cb1c4-ad97-d91a-6731-e7b5f38951a6
2026-10-10 06:46:44.609518,94.913,11,1g.11gb,yolo-inference-755b67b9bb-tpwv7,default,yolo,580.178.04,GPU-d59cb1c4-ad97-d91a-6731-e7b5f38951a6
2026-10-10 06:46:44.609518,95.121,12,1g.11gb,yolo-inference-755b67b9bb-cmfkj,default,yolo,580.178.04,GPU-d59cb1c4-ad97-d91a-6731-e7b5f38951a6
2026-10-10 06:46:44.609518,95.236,13,1g.11gb,yolo-inference-755b67b9bb-7kvtl,default,yolo,580.178.04,GPU-d59cb1c4-ad97-d91a-6731-e7b5f38951a6
2026-10-10 06:46:44.609518,95.018,7,1g.11gb,yolo-inference-755b67b9bb-6w2jk,default,yolo,580.178.04,GPU-d59cb1c4-ad97-d91a-6731-e7b5f38951a6
2026-10-10 06:46:44.609518,95.121,8,1g.11gb,yolo-inference-755b67b9bb-zbflb,default,yolo,580.178.04,GPU-d59cb1c4-ad97-d91a-6731-e7b5f38951a6
2026-10-10 06:46:44.609518,94.913,9,1g.11gb,yolo-inference-755b67b9bb-6z9g8,default,yolo,580.178.04,GPU-d59cb1c4-ad97-d91a-6731-e7b5f38951a6
2026-10-10 06:46:49.614230,95.164,10,1g.11gb,yolo-inference-755b67b9bb-jvw65,default,yolo,580.178.04,GPU-d59cb1c4-ad97-d91a-6731-e7b5f38951a6
2026-10-10 06:46:49.614230,94.913,11,1g.11gb,yolo-inference-755b67b9bb-tpwv7,default,yolo,580.178.04,GPU-d59cb1c4-ad97-d91a-6731-e7b5f38951a6
2026-10-10 06:46:49.614230,95.121,12,1g.11gb,yolo-inference-755b67b9bb-cmfkj,default,yolo,580.178.04,GPU-d59cb1c4-ad97-d91a-6731-e7b5f38951a6
2026-10-10 06:46:49.614230,95.236,13,1g.11gb,yolo-inference-755b67b9bb-7kvtl,default,yolo,580.178.04,GPU-d59cb1c4-ad97-d91a-6731-e7b5f38951a6
2026-10-10 06:46:49.614230,95.018,7,1g.11gb,yolo-inference-755b67b9bb-6w2jk,default,yolo,580.178.04,GPU-d59cb1c4-ad97-d91a-6731-e7b5f38951a6
2026-10-10 06:46:49.614230,95.121,8,1g.11gb,yolo-inference-755b67b9bb-zbflb,default,yolo,580.178.04,GPU-d59cb1c4-ad97-d91a-6731-e7b5f38951a6
2026-10-10 06:46:49.614230,94.913,9,1g.11gb,yolo-inference-755b67b9bb-6z9g8,default,yolo,580.178.04,GPU-d59cb1c4-ad97-d91a-6731-e7b5f38951a6
2026-10-10 06:46:54.614199,95.164,10,1g.11gb,yolo-inference-755b67b9bb-jvw65,default,yolo,580.178.04,GPU-d59cb1c4-ad97-d91a-6731-e7b5f38951a6
2026-10-10 06:46:54.614199,94.913,11,1g.11gb,yolo-inference-755b67b9bb-tpwv7,default,yolo,580.178.04,GPU-d59cb1c4-ad97-d91a-6731-e7b5f38951a6
2026-10-10 06:46:54.614199,95.121,12,1g.11gb,yolo-inference-755b67b9bb-cmfkj,default,yolo,580.178.04,GPU-d59cb1c4-ad97-d91a-6731-e7b5f38951a6
2026-10-10 06:46:54.614199,95.236,13,1g.11gb,yolo-inference-755b67b9bb-7kvtl,default,yolo,580.178.04,GPU-d59cb1c4-ad97-d91a-6731-e7b5f38951a6
2026-10-10 06:46:54.614199,95.018,7,1g.11gb,yolo-inference-755b67b9bb-6w2jk,default,yolo,580.178.04,GPU-d59cb1c4-ad97-d91a-6731-e7b5f38951a6
2026-10-10 06:46:54.614199,95.121,8,1g.11gb,yolo-inference-755b67b9bb-zbflb,default,yolo,580.178.04,GPU-d59cb1c4-ad97-d91a-6731-e7b5f38951a6
2026-10-10 06:46:54.614199,94.913,9,1g.11gb,yolo-inference-755b67b9bb-6z9g8,default,yolo,580.178.04,GPU-d59cb1c4-ad97-d91a-6731-e7b5f38951a6
2026-10-10 06:46:59.610538,95.164,10,1g.11gb,yolo-inference-755b67b9bb-jvw65,default,yolo,580.178.04,GPU-d59cb1c4-ad97-d91a-6731-e7b5f38951a6
2026-10-10 06:46:59.610538,94.913,11,1g.11gb,yolo-inference-755b67b9bb-tpwv7,default,yolo,580.178.04,GPU-d59cb1c4-ad97-d91a-6731-e7b5f38951a6
2026-10-10 06:46:59.610538,95.121,12,1g.11gb,yolo-inference-755b67b9bb-cmfkj,default,yolo,580.178.04,GPU-d59cb1c4-ad97-d91a-6731-e7b5f38951a6
2026-10-10 06:46:59.610538,95.236,13,1g.11gb,yolo-inference-755b67b9bb-7kvtl,default,yolo,580.178.04,GPU-d59cb1c4-ad97-d91a-6731-e7b5f38951a6
2026-10-10 06:46:59.610538,95.018,7,1g.11gb,yolo-inference-755b67b9bb-6w2jk,default,yolo,580.178.04,GPU-d59cb1c4-ad97-d91a-6731-e7b5f38951a6
2026-10-10 06:46:59.610538,95.121,8,1g.11gb,yolo-inference-755b67b9bb-zbflb,default,yolo,580.178.04,GPU-d59cb1c4-ad97-d91a-6731-e7b5f38951a6
2026-10-10 06:46:59.610538,94.913,9,1g.11gb,yolo-inference-755b67b9bb-6z9g8,default,yolo,580.178.04,GPU-d59cb1c4-ad97-d91a-6731-e7b5f38951a6
2026-10-10 06:47:04.614196,95.164,10,1g.11gb,yolo-inference-755b67b9bb-jvw65,default,yolo,580.178.04,GPU-d59cb1c4-ad97-d91a-6731-e7b5f38951a6
2026-10-10 06:47:04.614196,94.913,11,1g.11gb,yolo-inference-755b67b9bb-tpwv7,default,yolo,580.178.04,GPU-d59cb1c4-ad97-d91a-6731-e7b5f38951a6
2026-10-10 06:47:04.614196,95.121,12,1g.11gb,yolo-inference-755b67b9bb-cmfkj,default,yolo,580.178.04,GPU-d59cb1c4-ad97-d91a-6731-e7b5f38951a6
2026-10-10 06:47:04.614196,95.236,13,1g.11gb,yolo-inference-755b67b9bb-7kvtl,default,yolo,580.178.04,GPU-d59cb1c4-ad97-d91a-6731-e7b5f38951a6
2026-10-10 06:47:04.614196,95.018,7,1g.11gb,yolo-inference-755b67b9bb-6w2jk,default,yolo,580.178.04,GPU-d59cb1c4-ad97-d91a-6731-e7b5f38951a6
2026-10-10 06:47:04.614196,95.121,8,1g.11gb,yolo-inference-755b67b9bb-zbflb,default,yolo,580.178.04,GPU-d59cb1c4-ad97-d91a-6731-e7b5f38951a6
2026-10-10 06:47:04.614196,94.913,9,1g.11gb,yolo-inference-755b67b9bb-6z9g8,default,yolo,580.178.04,GPU-d59cb1c4-ad97-d91a-6731-e7b5f38951a6
2026-10-10 06:47:09.614386,95.164,10,1g.11gb,yolo-inference-755b67b9bb-jvw65,default,yolo,580.178.04,GPU-d59cb1c4-ad97-d91a-6731-e7b5f38951a6
2026-10-10 06:47:09.614386,94.913,11,1g.11gb,yolo-inference-755b67b9bb-tpwv7,default,yolo,580.178.04,GPU-d59cb1c4-ad97-d91a-6731-e7b5f38951a6
2026-10-10 06:47:09.614386,95.121,12,1g.11gb,yolo-inference-755b67b9bb-cmfkj,default,yolo,580.178.04,GPU-d59cb1c4-ad97-d91a-6731-e7b5f38951a6
2026-10-10 06:47:09.614386,95.236,13,1g.11gb,yolo-inference-755b67b9bb-7kvtl,default,yolo,580.178.04,GPU-d59cb1c4-ad97-d91a-6731-e7b5f38951a6
2026-10-10 06:47:09.614386,95.018,7,1g.11gb,yolo-inference-755b67b9bb-6w2jk,default,yolo,580.178.04,GPU-d59cb1c4-ad97-d91a-6731-e7b5f38951a6
2026-10-10 06:47:09.614386,95.121,8,1g.11gb,yolo-inference-755b67b9bb-zbflb,default,yolo,580.178.04,GPU-d59cb1c4-ad97-d91a-6731-e7b5f38951a6
2026-10-10 06:47:09.614386,94.913,9,1g.11gb,yolo-inference-755b67b9bb-6z9g8,default,yolo,580.178.04,GPU-d59cb1c4-ad97-d91a-6731-e7b5f38951a6
2026-10-10 06:47:14.614186,95.18,10,1g.11gb,yolo-inference-755b67b9bb-jvw65,default,yolo,580.178.04,GPU-d59cb1c4-ad97-d91a-6731-e7b5f38951a6
2026-10-10 06:47:14.614186,95.227,11,1g.11gb,yolo-inference-755b67b9bb-tpwv7,default,yolo,580.178.04,GPU-d59cb1c4-ad97-d91a-6731-e7b5f38951a6
2026-10-10 06:47:14.614186,95.127,12,1g.11gb,yolo-inference-755b67b9bb-cmfkj,default,yolo,580.178.04,GPU-d59cb1c4-ad97-d91a-6731-e7b5f38951a6
2026-10-10 06:47:14.614186,95.198,13,1g.11gb,yolo-inference-755b67b9bb-7kvtl,default,yolo,580.178.04,GPU-d59cb1c4-ad97-d91a-6731-e7b5f38951a6
2026-10-10 06:47:14.614186,95.076,7,1g.11gb,yolo-inference-755b67b9bb-6w2jk,default,yolo,580.178.04,GPU-d59cb1c4-ad97-d91a-6731-e7b5f38951a6
2026-10-10 06:47:14.614186,95.127,8,1g.11gb,yolo-inference-755b67b9bb-zbflb,default,yolo,580.178.04,GPU-d59cb1c4-ad97-d91a-6731-e7b5f38951a6
2026-10-10 06:47:14.614186,95.227,9,1g.11gb,yolo-inference-755b67b9bb-6z9g8,default,yolo,580.178.04,GPU-d59cb1c4-ad97-d91a-6731-e7b5f38951a6
2026-10-10 06:47:19.614274,95.18,10,1g.11gb,yolo-inference-755b67b9bb-jvw65,default,yolo,580.178.04,GPU-d59cb1c4-ad97-d91a-6731-e7b5f38951a6
2026-10-10 06:47:19.614274,95.227,11,1g.11gb,yolo-inference-755b67b9bb-tpwv7,default,yolo,580.178.04,GPU-d59cb1c4-ad97-d91a-6731-e7b5f38951a6
2026-10-10 06:47:19.614274,95.127,12,1g.11gb,yolo-inference-755b67b9bb-cmfkj,default,yolo,580.178.04,GPU-d59cb1c4-ad97-d91a-6731-e7b5f38951a6
2026-10-10 06:47:19.614274,95.198,13,1g.11gb,yolo-inference-755b67b9bb-7kvtl,default,yolo,580.178.04,GPU-d59cb1c4-ad97-d91a-6731-e7b5f38951a6
2026-10-10 06:47:19.614274,95.076,7,1g.11gb,yolo-inference-755b67b9bb-6w2jk,default,yolo,580.178.04,GPU-d59cb1c4-ad97-d91a-6731-e7b5f38951a6
2026-10-10 06:47:19.614274,95.127,8,1g.11gb,yolo-inference-755b67b9bb-zbflb,default,yolo,580.178.04,GPU-d59cb1c4-ad97-d91a-6731-e7b5f38951a6
2026-10-10 06:47:19.614274,95.227,9,1g.11gb,yolo-inference-755b67b9bb-6z9g8,default,yolo,580.178.04,GPU-d59cb1c4-ad97-d91a-6731-e7b5f38951a6
2026-10-10 06:47:24.611759,95.18,10,1g.11gb,yolo-inference-755b67b9bb-jvw65,default,yolo,580.178.04,GPU-d59cb1c4-ad97-d91a-6731-e7b5f38951a6
2026-10-10 06:47:24.611759,95.227,11,1g.11gb,yolo-inference-755b67b9bb-tpwv7,default,yolo,580.178.04,GPU-d59cb1c4-ad97-d91a-6731-e7b5f38951a6
2026-10-10 06:47:24.611759,95.127,12,1g.11gb,yolo-inference-755b67b9bb-cmfkj,default,yolo,580.178.04,GPU-d59cb1c4-ad97-d91a-6731-e7b5f38951a6
2026-10-10 06:47:24.611759,95.198,13,1g.11gb,yolo-inference-755b67b9bb-7kvtl,default,yolo,580.178.04,GPU-d59cb1c4-ad97-d91a-6731-e7b5f38951a6
2026-10-10 06:47:24.611759,95.076,7,1g.11gb,yolo-inference-755b67b9bb-6w2jk,default,yolo,580.178.04,GPU-d59cb1c4-ad97-d91a-6731-e7b5f38951a6
2026-10-10 06:47:24.611759,95.127,8,1g.11gb,yolo-inference-755b67b9bb-zbflb,default,yolo,580.178.04,GPU-d59cb1c4-ad97-d91a-6731-e7b5f38951a6
2026-10-10 06:47:24.611759,95.227,9,1g.11gb,yolo-inference-755b67b9bb-6z9g8,default,yolo,580.178.04,GPU-d59cb1c4-ad97-d91a-6731-e7b5f38951a6
2026-10-10 06:47:29.614194,95.18,10,1g.11gb,yolo-inference-755b67b9bb-jvw65,default,yolo,580.178.04,GPU-d59cb1c4-ad97-d91a-6731-e7b5f38951a6
2026-10-10 06:47:29.614194,95.227,11,1g.11gb,yolo-inference-755b67b9bb-tpwv7,default,yolo,580.178.04,GPU-d59cb1c4-ad97-d91a-6731-e7b5f38951a6
2026-10-10 06:47:29.614194,95.127,12,1g.11gb,yolo-inference-755b67b9bb-cmfkj,default,yolo,580.178.04,GPU-d59cb1c4-ad97-d91a-6731-e7b5f38951a6
2026-10-10 06:47:29.614194,95.198,13,1g.11gb,yolo-inference-755b67b9bb-7kvtl,default,yolo,580.178.04,GPU-d59cb1c4-ad97-d91a-6731-e7b5f38951a6
2026-10-10 06:47:29.614194,95.076,7,1g.11gb,yolo-inference-755b67b9bb-6w2jk,default,yolo,580.178.04,GPU-d59cb1c4-ad97-d91a-6731-e7b5f38951a6
2026-10-10 06:47:29.614194,95.127,8,1g.11gb,yolo-inference-755b67b9bb-zbflb,default,yolo,580.178.04,GPU-d59cb1c4-ad97-d91a-6731-e7b5f38951a6
2026-10-10 06:47:29.614194,95.227,9,1g.11gb,yolo-inference-755b67b9bb-6z9g8,default,yolo,580.178.04,GPU-d59cb1c4-ad97-d91a-6731-e7b5f38951a6
2026-10-10 06:47:34.614237,95.18,10,1g.11gb,yolo-inference-755b67b9bb-jvw65,default,yolo,580.178.04,GPU-d59cb1c4-ad97-d91a-6731-e7b5f38951a6
2026-10-10 06:47:34.614237,95.227,11,1g.11gb,yolo-inference-755b67b9bb-tpwv7,default,yolo,580.178.04,GPU-d59cb1c4-ad97-d91a-6731-e7b5f38951a6
2026-10-10 06:47:34.614237,95.127,12,1g.11gb,yolo-inference-755b67b9bb-cmfkj,default,yolo,580.178.04,GPU-d59cb1c4-ad97-d91a-6731-e7b5f38951a6
2026-10-10 06:47:34.614237,95.198,13,1g.11gb,yolo-inference-755b67b9bb-7kvtl,default,yolo,580.178.04,GPU-d59cb1c4-ad97-d91a-6731-e7b5f38951a6
2026-10-10 06:47:34.614237,95.076,7,1g.11gb,yolo-inference-755b67b9bb-6w2jk,default,yolo,580.178.04,GPU-d59cb1c4-ad97-d91a-6731-e7b5f38951a6
2026-10-10 06:47:34.614237,95.127,8,1g.11gb,yolo-inference-755b67b9bb-zbflb,default,yolo,580.178.04,GPU-d59cb1c4-ad97-d91a-6731-e7b5f38951a6
2026-10-10 06:47:34.614237,95.227,9,1g.11gb,yolo-inference-755b67b9bb-6z9g8,default,yolo,580.178.04,GPU-d59cb1c4-ad97-d91a-6731-e7b5f38951a6
2026-10-10 06:47:39.614207,95.18,10,1g.11gb,yolo-inference-755b67b9bb-jvw65,default,yolo,580.178.04,GPU-d59cb1c4-ad97-d91a-6731-e7b5f38951a6
2026-10-10 06:47:39.614207,95.227,11,1g.11gb,yolo-inference-755b67b9bb-tpwv7,default,yolo,580.178.04,GPU-d59cb1c4-ad97-d91a-6731-e7b5f38951a6
2026-10-10 06:47:39.614207,95.127,12,1g.11gb,yolo-inference-755b67b9bb-cmfkj,default,yolo,580.178.04,GPU-d59cb1c4-ad97-d91a-6731-e7b5f38951a6
2026-10-10 06:47:39.614207,95.198,13,1g.11gb,yolo-inference-755b67b9bb-7kvtl,default,yolo,580.178.04,GPU-d59cb1c4-ad97-d91a-6731-e7b5f38951a6
2026-10-10 06:47:39.614207,95.076,7,1g.11gb,yolo-inference-755b67b9bb-6w2jk,default,yolo,580.178.04,GPU-d59cb1c4-ad97-d91a-6731-e7b5f38951a6
2026-10-10 06:47:39.614207,95.127,8,1g.11gb,yolo-inference-755b67b9bb-zbflb,default,yolo,580.178.04,GPU-d59cb1c4-ad97-d91a-6731-e7b5f38951a6
2026-10-10 06:47:39.614207,95.227,9,1g.11gb,yolo-inference-755b67b9bb-6z9g8,default,yolo,580.178.04,GPU-d59cb1c4-ad97-d91a-6731-e7b5f38951a6
2026-10-10 06:47:44.609875,95.153,10,1g.11gb,yolo-inference-755b67b9bb-jvw65,default,yolo,580.178.04,GPU-d59cb1c4-ad97-d91a-6731-e7b5f38951a6
2026-10-10 06:47:44.609875,95.139,11,1g.11gb,yolo-inference-755b67b9bb-tpwv7,default,yolo,580.178.04,GPU-d59cb1c4-ad97-d91a-6731-e7b5f38951a6
2026-10-10 06:47:44.609875,95.112,12,1g.11gb,yolo-inference-755b67b9bb-cmfkj,default,yolo,580.178.04,GPU-d59cb1c4-ad97-d91a-6731-e7b5f38951a6
2026-10-10 06:47:44.609875,95.173,13,1g.11gb,yolo-inference-755b67b9bb-7kvtl,default,yolo,580.178.04,GPU-d59cb1c4-ad97-d91a-6731-e7b5f38951a6
2026-10-10 06:47:44.609875,95.137,7,1g.11gb,yolo-inference-755b67b9bb-6w2jk,default,yolo,580.178.04,GPU-d59cb1c4-ad97-d91a-6731-e7b5f38951a6
2026-10-10 06:47:44.609875,95.112,8,1g.11gb,yolo-inference-755b67b9bb-zbflb,default,yolo,580.178.04,GPU-d59cb1c4-ad97-d91a-6731-e7b5f38951a6
2026-10-10 06:47:44.609875,95.15,9,1g.11gb,yolo-inference-755b67b9bb-6z9g8,default,yolo,580.178.04,GPU-d59cb1c4-ad97-d91a-6731-e7b5f38951a6
2026-10-10 06:47:49.614198,95.153,10,1g.11gb,yolo-inference-755b67b9bb-jvw65,default,yolo,580.178.04,GPU-d59cb1c4-ad97-d91a-6731-e7b5f38951a6
2026-10-10 06:47:49.614198,95.139,11,1g.11gb,yolo-inference-755b67b9bb-tpwv7,default,yolo,580.178.04,GPU-d59cb1c4-ad97-d91a-6731-e7b5f38951a6
2026-10-10 06:47:49.614198,95.112,12,1g.11gb,yolo-inference-755b67b9bb-cmfkj,default,yolo,580.178.04,GPU-d59cb1c4-ad97-d91a-6731-e7b5f38951a6
2026-10-10 06:47:49.614198,95.173,13,1g.11gb,yolo-inference-755b67b9bb-7kvtl,default,yolo,580.178.04,GPU-d59cb1c4-ad97-d91a-6731-e7b5f38951a6
2026-10-10 06:47:49.614198,95.137,7,1g.11gb,yolo-inference-755b67b9bb-6w2jk,default,yolo,580.178.04,GPU-d59cb1c4-ad97-d91a-6731-e7b5f38951a6
2026-10-10 06:47:49.614198,95.112,8,1g.11gb,yolo-inference-755b67b9bb-zbflb,default,yolo,580.178.04,GPU-d59cb1c4-ad97-d91a-6731-e7b5f38951a6
2026-10-10 06:47:49.614198,95.15,9,1g.11gb,yolo-inference-755b67b9bb-6z9g8,default,yolo,580.178.04,GPU-d59cb1c4-ad97-d91a-6731-e7b5f38951a6
2026-10-10 06:47:54.614226,95.153,10,1g.11gb,yolo-inference-755b67b9bb-jvw65,default,yolo,580.178.04,GPU-d59cb1c4-ad97-d91a-6731-e7b5f38951a6
2026-10-10 06:47:54.614226,95.139,11,1g.11gb,yolo-inference-755b67b9bb-tpwv7,default,yolo,580.178.04,GPU-d59cb1c4-ad97-d91a-6731-e7b5f38951a6
2026-10-10 06:47:54.614226,95.112,12,1g.11gb,yolo-inference-755b67b9bb-cmfkj,default,yolo,580.178.04,GPU-d59cb1c4-ad97-d91a-6731-e7b5f38951a6
2026-10-10 06:47:54.614226,95.173,13,1g.11gb,yolo-inference-755b67b9bb-7kvtl,default,yolo,580.178.04,GPU-d59cb1c4-ad97-d91a-6731-e7b5f38951a6
2026-10-10 06:47:54.614226,95.137,7,1g.11gb,yolo-inference-755b67b9bb-6w2jk,default,yolo,580.178.04,GPU-d59cb1c4-ad97-d91a-6731-e7b5f38951a6
2026-10-10 06:47:54.614226,95.112,8,1g.11gb,yolo-inference-755b67b9bb-zbflb,default,yolo,580.178.04,GPU-d59cb1c4-ad97-d91a-6731-e7b5f38951a6
2026-10-10 06:47:54.614226,95.15,9,1g.11gb,yolo-inference-755b67b9bb-6z9g8,default,yolo,580.178.04,GPU-d59cb1c4-ad97-d91a-6731-e7b5f38951a6
2026-10-10 06:47:59.614187,95.153,10,1g.11gb,yolo-inference-755b67b9bb-jvw65,default,yolo,580.178.04,GPU-d59cb1c4-ad97-d91a-6731-e7b5f38951a6
2026-10-10 06:47:59.614187,95.139,11,1g.11gb,yolo-inference-755b67b9bb-tpwv7,default,yolo,580.178.04,GPU-d59cb1c4-ad97-d91a-6731-e7b5f38951a6
2026-10-10 06:47:59.614187,95.112,12,1g.11gb,yolo-inference-755b67b9bb-cmfkj,default,yolo,580.178.04,GPU-d59cb1c4-ad97-d91a-6731-e7b5f38951a6
2026-10-10 06:47:59.614187,95.173,13,1g.11gb,yolo-inference-755b67b9bb-7kvtl,default,yolo,580.178.04,GPU-d59cb1c4-ad97-d91a-6731-e7b5f38951a6
2026-10-10 06:47:59.614187,95.137,7,1g.11gb,yolo-inference-755b67b9bb-6w2jk,default,yolo,580.178.04,GPU-d59cb1c4-ad97-d91a-6731-e7b5f38951a6
2026-10-10 06:47:59.614187,95.112,8,1g.11gb,yolo-inference-755b67b9bb-zbflb,default,yolo,580.178.04,GPU-d59cb1c4-ad97-d91a-6731-e7b5f38951a6
2026-10-10 06:47:59.614187,95.15,9,1g.11gb,yolo-inference-755b67b9bb-6z9g8,default,yolo,580.178.04,GPU-d59cb1c4-ad97-d91a-6731-e7b5f38951a6
2026-10-10 06:48:04.614190,95.153,10,1g.11gb,yolo-inference-755b67b9bb-jvw65,default,yolo,580.178.04,GPU-d59cb1c4-ad97-d91a-6731-e7b5f38951a6
2026-10-10 06:48:04.614190,95.139,11,1g.11gb,yolo-inference-755b67b9bb-tpwv7,default,yolo,580.178.04,GPU-d59cb1c4-ad97-d91a-6731-e7b5f38951a6
2026-10-10 06:48:04.614190,95.112,12,1g.11gb,yolo-inference-755b67b9bb-cmfkj,default,yolo,580.178.04,GPU-d59cb1c4-ad97-d91a-6731-e7b5f38951a6
2026-10-10 06:48:04.614190,95.173,13,1g.11gb,yolo-inference-755b67b9bb-7kvtl,default,yolo,580.178.04,GPU-d59cb1c4-ad97-d91a-6731-e7b5f38951a6
2026-10-10 06:48:04.614190,95.137,7,1g.11gb,yolo-inference-755b67b9bb-6w2jk,default,yolo,580.178.04,GPU-d59cb1c4-ad97-d91a-6731-e7b5f38951a6
2026-10-10 06:48:04.614190,95.112,8,1g.11gb,yolo-inference-755b67b9bb-zbflb,default,yolo,580.178.04,GPU-d59cb1c4-ad97-d91a-6731-e7b5f38951a6
2026-10-10 06:48:04.614190,95.15,9,1g.11gb,yolo-inference-755b67b9bb-6z9g8,default,yolo,580.178.04,GPU-d59cb1c4-ad97-d91a-6731-e7b5f38951a6
2026-10-10 06:48:09.609551,95.153,10,1g.11gb,yolo-inference-755b67b9bb-jvw65,default,yolo,580.178.04,GPU-d59cb1c4-ad97-d91a-6731-e7b5f38951a6
2026-10-10 06:48:09.609551,95.139,11,1g.11gb,yolo-inference-755b67b9bb-tpwv7,default,yolo,580.178.04,GPU-d59cb1c4-ad97-d91a-6731-e7b5f38951a6
2026-10-10 06:48:09.609551,95.112,12,1g.11gb,yolo-inference-755b67b9bb-cmfkj,default,yolo,580.178.04,GPU-d59cb1c4-ad97-d91a-6731-e7b5f38951a6
2026-10-10 06:48:09.609551,95.173,13,1g.11gb,yolo-inference-755b67b9bb-7kvtl,default,yolo,580.178.04,GPU-d59cb1c4-ad97-d91a-6731-e7b5f38951a6
2026-10-10 06:48:09.609551,95.137,7,1g.11gb,yolo-inference-755b67b9bb-6w2jk,default,yolo,580.178.04,GPU-d59cb1c4-ad97-d91a-6731-e7b5f38951a6
2026-10-10 06:48:09.609551,95.112,8,1g.11gb,yolo-inference-755b67b9bb-zbflb,default,yolo,580.178.04,GPU-d59cb1c4-ad97-d91a-6731-e7b5f38951a6
2026-10-10 06:48:09.609551,95.15,9,1g.11gb,yolo-inference-755b67b9bb-6z9g8,default,yolo,580.178.04,GPU-d59cb1c4-ad97-d91a-6731-e7b5f38951a6
2026-10-10 06:48:14.609923,95.089,10,1g.11gb,yolo-inference-755b67b9bb-jvw65,default,yolo,580.178.04,GPU-d59cb1c4-ad97-d91a-6731-e7b5f38951a6
2026-10-10 06:48:14.609923,95.047,11,1g.11gb,yolo-inference-755b67b9bb-tpwv7,default,yolo,580.178.04,GPU-d59cb1c4-ad97-d91a-6731-e7b5f38951a6
2026-10-10 06:48:14.609923,95.208,12,1g.11gb,yolo-inference-755b67b9bb-cmfkj,default,yolo,580.178.04,GPU-d59cb1c4-ad97-d91a-6731-e7b5f38951a6
2026-10-10 06:48:14.609923,95.051,13,1g.11gb,yolo-inference-755b67b9bb-7kvtl,default,yolo,580.178.04,GPU-d59cb1c4-ad97-d91a-6731-e7b5f38951a6
2026-10-10 06:48:14.609923,95.19,7,1g.11gb,yolo-inference-755b67b9bb-6w2jk,default,yolo,580.178.04,GPU-d59cb1c4-ad97-d91a-6731-e7b5f38951a6
2026-10-10 06:48:14.609923,95.208,8,1g.11gb,yolo-inference-755b67b9bb-zbflb,default,yolo,580.178.04,GPU-d59cb1c4-ad97-d91a-6731-e7b5f38951a6
2026-10-10 06:48:14.609923,95.116,9,1g.11gb,yolo-inference-755b67b9bb-6z9g8,default,yolo,580.178.04,GPU-d59cb1c4-ad97-d91a-6731-e7b5f38951a6
2026-10-10 06:48:19.614194,95.089,10,1g.11gb,yolo-inference-755b67b9bb-jvw65,default,yolo,580.178.04,GPU-d59cb1c4-ad97-d91a-6731-e7b5f38951a6
2026-10-10 06:48:19.614194,95.047,11,1g.11gb,yolo-inference-755b67b9bb-tpwv7,default,yolo,580.178.04,GPU-d59cb1c4-ad97-d91a-6731-e7b5f38951a6
2026-10-10 06:48:19.614194,95.208,12,1g.11gb,yolo-inference-755b67b9bb-cmfkj,default,yolo,580.178.04,GPU-d59cb1c4-ad97-d91a-6731-e7b5f38951a6
2026-10-10 06:48:19.614194,95.051,13,1g.11gb,yolo-inference-755b67b9bb-7kvtl,default,yolo,580.178.04,GPU-d59cb1c4-ad97-d91a-6731-e7b5f38951a6
2026-10-10 06:48:19.614194,95.19,7,1g.11gb,yolo-inference-755b67b9bb-6w2jk,default,yolo,580.178.04,GPU-d59cb1c4-ad97-d91a-6731-e7b5f38951a6
2026-10-10 06:48:19.614194,95.208,8,1g.11gb,yolo-inference-755b67b9bb-zbflb,default,yolo,580.178.04,GPU-d59cb1c4-ad97-d91a-6731-e7b5f38951a6
2026-10-10 06:48:19.614194,95.116,9,1g.11gb,yolo-inference-755b67b9bb-6z9g8,default,yolo,580.178.04,GPU-d59cb1c4-ad97-d91a-6731-e7b5f38951a6
2026-10-10 06:48:24.613855,95.089,10,1g.11gb,yolo-inference-755b67b9bb-jvw65,default,yolo,580.178.04,GPU-d59cb1c4-ad97-d91a-6731-e7b5f38951a6
2026-10-10 06:48:24.613855,95.047,11,1g.11gb,yolo-inference-755b67b9bb-tpwv7,default,yolo,580.178.04,GPU-d59cb1c4-ad97-d91a-6731-e7b5f38951a6
2026-10-10 06:48:24.613855,95.208,12,1g.11gb,yolo-inference-755b67b9bb-cmfkj,default,yolo,580.178.04,GPU-d59cb1c4-ad97-d91a-6731-e7b5f38951a6
2026-10-10 06:48:24.613855,95.051,13,1g.11gb,yolo-inference-755b67b9bb-7kvtl,default,yolo,580.178.04,GPU-d59cb1c4-ad97-d91a-6731-e7b5f38951a6
2026-10-10 06:48:24.613855,95.19,7,1g.11gb,yolo-inference-755b67b9bb-6w2jk,default,yolo,580.178.04,GPU-d59cb1c4-ad97-d91a-6731-e7b5f38951a6
2026-10-10 06:48:24.613855,95.208,8,1g.11gb,yolo-inference-755b67b9bb-zbflb,default,yolo,580.178.04,GPU-d59cb1c4-ad97-d91a-6731-e7b5f38951a6
2026-10-10 06:48:24.613855,95.116,9,1g.11gb,yolo-inference-755b67b9bb-6z9g8,default,yolo,580.178.04,GPU-d59cb1c4-ad97-d91a-6731-e7b5f38951a6
2026-10-10 06:48:29.613774,95.089,10,1g.11gb,yolo-inference-755b67b9bb-jvw65,default,yolo,580.178.04,GPU-d59cb1c4-ad97-d91a-6731-e7b5f38951a6
2026-10-10 06:48:29.613774,95.047,11,1g.11gb,yolo-inference-755b67b9bb-tpwv7,default,yolo,580.178.04,GPU-d59cb1c4-ad97-d91a-6731-e7b5f38951a6
2026-10-10 06:48:29.613774,95.208,12,1g.11gb,yolo-inference-755b67b9bb-cmfkj,default,yolo,580.178.04,GPU-d59cb1c4-ad97-d91a-6731-e7b5f38951a6
2026-10-10 06:48:29.613774,95.051,13,1g.11gb,yolo-inference-755b67b9bb-7kvtl,default,yolo,580.178.04,GPU-d59cb1c4-ad97-d91a-6731-e7b5f38951a6
2026-10-10 06:48:29.613774,95.19,7,1g.11gb,yolo-inference-755b67b9bb-6w2jk,default,yolo,580.178.04,GPU-d59cb1c4-ad97-d91a-6731-e7b5f38951a6
2026-10-10 06:48:29.613774,95.208,8,1g.11gb,yolo-inference-755b67b9bb-zbflb,default,yolo,580.178.04,GPU-d59cb1c4-ad97-d91a-6731-e7b5f38951a6
2026-10-10 06:48:29.613774,95.116,9,1g.11gb,yolo-inference-755b67b9bb-6z9g8,default,yolo,580.178.04,GPU-d59cb1c4-ad97-d91a-6731-e7b5f38951a6
2026-10-10 06:48:34.614163,95.089,10,1g.11gb,yolo-inference-755b67b9bb-jvw65,default,yolo,580.178.04,GPU-d59cb1c4-ad97-d91a-6731-e7b5f38951a6
2026-10-10 06:48:34.614163,95.047,11,1g.11gb,yolo-inference-755b67b9bb-tpwv7,default,yolo,580.178.04,GPU-d59cb1c4-ad97-d91a-6731-e7b5f38951a6
2026-10-10 06:48:34.614163,95.208,12,1g.11gb,yolo-inference-755b67b9bb-cmfkj,default,yolo,580.178.04,GPU-d59cb1c4-ad97-d91a-6731-e7b5f38951a6
2026-10-10 06:48:34.614163,95.051,13,1g.11gb,yolo-inference-755b67b9bb-7kvtl,default,yolo,580.178.04,GPU-d59cb1c4-ad97-d91a-6731-e7b5f38951a6
2026-10-10 06:48:34.614163,95.19,7,1g.11gb,yolo-inference-755b67b9bb-6w2jk,default,yolo,580.178.04,GPU-d59cb1c4-ad97-d91a-6731-e7b5f38951a6
2026-10-10 06:48:34.614163,95.208,8,1g.11gb,yolo-inference-755b67b9bb-zbflb,default,yolo,580.178.04,GPU-d59cb1c4-ad97-d91a-6731-e7b5f38951a6
2026-10-10 06:48:34.614163,95.116,9,1g.11gb,yolo-inference-755b67b9bb-6z9g8,default,yolo,580.178.04,GPU-d59cb1c4-ad97-d91a-6731-e7b5f38951a6
2026-10-10 06:48:39.614224,95.089,10,1g.11gb,yolo-inference-755b67b9bb-jvw65,default,yolo,580.178.04,GPU-d59cb1c4-ad97-d91a-6731-e7b5f38951a6
2026-10-10 06:48:39.614224,95.047,11,1g.11gb,yolo-inference-755b67b9bb-tpwv7,default,yolo,580.178.04,GPU-d59cb1c4-ad97-d91a-6731-e7b5f38951a6
2026-10-10 06:48:39.614224,95.208,12,1g.11gb,yolo-inference-755b67b9bb-cmfkj,default,yolo,580.178.04,GPU-d59cb1c4-ad97-d91a-6731-e7b5f38951a6
2026-10-10 06:48:39.614224,95.051,13,1g.11gb,yolo-inference-755b67b9bb-7kvtl,default,yolo,580.178.04,GPU-d59cb1c4-ad97-d91a-6731-e7b5f38951a6
2026-10-10 06:48:39.614224,95.19,7,1g.11gb,yolo-inference-755b67b9bb-6w2jk,default,yolo,580.178.04,GPU-d59cb1c4-ad97-d91a-6731-e7b5f38951a6
2026-10-10 06:48:39.614224,95.208,8,1g.11gb,yolo-inference-755b67b9bb-zbflb,default,yolo,580.178.04,GPU-d59cb1c4-ad97-d91a-6731-e7b5f38951a6
2026-10-10 06:48:39.614224,95.116,9,1g.11gb,yolo-inference-755b67b9bb-6z9g8,default,yolo,580.178.04,GPU-d59cb1c4-ad97-d91a-6731-e7b5f38951a6
2026-10-10 06:48:44.613768,95.3,10,1g.11gb,yolo-inference-755b67b9bb-jvw65,default,yolo,580.178.04,GPU-d59cb1c4-ad97-d91a-6731-e7b5f38951a6
2026-10-10 06:48:44.613768,95.214,11,1g.11gb,yolo-inference-755b67b9bb-tpwv7,default,yolo,580.178.04,GPU-d59cb1c4-ad97-d91a-6731-e7b5f38951a6
2026-10-10 06:48:44.613768,95.177,12,1g.11gb,yolo-inference-755b67b9bb-cmfkj,default,yolo,580.178.04,GPU-d59cb1c4-ad97-d91a-6731-e7b5f38951a6
2026-10-10 06:48:44.613768,95.22,13,1g.11gb,yolo-inference-755b67b9bb-7kvtl,default,yolo,580.178.04,GPU-d59cb1c4-ad97-d91a-6731-e7b5f38951a6
2026-10-10 06:48:44.613768,95.226,7,1g.11gb,yolo-inference-755b67b9bb-6w2jk,default,yolo,580.178.04,GPU-d59cb1c4-ad97-d91a-6731-e7b5f38951a6
2026-10-10 06:48:44.613768,95.177,8,1g.11gb,yolo-inference-755b67b9bb-zbflb,default,yolo,580.178.04,GPU-d59cb1c4-ad97-d91a-6731-e7b5f38951a6
2026-10-10 06:48:44.613768,95.077,9,1g.11gb,yolo-inference-755b67b9bb-6z9g8,default,yolo,580.178.04,GPU-d59cb1c4-ad97-d91a-6731-e7b5f38951a6
2026-10-10 06:48:49.614190,95.3,10,1g.11gb,yolo-inference-755b67b9bb-jvw65,default,yolo,580.178.04,GPU-d59cb1c4-ad97-d91a-6731-e7b5f38951a6
2026-10-10 06:48:49.614190,95.214,11,1g.11gb,yolo-inference-755b67b9bb-tpwv7,default,yolo,580.178.04,GPU-d59cb1c4-ad97-d91a-6731-e7b5f38951a6
2026-10-10 06:48:49.614190,95.177,12,1g.11gb,yolo-inference-755b67b9bb-cmfkj,default,yolo,580.178.04,GPU-d59cb1c4-ad97-d91a-6731-e7b5f38951a6
2026-10-10 06:48:49.614190,95.22,13,1g.11gb,yolo-inference-755b67b9bb-7kvtl,default,yolo,580.178.04,GPU-d59cb1c4-ad97-d91a-6731-e7b5f38951a6
2026-10-10 06:48:49.614190,95.226,7,1g.11gb,yolo-inference-755b67b9bb-6w2jk,default,yolo,580.178.04,GPU-d59cb1c4-ad97-d91a-6731-e7b5f38951a6
2026-10-10 06:48:49.614190,95.177,8,1g.11gb,yolo-inference-755b67b9bb-zbflb,default,yolo,580.178.04,GPU-d59cb1c4-ad97-d91a-6731-e7b5f38951a6
2026-10-10 06:48:49.614190,95.077,9,1g.11gb,yolo-inference-755b67b9bb-6z9g8,default,yolo,580.178.04,GPU-d59cb1c4-ad97-d91a-6731-e7b5f38951a6
2026-10-10 06:48:54.611354,95.3,10,1g.11gb,yolo-inference-755b67b9bb-jvw65,default,yolo,580.178.04,GPU-d59cb1c4-ad97-d91a-6731-e7b5f38951a6
2026-10-10 06:48:54.611354,95.214,11,1g.11gb,yolo-inference-755b67b9bb-tpwv7,default,yolo,580.178.04,GPU-d59cb1c4-ad97-d91a-6731-e7b5f38951a6
2026-10-10 06:48:54.611354,95.177,12,1g.11gb,yolo-inference-755b67b9bb-cmfkj,default,yolo,580.178.04,GPU-d59cb1c4-ad97-d91a-6731-e7b5f38951a6
2026-10-10 06:48:54.611354,95.22,13,1g.11gb,yolo-inference-755b67b9bb-7kvtl,default,yolo,580.178.04,GPU-d59cb1c4-ad97-d91a-6731-e7b5f38951a6
2026-10-10 06:48:54.611354,95.226,7,1g.11gb,yolo-inference-755b67b9bb-6w2jk,default,yolo,580.178.04,GPU-d59cb1c4-ad97-d91a-6731-e7b5f38951a6
2026-10-10 06:48:54.611354,95.177,8,1g.11gb,yolo-inference-755b67b9bb-zbflb,default,yolo,580.178.04,GPU-d59cb1c4-ad97-d91a-6731-e7b5f38951a6
2026-10-10 06:48:54.611354,95.077,9,1g.11gb,yolo-inference-755b67b9bb-6z9g8,default,yolo,580.178.04,GPU-d59cb1c4-ad97-d91a-6731-e7b5f38951a6
2026-10-10 06:48:59.612942,95.3,10,1g.11gb,yolo-inference-755b67b9bb-jvw65,default,yolo,580.178.04,GPU-d59cb1c4-ad97-d91a-6731-e7b5f38951a6
2026-10-10 06:48:59.612942,95.214,11,1g.11gb,yolo-inference-755b67b9bb-tpwv7,default,yolo,580.178.04,GPU-d59cb1c4-ad97-d91a-6731-e7b5f38951a6
2026-10-10 06:48:59.612942,95.177,12,1g.11gb,yolo-inference-755b67b9bb-cmfkj,default,yolo,580.178.04,GPU-d59cb1c4-ad97-d91a-6731-e7b5f38951a6
2026-10-10 06:48:59.612942,95.22,13,1g.11gb,yolo-inference-755b67b9bb-7kvtl,default,yolo,580.178.04,GPU-d59cb1c4-ad97-d91a-6731-e7b5f38951a6
2026-10-10 06:48:59.612942,95.226,7,1g.11gb,yolo-inference-755b67b9bb-6w2jk,default,yolo,580.178.04,GPU-d59cb1c4-ad97-d91a-6731-e7b5f38951a6
2026-10-10 06:48:59.612942,95.177,8,1g.11gb,yolo-inference-755b67b9bb-zbflb,default,yolo,580.178.04,GPU-d59cb1c4-ad97-d91a-6731-e7b5f38951a6
2026-10-10 06:48:59.612942,95.077,9,1g.11gb,yolo-inference-755b67b9bb-6z9g8,default,yolo,580.178.04,GPU-d59cb1c4-ad97-d91a-6731-e7b5f38951a6
2026-10-10 06:49:04.609932,95.3,10,1g.11gb,yolo-inference-755b67b9bb-jvw65,default,yolo,580.178.04,GPU-d59cb1c4-ad97-d91a-6731-e7b5f38951a6
2026-10-10 06:49:04.609932,95.214,11,1g.11gb,yolo-inference-755b67b9bb-tpwv7,default,yolo,580.178.04,GPU-d59cb1c4-ad97-d91a-6731-e7b5f38951a6
2026-10-10 06:49:04.609932,95.177,12,1g.11gb,yolo-inference-755b67b9bb-cmfkj,default,yolo,580.178.04,GPU-d59cb1c4-ad97-d91a-6731-e7b5f38951a6
2026-10-10 06:49:04.609932,95.22,13,1g.11gb,yolo-inference-755b67b9bb-7kvtl,default,yolo,580.178.04,GPU-d59cb1c4-ad97-d91a-6731-e7b5f38951a6
2026-10-10 06:49:04.609932,95.226,7,1g.11gb,yolo-inference-755b67b9bb-6w2jk,default,yolo,580.178.04,GPU-d59cb1c4-ad97-d91a-6731-e7b5f38951a6
2026-10-10 06:49:04.609932,95.177,8,1g.11gb,yolo-inference-755b67b9bb-zbflb,default,yolo,580.178.04,GPU-d59cb1c4-ad97-d91a-6731-e7b5f38951a6
2026-10-10 06:49:04.609932,95.077,9,1g.11gb,yolo-inference-755b67b9bb-6z9g8,default,yolo,580.178.04,GPU-d59cb1c4-ad97-d91a-6731-e7b5f38951a6
2026-10-10 06:49:09.613947,95.3,10,1g.11gb,yolo-inference-755b67b9bb-jvw65,default,yolo,580.178.04,GPU-d59cb1c4-ad97-d91a-6731-e7b5f38951a6
2026-10-10 06:49:09.613947,95.214,11,1g.11gb,yolo-inference-755b67b9bb-tpwv7,default,yolo,580.178.04,GPU-d59cb1c4-ad97-d91a-6731-e7b5f38951a6
2026-10-10 06:49:09.613947,95.177,12,1g.11gb,yolo-inference-755b67b9bb-cmfkj,default,yolo,580.178.04,GPU-d59cb1c4-ad97-d91a-6731-e7b5f38951a6
2026-10-10 06:49:09.613947,95.22,13,1g.11gb,yolo-inference-755b67b9bb-7kvtl,default,yolo,580.178.04,GPU-d59cb1c4-ad97-d91a-6731-e7b5f38951a6
2026-10-10 06:49:09.613947,95.226,7,1g.11gb,yolo-inference-755b67b9bb-6w2jk,default,yolo,580.178.04,GPU-d59cb1c4-ad97-d91a-6731-e7b5f38951a6
2026-10-10 06:49:09.613947,95.177,8,1g.11gb,yolo-inference-755b67b9bb-zbflb,default,yolo,580.178.04,GPU-d59cb1c4-ad97-d91a-6731-e7b5f38951a6
2026-10-10 06:49:09.613947,95.077,9,1g.11gb,yolo-inference-755b67b9bb-6z9g8,default,yolo,580.178.04,GPU-d59cb1c4-ad97-d91a-6731-e7b5f38951a6
2026-10-10 06:49:14.611033,95.082,10,1g.11gb,yolo-inference-755b67b9bb-jvw65,default,yolo,580.178.04,GPU-d59cb1c4-ad97-d91a-6731-e7b5f38951a6
2026-10-10 06:49:14.611033,95.244,11,1g.11gb,yolo-inference-755b67b9bb-tpwv7,default,yolo,580.178.04,GPU-d59cb1c4-ad97-d91a-6731-e7b5f38951a6
2026-10-10 06:49:14.611033,95.233,12,1g.11gb,yolo-inference-755b67b9bb-cmfkj,default,yolo,580.178.04,GPU-d59cb1c4-ad97-d91a-6731-e7b5f38951a6
2026-10-10 06:49:14.611033,95.142,13,1g.11gb,yolo-inference-755b67b9bb-7kvtl,default,yolo,580.178.04,GPU-d59cb1c4-ad97-d91a-6731-e7b5f38951a6
2026-10-10 06:49:14.611033,95.239,7,1g.11gb,yolo-inference-755b67b9bb-6w2jk,default,yolo,580.178.04,GPU-d59cb1c4-ad97-d91a-6731-e7b5f38951a6
2026-10-10 06:49:14.611033,95.233,8,1g.11gb,yolo-inference-755b67b9bb-zbflb,default,yolo,580.178.04,GPU-d59cb1c4-ad97-d91a-6731-e7b5f38951a6
2026-10-10 06:49:14.611033,95.055,9,1g.11gb,yolo-inference-755b67b9bb-6z9g8,default,yolo,580.178.04,GPU-d59cb1c4-ad97-d91a-6731-e7b5f38951a6
2026-10-10 06:49:19.614261,95.082,10,1g.11gb,yolo-inference-755b67b9bb-jvw65,default,yolo,580.178.04,GPU-d59cb1c4-ad97-d91a-6731-e7b5f38951a6
2026-10-10 06:49:19.614261,95.244,11,1g.11gb,yolo-inference-755b67b9bb-tpwv7,default,yolo,580.178.04,GPU-d59cb1c4-ad97-d91a-6731-e7b5f38951a6
2026-10-10 06:49:19.614261,95.233,12,1g.11gb,yolo-inference-755b67b9bb-cmfkj,default,yolo,580.178.04,GPU-d59cb1c4-ad97-d91a-6731-e7b5f38951a6
2026-10-10 06:49:19.614261,95.142,13,1g.11gb,yolo-inference-755b67b9bb-7kvtl,default,yolo,580.178.04,GPU-d59cb1c4-ad97-d91a-6731-e7b5f38951a6
2026-10-10 06:49:19.614261,95.239,7,1g.11gb,yolo-inference-755b67b9bb-6w2jk,default,yolo,580.178.04,GPU-d59cb1c4-ad97-d91a-6731-e7b5f38951a6
2026-10-10 06:49:19.614261,95.233,8,1g.11gb,yolo-inference-755b67b9bb-zbflb,default,yolo,580.178.04,GPU-d59cb1c4-ad97-d91a-6731-e7b5f38951a6
2026-10-10 06:49:19.614261,95.055,9,1g.11gb,yolo-inference-755b67b9bb-6z9g8,default,yolo,580.178.04,GPU-d59cb1c4-ad97-d91a-6731-e7b5f38951a6
2026-10-10 06:49:24.614080,95.082,10,1g.11gb,yolo-inference-755b67b9bb-jvw65,default,yolo,580.178.04,GPU-d59cb1c4-ad97-d91a-6731-e7b5f38951a6
2026-10-10 06:49:24.614080,95.244,11,1g.11gb,yolo-inference-755b67b9bb-tpwv7,default,yolo,580.178.04,GPU-d59cb1c4-ad97-d91a-6731-e7b5f38951a6
2026-10-10 06:49:24.614080,95.233,12,1g.11gb,yolo-inference-755b67b9bb-cmfkj,default,yolo,580.178.04,GPU-d59cb1c4-ad97-d91a-6731-e7b5f38951a6
2026-10-10 06:49:24.614080,95.142,13,1g.11gb,yolo-inference-755b67b9bb-7kvtl,default,yolo,580.178.04,GPU-d59cb1c4-ad97-d91a-6731-e7b5f38951a6
2026-10-10 06:49:24.614080,95.239,7,1g.11gb,yolo-inference-755b67b9bb-6w2jk,default,yolo,580.178.04,GPU-d59cb1c4-ad97-d91a-6731-e7b5f38951a6
2026-10-10 06:49:24.614080,95.233,8,1g.11gb,yolo-inference-755b67b9bb-zbflb,default,yolo,580.178.04,GPU-d59cb1c4-ad97-d91a-6731-e7b5f38951a6
2026-10-10 06:49:24.614080,95.055,9,1g.11gb,yolo-inference-755b67b9bb-6z9g8,default,yolo,580.178.04,GPU-d59cb1c4-ad97-d91a-6731-e7b5f38951a6
2026-10-10 06:49:29.613695,95.082,10,1g.11gb,yolo-inference-755b67b9bb-jvw65,default,yolo,580.178.04,GPU-d59cb1c4-ad97-d91a-6731-e7b5f38951a6
2026-10-10 06:49:29.613695,95.244,11,1g.11gb,yolo-inference-755b67b9bb-tpwv7,default,yolo,580.178.04,GPU-d59cb1c4-ad97-d91a-6731-e7b5f38951a6
2026-10-10 06:49:29.613695,95.233,12,1g.11gb,yolo-inference-755b67b9bb-cmfkj,default,yolo,580.178.04,GPU-d59cb1c4-ad97-d91a-6731-e7b5f38951a6
2026-10-10 06:49:29.613695,95.142,13,1g.11gb,yolo-inference-755b67b9bb-7kvtl,default,yolo,580.178.04,GPU-d59cb1c4-ad97-d91a-6731-e7b5f38951a6
2026-10-10 06:49:29.613695,95.239,7,1g.11gb,yolo-inference-755b67b9bb-6w2jk,default,yolo,580.178.04,GPU-d59cb1c4-ad97-d91a-6731-e7b5f38951a6
2026-10-10 06:49:29.613695,95.233,8,1g.11gb,yolo-inference-755b67b9bb-zbflb,default,yolo,580.178.04,GPU-d59cb1c4-ad97-d91a-6731-e7b5f38951a6
2026-10-10 06:49:29.613695,95.055,9,1g.11gb,yolo-inference-755b67b9bb-6z9g8,default,yolo,580.178.04,GPU-d59cb1c4-ad97-d91a-6731-e7b5f38951a6
2026-10-10 06:49:34.614192,95.082,10,1g.11gb,yolo-inference-755b67b9bb-jvw65,default,yolo,580.178.04,GPU-d59cb1c4-ad97-d91a-6731-e7b5f38951a6
2026-10-10 06:49:34.614192,95.244,11,1g.11gb,yolo-inference-755b67b9bb-tpwv7,default,yolo,580.178.04,GPU-d59cb1c4-ad97-d91a-6731-e7b5f38951a6
2026-10-10 06:49:34.614192,95.233,12,1g.11gb,yolo-inference-755b67b9bb-cmfkj,default,yolo,580.178.04,GPU-d59cb1c4-ad97-d91a-6731-e7b5f38951a6
2026-10-10 06:49:34.614192,95.142,13,1g.11gb,yolo-inference-755b67b9bb-7kvtl,default,yolo,580.178.04,GPU-d59cb1c4-ad97-d91a-6731-e7b5f38951a6
2026-10-10 06:49:34.614192,95.239,7,1g.11gb,yolo-inference-755b67b9bb-6w2jk,default,yolo,580.178.04,GPU-d59cb1c4-ad97-d91a-6731-e7b5f38951a6
2026-10-10 06:49:34.614192,95.233,8,1g.11gb,yolo-inference-755b67b9bb-zbflb,default,yolo,580.178.04,GPU-d59cb1c4-ad97-d91a-6731-e7b5f38951a6
2026-10-10 06:49:34.614192,95.055,9,1g.11gb,yolo-inference-755b67b9bb-6z9g8,default,yolo,580.178.04,GPU-d59cb1c4-ad97-d91a-6731-e7b5f38951a6
2026-10-10 06:49:39.614214,95.082,10,1g.11gb,yolo-inference-755b67b9bb-jvw65,default,yolo,580.178.04,GPU-d59cb1c4-ad97-d91a-6731-e7b5f38951a6
2026-10-10 06:49:39.614214,95.244,11,1g.11gb,yolo-inference-755b67b9bb-tpwv7,default,yolo,580.178.04,GPU-d59cb1c4-ad97-d91a-6731-e7b5f38951a6
2026-10-10 06:49:39.614214,95.233,12,1g.11gb,yolo-inference-755b67b9bb-cmfkj,default,yolo,580.178.04,GPU-d59cb1c4-ad97-d91a-6731-e7b5f38951a6
2026-10-10 06:49:39.614214,95.142,13,1g.11gb,yolo-inference-755b67b9bb-7kvtl,default,yolo,580.178.04,GPU-d59cb1c4-ad97-d91a-6731-e7b5f38951a6
2026-10-10 06:49:39.614214,95.239,7,1g.11gb,yolo-inference-755b67b9bb-6w2jk,default,yolo,580.178.04,GPU-d59cb1c4-ad97-d91a-6731-e7b5f38951a6
2026-10-10 06:49:39.614214,95.233,8,1g.11gb,yolo-inference-755b67b9bb-zbflb,default,yolo,580.178.04,GPU-d59cb1c4-ad97-d91a-6731-e7b5f38951a6
2026-10-10 06:49:39.614214,95.055,9,1g.11gb,yolo-inference-755b67b9bb-6z9g8,default,yolo,580.178.04,GPU-d59cb1c4-ad97-d91a-6731-e7b5f38951a6
2026-10-10 06:49:44.614140,95.352,10,1g.11gb,yolo-inference-755b67b9bb-jvw65,default,yolo,580.178.04,GPU-d59cb1c4-ad97-d91a-6731-e7b5f38951a6
2026-10-10 06:49:44.614140,95.235,11,1g.11gb,yolo-inference-755b67b9bb-tpwv7,default,yolo,580.178.04,GPU-d59cb1c4-ad97-d91a-6731-e7b5f38951a6
2026-10-10 06:49:44.614140,95.232,12,1g.11gb,yolo-inference-755b67b9bb-cmfkj,default,yolo,580.178.04,GPU-d59cb1c4-ad97-d91a-6731-e7b5f38951a6
2026-10-10 06:49:44.614140,95.264,13,1g.11gb,yolo-inference-755b67b9bb-7kvtl,default,yolo,580.178.04,GPU-d59cb1c4-ad97-d91a-6731-e7b5f38951a6
2026-10-10 06:49:44.614140,95.275,7,1g.11gb,yolo-inference-755b67b9bb-6w2jk,default,yolo,580.178.04,GPU-d59cb1c4-ad97-d91a-6731-e7b5f38951a6
2026-10-10 06:49:44.614140,95.232,8,1g.11gb,yolo-inference-755b67b9bb-zbflb,default,yolo,580.178.04,GPU-d59cb1c4-ad97-d91a-6731-e7b5f38951a6
2026-10-10 06:49:44.614140,95.214,9,1g.11gb,yolo-inference-755b67b9bb-6z9g8,default,yolo,580.178.04,GPU-d59cb1c4-ad97-d91a-6731-e7b5f38951a6
2026-10-10 06:49:49.613713,95.352,10,1g.11gb,yolo-inference-755b67b9bb-jvw65,default,yolo,580.178.04,GPU-d59cb1c4-ad97-d91a-6731-e7b5f38951a6
2026-10-10 06:49:49.613713,95.235,11,1g.11gb,yolo-inference-755b67b9bb-tpwv7,default,yolo,580.178.04,GPU-d59cb1c4-ad97-d91a-6731-e7b5f38951a6
2026-10-10 06:49:49.613713,95.232,12,1g.11gb,yolo-inference-755b67b9bb-cmfkj,default,yolo,580.178.04,GPU-d59cb1c4-ad97-d91a-6731-e7b5f38951a6
2026-10-10 06:49:49.613713,95.264,13,1g.11gb,yolo-inference-755b67b9bb-7kvtl,default,yolo,580.178.04,GPU-d59cb1c4-ad97-d91a-6731-e7b5f38951a6
2026-10-10 06:49:49.613713,95.275,7,1g.11gb,yolo-inference-755b67b9bb-6w2jk,default,yolo,580.178.04,GPU-d59cb1c4-ad97-d91a-6731-e7b5f38951a6
2026-10-10 06:49:49.613713,95.232,8,1g.11gb,yolo-inference-755b67b9bb-zbflb,default,yolo,580.178.04,GPU-d59cb1c4-ad97-d91a-6731-e7b5f38951a6
2026-10-10 06:49:49.613713,95.214,9,1g.11gb,yolo-inference-755b67b9bb-6z9g8,default,yolo,580.178.04,GPU-d59cb1c4-ad97-d91a-6731-e7b5f38951a6
2026-10-10 06:49:54.609841,95.352,10,1g.11gb,yolo-inference-755b67b9bb-jvw65,default,yolo,580.178.04,GPU-d59cb1c4-ad97-d91a-6731-e7b5f38951a6
2026-10-10 06:49:54.609841,95.235,11,1g.11gb,yolo-inference-755b67b9bb-tpwv7,default,yolo,580.178.04,GPU-d59cb1c4-ad97-d91a-6731-e7b5f38951a6
2026-10-10 06:49:54.609841,95.232,12,1g.11gb,yolo-inference-755b67b9bb-cmfkj,default,yolo,580.178.04,GPU-d59cb1c4-ad97-d91a-6731-e7b5f38951a6
2026-10-10 06:49:54.609841,95.264,13,1g.11gb,yolo-inference-755b67b9bb-7kvtl,default,yolo,580.178.04,GPU-d59cb1c4-ad97-d91a-6731-e7b5f38951a6
2026-10-10 06:49:54.609841,95.275,7,1g.11gb,yolo-inference-755b67b9bb-6w2jk,default,yolo,580.178.04,GPU-d59cb1c4-ad97-d91a-6731-e7b5f38951a6
2026-10-10 06:49:54.609841,95.232,8,1g.11gb,yolo-inference-755b67b9bb-zbflb,default,yolo,580.178.04,GPU-d59cb1c4-ad97-d91a-6731-e7b5f38951a6
2026-10-10 06:49:54.609841,95.214,9,1g.11gb,yolo-inference-755b67b9bb-6z9g8,default,yolo,580.178.04,GPU-d59cb1c4-ad97-d91a-6731-e7b5f38951a6
2026-10-10 06:49:59.614195,95.352,10,1g.11gb,yolo-inference-755b67b9bb-jvw65,default,yolo,580.178.04,GPU-d59cb1c4-ad97-d91a-6731-e7b5f38951a6
2026-10-10 06:49:59.614195,95.235,11,1g.11gb,yolo-inference-755b67b9bb-tpwv7,default,yolo,580.178.04,GPU-d59cb1c4-ad97-d91a-6731-e7b5f38951a6
2026-10-10 06:49:59.614195,95.232,12,1g.11gb,yolo-inference-755b67b9bb-cmfkj,default,yolo,580.178.04,GPU-d59cb1c4-ad97-d91a-6731-e7b5f38951a6
2026-10-10 06:49:59.614195,95.264,13,1g.11gb,yolo-inference-755b67b9bb-7kvtl,default,yolo,580.178.04,GPU-d59cb1c4-ad97-d91a-6731-e7b5f38951a6
2026-10-10 06:49:59.614195,95.275,7,1g.11gb,yolo-inference-755b67b9bb-6w2jk,default,yolo,580.178.04,GPU-d59cb1c4-ad97-d91a-6731-e7b5f38951a6
2026-10-10 06:49:59.614195,95.232,8,1g.11gb,yolo-inference-755b67b9bb-zbflb,default,yolo,580.178.04,GPU-d59cb1c4-ad97-d91a-6731-e7b5f38951a6
2026-10-10 06:49:59.614195,95.214,9,1g.11gb,yolo-inference-755b67b9bb-6z9g8,default,yolo,580.178.04,GPU-d59cb1c4-ad97-d91a-6731-e7b5f38951a6
2026-10-10 06:50:04.609575,95.352,10,1g.11gb,yolo-inference-755b67b9bb-jvw65,default,yolo,580.178.04,GPU-d59cb1c4-ad97-d91a-6731-e7b5f38951a6
2026-10-10 06:50:04.609575,95.235,11,1g.11gb,yolo-inference-755b67b9bb-tpwv7,default,yolo,580.178.04,GPU-d59cb1c4-ad97-d91a-6731-e7b5f38951a6
2026-10-10 06:50:04.609575,95.232,12,1g.11gb,yolo-inference-755b67b9bb-cmfkj,default,yolo,580.178.04,GPU-d59cb1c4-ad97-d91a-6731-e7b5f38951a6
2026-10-10 06:50:04.609575,95.264,13,1g.11gb,yolo-inference-755b67b9bb-7kvtl,default,yolo,580.178.04,GPU-d59cb1c4-ad97-d91a-6731-e7b5f38951a6
2026-10-10 06:50:04.609575,95.275,7,1g.11gb,yolo-inference-755b67b9bb-6w2jk,default,yolo,580.178.04,GPU-d59cb1c4-ad97-d91a-6731-e7b5f38951a6
2026-10-10 06:50:04.609575,95.232,8,1g.11gb,yolo-inference-755b67b9bb-zbflb,default,yolo,580.178.04,GPU-d59cb1c4-ad97-d91a-6731-e7b5f38951a6
2026-10-10 06:50:04.609575,95.214,9,1g.11gb,yolo-inference-755b67b9bb-6z9g8,default,yolo,580.178.04,GPU-d59cb1c4-ad97-d91a-6731-e7b5f38951a6
2026-10-10 06:50:09.613666,95.352,10,1g.11gb,yolo-inference-755b67b9bb-jvw65,default,yolo,580.178.04,GPU-d59cb1c4-ad97-d91a-6731-e7b5f38951a6
2026-10-10 06:50:09.613666,95.235,11,1g.11gb,yolo-inference-755b67b9bb-tpwv7,default,yolo,580.178.04,GPU-d59cb1c4-ad97-d91a-6731-e7b5f38951a6
2026-10-10 06:50:09.613666,95.232,12,1g.11gb,yolo-inference-755b67b9bb-cmfkj,default,yolo,580.178.04,GPU-d59cb1c4-ad97-d91a-6731-e7b5f38951a6
2026-10-10 06:50:09.613666,95.264,13,1g.11gb,yolo-inference-755b67b9bb-7kvtl,default,yolo,580.178.04,GPU-d59cb1c4-ad97-d91a-6731-e7b5f38951a6
2026-10-10 06:50:09.613666,95.275,7,1g.11gb,yolo-inference-755b67b9bb-6w2jk,default,yolo,580.178.04,GPU-d59cb1c4-ad97-d91a-6731-e7b5f38951a6
2026-10-10 06:50:09.613666,95.232,8,1g.11gb,yolo-inference-755b67b9bb-zbflb,default,yolo,580.178.04,GPU-d59cb1c4-ad97-d91a-6731-e7b5f38951a6
2026-10-10 06:50:09.613666,95.214,9,1g.11gb,yolo-inference-755b67b9bb-6z9g8,default,yolo,580.178.04,GPU-d59cb1c4-ad97-d91a-6731-e7b5f38951a6
2026-10-10 06:50:14.614197,95.254,10,1g.11gb,yolo-inference-755b67b9bb-jvw65,default,yolo,580.178.04,GPU-d59cb1c4-ad97-d91a-6731-e7b5f38951a6
2026-10-10 06:50:14.614197,95.264,11,1g.11gb,yolo-inference-755b67b9bb-tpwv7,default,yolo,580.178.04,GPU-d59cb1c4-ad97-d91a-6731-e7b5f38951a6
2026-10-10 06:50:14.614197,95.128,12,1g.11gb,yolo-inference-755b67b9bb-cmfkj,default,yolo,580.178.04,GPU-d59cb1c4-ad97-d91a-6731-e7b5f38951a6
2026-10-10 06:50:14.614197,95.288,13,1g.11gb,yolo-inference-755b67b9bb-7kvtl,default,yolo,580.178.04,GPU-d59cb1c4-ad97-d91a-6731-e7b5f38951a6
2026-10-10 06:50:14.614197,95.227,7,1g.11gb,yolo-inference-755b67b9bb-6w2jk,default,yolo,580.178.04,GPU-d59cb1c4-ad97-d91a-6731-e7b5f38951a6
2026-10-10 06:50:14.614197,95.311,8,1g.11gb,yolo-inference-755b67b9bb-zbflb,default,yolo,580.178.04,GPU-d59cb1c4-ad97-d91a-6731-e7b5f38951a6
2026-10-10 06:50:14.614197,95.264,9,1g.11gb,yolo-inference-755b67b9bb-6z9g8,default,yolo,580.178.04,GPU-d59cb1c4-ad97-d91a-6731-e7b5f38951a6
2026-10-10 06:50:19.610501,95.254,10,1g.11gb,yolo-inference-755b67b9bb-jvw65,default,yolo,580.178.04,GPU-d59cb1c4-ad97-d91a-6731-e7b5f38951a6
2026-10-10 06:50:19.610501,95.264,11,1g.11gb,yolo-inference-755b67b9bb-tpwv7,default,yolo,580.178.04,GPU-d59cb1c4-ad97-d91a-6731-e7b5f38951a6
2026-10-10 06:50:19.610501,95.128,12,1g.11gb,yolo-inference-755b67b9bb-cmfkj,default,yolo,580.178.04,GPU-d59cb1c4-ad97-d91a-6731-e7b5f38951a6
2026-10-10 06:50:19.610501,95.288,13,1g.11gb,yolo-inference-755b67b9bb-7kvtl,default,yolo,580.178.04,GPU-d59cb1c4-ad97-d91a-6731-e7b5f38951a6
2026-10-10 06:50:19.610501,95.227,7,1g.11gb,yolo-inference-755b67b9bb-6w2jk,default,yolo,580.178.04,GPU-d59cb1c4-ad97-d91a-6731-e7b5f38951a6
2026-10-10 06:50:19.610501,95.311,8,1g.11gb,yolo-inference-755b67b9bb-zbflb,default,yolo,580.178.04,GPU-d59cb1c4-ad97-d91a-6731-e7b5f38951a6
2026-10-10 06:50:19.610501,95.264,9,1g.11gb,yolo-inference-755b67b9bb-6z9g8,default,yolo,580.178.04,GPU-d59cb1c4-ad97-d91a-6731-e7b5f38951a6
2026-10-10 06:50:24.614231,95.254,10,1g.11gb,yolo-inference-755b67b9bb-jvw65,default,yolo,580.178.04,GPU-d59cb1c4-ad97-d91a-6731-e7b5f38951a6
2026-10-10 06:50:24.614231,95.264,11,1g.11gb,yolo-inference-755b67b9bb-tpwv7,default,yolo,580.178.04,GPU-d59cb1c4-ad97-d91a-6731-e7b5f38951a6
2026-10-10 06:50:24.614231,95.128,12,1g.11gb,yolo-inference-755b67b9bb-cmfkj,default,yolo,580.178.04,GPU-d59cb1c4-ad97-d91a-6731-e7b5f38951a6
2026-10-10 06:50:24.614231,95.288,13,1g.11gb,yolo-inference-755b67b9bb-7kvtl,default,yolo,580.178.04,GPU-d59cb1c4-ad97-d91a-6731-e7b5f38951a6
2026-10-10 06:50:24.614231,95.227,7,1g.11gb,yolo-inference-755b67b9bb-6w2jk,default,yolo,580.178.04,GPU-d59cb1c4-ad97-d91a-6731-e7b5f38951a6
2026-10-10 06:50:24.614231,95.311,8,1g.11gb,yolo-inference-755b67b9bb-zbflb,default,yolo,580.178.04,GPU-d59cb1c4-ad97-d91a-6731-e7b5f38951a6
2026-10-10 06:50:24.614231,95.264,9,1g.11gb,yolo-inference-755b67b9bb-6z9g8,default,yolo,580.178.04,GPU-d59cb1c4-ad97-d91a-6731-e7b5f38951a6
2026-10-10 06:50:29.614144,95.254,10,1g.11gb,yolo-inference-755b67b9bb-jvw65,default,yolo,580.178.04,GPU-d59cb1c4-ad97-d91a-6731-e7b5f38951a6
2026-10-10 06:50:29.614144,95.264,11,1g.11gb,yolo-inference-755b67b9bb-tpwv7,default,yolo,580.178.04,GPU-d59cb1c4-ad97-d91a-6731-e7b5f38951a6
2026-10-10 06:50:29.614144,95.128,12,1g.11gb,yolo-inference-755b67b9bb-cmfkj,default,yolo,580.178.04,GPU-d59cb1c4-ad97-d91a-6731-e7b5f38951a6
2026-10-10 06:50:29.614144,95.288,13,1g.11gb,yolo-inference-755b67b9bb-7kvtl,default,yolo,580.178.04,GPU-d59cb1c4-ad97-d91a-6731-e7b5f38951a6
2026-10-10 06:50:29.614144,95.227,7,1g.11gb,yolo-inference-755b67b9bb-6w2jk,default,yolo,580.178.04,GPU-d59cb1c4-ad97-d91a-6731-e7b5f38951a6
2026-10-10 06:50:29.614144,95.311,8,1g.11gb,yolo-inference-755b67b9bb-zbflb,default,yolo,580.178.04,GPU-d59cb1c4-ad97-d91a-6731-e7b5f38951a6
2026-10-10 06:50:29.614144,95.264,9,1g.11gb,yolo-inference-755b67b9bb-6z9g8,default,yolo,580.178.04,GPU-d59cb1c4-ad97-d91a-6731-e7b5f38951a6
2026-10-10 06:50:34.614227,95.254,10,1g.11gb,yolo-inference-755b67b9bb-jvw65,default,yolo,580.178.04,GPU-d59cb1c4-ad97-d91a-6731-e7b5f38951a6
2026-10-10 06:50:34.614227,95.264,11,1g.11gb,yolo-inference-755b67b9bb-tpwv7,default,yolo,580.178.04,GPU-d59cb1c4-ad97-d91a-6731-e7b5f38951a6
2026-10-10 06:50:34.614227,95.128,12,1g.11gb,yolo-inference-755b67b9bb-cmfkj,default,yolo,580.178.04,GPU-d59cb1c4-ad97-d91a-6731-e7b5f38951a6
2026-10-10 06:50:34.614227,95.288,13,1g.11gb,yolo-inference-755b67b9bb-7kvtl,default,yolo,580.178.04,GPU-d59cb1c4-ad97-d91a-6731-e7b5f38951a6
2026-10-10 06:50:34.614227,95.227,7,1g.11gb,yolo-inference-755b67b9bb-6w2jk,default,yolo,580.178.04,GPU-d59cb1c4-ad97-d91a-6731-e7b5f38951a6
2026-10-10 06:50:34.614227,95.311,8,1g.11gb,yolo-inference-755b67b9bb-zbflb,default,yolo,580.178.04,GPU-d59cb1c4-ad97-d91a-6731-e7b5f38951a6
2026-10-10 06:50:34.614227,95.264,9,1g.11gb,yolo-inference-755b67b9bb-6z9g8,default,yolo,580.178.04,GPU-d59cb1c4-ad97-d91a-6731-e7b5f38951a6
2026-10-10 06:50:39.613863,95.254,10,1g.11gb,yolo-inference-755b67b9bb-jvw65,default,yolo,580.178.04,GPU-d59cb1c4-ad97-d91a-6731-e7b5f38951a6
2026-10-10 06:50:39.613863,95.264,11,1g.11gb,yolo-inference-755b67b9bb-tpwv7,default,yolo,580.178.04,GPU-d59cb1c4-ad97-d91a-6731-e7b5f38951a6
2026-10-10 06:50:39.613863,95.128,12,1g.11gb,yolo-inference-755b67b9bb-cmfkj,default,yolo,580.178.04,GPU-d59cb1c4-ad97-d91a-6731-e7b5f38951a6
2026-10-10 06:50:39.613863,95.288,13,1g.11gb,yolo-inference-755b67b9bb-7kvtl,default,yolo,580.178.04,GPU-d59cb1c4-ad97-d91a-6731-e7b5f38951a6
2026-10-10 06:50:39.613863,95.227,7,1g.11gb,yolo-inference-755b67b9bb-6w2jk,default,yolo,580.178.04,GPU-d59cb1c4-ad97-d91a-6731-e7b5f38951a6
2026-10-10 06:50:39.613863,95.311,8,1g.11gb,yolo-inference-755b67b9bb-zbflb,default,yolo,580.178.04,GPU-d59cb1c4-ad97-d91a-6731-e7b5f38951a6
2026-10-10 06:50:39.613863,95.264,9,1g.11gb,yolo-inference-755b67b9bb-6z9g8,default,yolo,580.178.04,GPU-d59cb1c4-ad97-d91a-6731-e7b5f38951a6
2026-10-10 06:50:44.614199,95.066,10,1g.11gb,yolo-inference-755b67b9bb-jvw65,default,yolo,580.178.04,GPU-d59cb1c4-ad97-d91a-6731-e7b5f38951a6
2026-10-10 06:50:44.614199,95.231,11,1g.11gb,yolo-inference-755b67b9bb-tpwv7,default,yolo,580.178.04,GPU-d59cb1c4-ad97-d91a-6731-e7b5f38951a6
2026-10-10 06:50:44.614199,95.132,12,1g.11gb,yolo-inference-755b67b9bb-cmfkj,default,yolo,580.178.04,GPU-d59cb1c4-ad97-d91a-6731-e7b5f38951a6
2026-10-10 06:50:44.614199,95.298,13,1g.11gb,yolo-inference-755b67b9bb-7kvtl,default,yolo,580.178.04,GPU-d59cb1c4-ad97-d91a-6731-e7b5f38951a6
2026-10-10 06:50:44.614199,95.038,7,1g.11gb,yolo-inference-755b67b9bb-6w2jk,default,yolo,580.178.04,GPU-d59cb1c4-ad97-d91a-6731-e7b5f38951a6
2026-10-10 06:50:44.614199,95.159,8,1g.11gb,yolo-inference-755b67b9bb-zbflb,default,yolo,580.178.04,GPU-d59cb1c4-ad97-d91a-6731-e7b5f38951a6
2026-10-10 06:50:44.614199,95.231,9,1g.11gb,yolo-inference-755b67b9bb-6z9g8,default,yolo,580.178.04,GPU-d59cb1c4-ad97-d91a-6731-e7b5f38951a6
2026-10-10 06:50:49.611624,95.066,10,1g.11gb,yolo-inference-755b67b9bb-jvw65,default,yolo,580.178.04,GPU-d59cb1c4-ad97-d91a-6731-e7b5f38951a6
2026-10-10 06:50:49.611624,95.231,11,1g.11gb,yolo-inference-755b67b9bb-tpwv7,default,yolo,580.178.04,GPU-d59cb1c4-ad97-d91a-6731-e7b5f38951a6
2026-10-10 06:50:49.611624,95.132,12,1g.11gb,yolo-inference-755b67b9bb-cmfkj,default,yolo,580.178.04,GPU-d59cb1c4-ad97-d91a-6731-e7b5f38951a6
2026-10-10 06:50:49.611624,95.298,13,1g.11gb,yolo-inference-755b67b9bb-7kvtl,default,yolo,580.178.04,GPU-d59cb1c4-ad97-d91a-6731-e7b5f38951a6
2026-10-10 06:50:49.611624,95.038,7,1g.11gb,yolo-inference-755b67b9bb-6w2jk,default,yolo,580.178.04,GPU-d59cb1c4-ad97-d91a-6731-e7b5f38951a6
2026-10-10 06:50:49.611624,95.159,8,1g.11gb,yolo-inference-755b67b9bb-zbflb,default,yolo,580.178.04,GPU-d59cb1c4-ad97-d91a-6731-e7b5f38951a6
2026-10-10 06:50:49.611624,95.231,9,1g.11gb,yolo-inference-755b67b9bb-6z9g8,default,yolo,580.178.04,GPU-d59cb1c4-ad97-d91a-6731-e7b5f38951a6
2026-10-10 06:50:54.614259,95.066,10,1g.11gb,yolo-inference-755b67b9bb-jvw65,default,yolo,580.178.04,GPU-d59cb1c4-ad97-d91a-6731-e7b5f38951a6
2026-10-10 06:50:54.614259,95.231,11,1g.11gb,yolo-inference-755b67b9bb-tpwv7,default,yolo,580.178.04,GPU-d59cb1c4-ad97-d91a-6731-e7b5f38951a6
2026-10-10 06:50:54.614259,95.132,12,1g.11gb,yolo-inference-755b67b9bb-cmfkj,default,yolo,580.178.04,GPU-d59cb1c4-ad97-d91a-6731-e7b5f38951a6
2026-10-10 06:50:54.614259,95.298,13,1g.11gb,yolo-inference-755b67b9bb-7kvtl,default,yolo,580.178.04,GPU-d59cb1c4-ad97-d91a-6731-e7b5f38951a6
2026-10-10 06:50:54.614259,95.038,7,1g.11gb,yolo-inference-755b67b9bb-6w2jk,default,yolo,580.178.04,GPU-d59cb1c4-ad97-d91a-6731-e7b5f38951a6
2026-10-10 06:50:54.614259,95.159,8,1g.11gb,yolo-inference-755b67b9bb-zbflb,default,yolo,580.178.04,GPU-d59cb1c4-ad97-d91a-6731-e7b5f38951a6
2026-10-10 06:50:54.614259,95.231,9,1g.11gb,yolo-inference-755b67b9bb-6z9g8,default,yolo,580.178.04,GPU-d59cb1c4-ad97-d91a-6731-e7b5f38951a6
2026-10-10 06:50:59.613665,95.066,10,1g.11gb,yolo-inference-755b67b9bb-jvw65,default,yolo,580.178.04,GPU-d59cb1c4-ad97-d91a-6731-e7b5f38951a6
2026-10-10 06:50:59.613665,95.231,11,1g.11gb,yolo-inference-755b67b9bb-tpwv7,default,yolo,580.178.04,GPU-d59cb1c4-ad97-d91a-6731-e7b5f38951a6
2026-10-10 06:50:59.613665,95.132,12,1g.11gb,yolo-inference-755b67b9bb-cmfkj,default,yolo,580.178.04,GPU-d59cb1c4-ad97-d91a-6731-e7b5f38951a6
2026-10-10 06:50:59.613665,95.298,13,1g.11gb,yolo-inference-755b67b9bb-7kvtl,default,yolo,580.178.04,GPU-d59cb1c4-ad97-d91a-6731-e7b5f38951a6
2026-10-10 06:50:59.613665,95.038,7,1g.11gb,yolo-inference-755b67b9bb-6w2jk,default,yolo,580.178.04,GPU-d59cb1c4-ad97-d91a-6731-e7b5f38951a6
2026-10-10 06:50:59.613665,95.159,8,1g.11gb,yolo-inference-755b67b9bb-zbflb,default,yolo,580.178.04,GPU-d59cb1c4-ad97-d91a-6731-e7b5f38951a6
2026-10-10 06:50:59.613665,95.231,9,1g.11gb,yolo-inference-755b67b9bb-6z9g8,default,yolo,580.178.04,GPU-d59cb1c4-ad97-d91a-6731-e7b5f38951a6
2026-10-10 06:51:04.614218,95.066,10,1g.11gb,yolo-inference-755b67b9bb-jvw65,default,yolo,580.178.04,GPU-d59cb1c4-ad97-d91a-6731-e7b5f38951a6
2026-10-10 06:51:04.614218,95.231,11,1g.11gb,yolo-inference-755b67b9bb-tpwv7,default,yolo,580.178.04,GPU-d59cb1c4-ad97-d91a-6731-e7b5f38951a6
2026-10-10 06:51:04.614218,95.132,12,1g.11gb,yolo-inference-755b67b9bb-cmfkj,default,yolo,580.178.04,GPU-d59cb1c4-ad97-d91a-6731-e7b5f38951a6
2026-10-10 06:51:04.614218,95.298,13,1g.11gb,yolo-inference-755b67b9bb-7kvtl,default,yolo,580.178.04,GPU-d59cb1c4-ad97-d91a-6731-e7b5f38951a6
2026-10-10 06:51:04.614218,95.038,7,1g.11gb,yolo-inference-755b67b9bb-6w2jk,default,yolo,580.178.04,GPU-d59cb1c4-ad97-d91a-6731-e7b5f38951a6
2026-10-10 06:51:04.614218,95.159,8,1g.11gb,yolo-inference-755b67b9bb-zbflb,default,yolo,580.178.04,GPU-d59cb1c4-ad97-d91a-6731-e7b5f38951a6
2026-10-10 06:51:04.614218,95.231,9,1g.11gb,yolo-inference-755b67b9bb-6z9g8,default,yolo,580.178.04,GPU-d59cb1c4-ad97-d91a-6731-e7b5f38951a6
2026-10-10 06:51:09.614192,95.066,10,1g.11gb,yolo-inference-755b67b9bb-jvw65,default,yolo,580.178.04,GPU-d59cb1c4-ad97-d91a-6731-e7b5f38951a6
2026-10-10 06:51:09.614192,95.231,11,1g.11gb,yolo-inference-755b67b9bb-tpwv7,default,yolo,580.178.04,GPU-d59cb1c4-ad97-d91a-6731-e7b5f38951a6
2026-10-10 06:51:09.614192,95.132,12,1g.11gb,yolo-inference-755b67b9bb-cmfkj,default,yolo,580.178.04,GPU-d59cb1c4-ad97-d91a-6731-e7b5f38951a6
2026-10-10 06:51:09.614192,95.298,13,1g.11gb,yolo-inference-755b67b9bb-7kvtl,default,yolo,580.178.04,GPU-d59cb1c4-ad97-d91a-6731-e7b5f38951a6
2026-10-10 06:51:09.614192,95.038,7,1g.11gb,yolo-inference-755b67b9bb-6w2jk,default,yolo,580.178.04,GPU-d59cb1c4-ad97-d91a-6731-e7b5f38951a6
2026-10-10 06:51:09.614192,95.159,8,1g.11gb,yolo-inference-755b67b9bb-zbflb,default,yolo,580.178.04,GPU-d59cb1c4-ad97-d91a-6731-e7b5f38951a6
2026-10-10 06:51:09.614192,95.231,9,1g.11gb,yolo-inference-755b67b9bb-6z9g8,default,yolo,580.178.04,GPU-d59cb1c4-ad97-d91a-6731-e7b5f38951a6
2026-10-10 06:51:14.610960,95.094,10,1g.11gb,yolo-inference-755b67b9bb-jvw65,default,yolo,580.178.04,GPU-d59cb1c4-ad97-d91a-6731-e7b5f38951a6
2026-10-10 06:51:14.610960,95.378,11,1g.11gb,yolo-inference-755b67b9bb-tpwv7,default,yolo,580.178.04,GPU-d59cb1c4-ad97-d91a-6731-e7b5f38951a6
2026-10-10 06:51:14.610960,95.224,12,1g.11gb,yolo-inference-755b67b9bb-cmfkj,default,yolo,580.178.04,GPU-d59cb1c4-ad97-d91a-6731-e7b5f38951a6
2026-10-10 06:51:14.610960,95.267,13,1g.11gb,yolo-inference-755b67b9bb-7kvtl,default,yolo,580.178.04,GPU-d59cb1c4-ad97-d91a-6731-e7b5f38951a6
2026-10-10 06:51:14.610960,95.117,7,1g.11gb,yolo-inference-755b67b9bb-6w2jk,default,yolo,580.178.04,GPU-d59cb1c4-ad97-d91a-6731-e7b5f38951a6
2026-10-10 06:51:14.610960,95.224,8,1g.11gb,yolo-inference-755b67b9bb-zbflb,default,yolo,580.178.04,GPU-d59cb1c4-ad97-d91a-6731-e7b5f38951a6
2026-10-10 06:51:14.610960,95.378,9,1g.11gb,yolo-inference-755b67b9bb-6z9g8,default,yolo,580.178.04,GPU-d59cb1c4-ad97-d91a-6731-e7b5f38951a6
2026-10-10 06:51:19.609917,95.094,10,1g.11gb,yolo-inference-755b67b9bb-jvw65,default,yolo,580.178.04,GPU-d59cb1c4-ad97-d91a-6731-e7b5f38951a6
2026-10-10 06:51:19.609917,95.378,11,1g.11gb,yolo-inference-755b67b9bb-tpwv7,default,yolo,580.178.04,GPU-d59cb1c4-ad97-d91a-6731-e7b5f38951a6
2026-10-10 06:51:19.609917,95.224,12,1g.11gb,yolo-inference-755b67b9bb-cmfkj,default,yolo,580.178.04,GPU-d59cb1c4-ad97-d91a-6731-e7b5f38951a6
2026-10-10 06:51:19.609917,95.267,13,1g.11gb,yolo-inference-755b67b9bb-7kvtl,default,yolo,580.178.04,GPU-d59cb1c4-ad97-d91a-6731-e7b5f38951a6
2026-10-10 06:51:19.609917,95.117,7,1g.11gb,yolo-inference-755b67b9bb-6w2jk,default,yolo,580.178.04,GPU-d59cb1c4-ad97-d91a-6731-e7b5f38951a6
2026-10-10 06:51:19.609917,95.224,8,1g.11gb,yolo-inference-755b67b9bb-zbflb,default,yolo,580.178.04,GPU-d59cb1c4-ad97-d91a-6731-e7b5f38951a6
2026-10-10 06:51:19.609917,95.378,9,1g.11gb,yolo-inference-755b67b9bb-6z9g8,default,yolo,580.178.04,GPU-d59cb1c4-ad97-d91a-6731-e7b5f38951a6
2026-10-10 06:51:24.613696,95.094,10,1g.11gb,yolo-inference-755b67b9bb-jvw65,default,yolo,580.178.04,GPU-d59cb1c4-ad97-d91a-6731-e7b5f38951a6
2026-10-10 06:51:24.613696,95.378,11,1g.11gb,yolo-inference-755b67b9bb-tpwv7,default,yolo,580.178.04,GPU-d59cb1c4-ad97-d91a-6731-e7b5f38951a6
2026-10-10 06:51:24.613696,95.224,12,1g.11gb,yolo-inference-755b67b9bb-cmfkj,default,yolo,580.178.04,GPU-d59cb1c4-ad97-d91a-6731-e7b5f38951a6
2026-10-10 06:51:24.613696,95.267,13,1g.11gb,yolo-inference-755b67b9bb-7kvtl,default,yolo,580.178.04,GPU-d59cb1c4-ad97-d91a-6731-e7b5f38951a6
2026-10-10 06:51:24.613696,95.117,7,1g.11gb,yolo-inference-755b67b9bb-6w2jk,default,yolo,580.178.04,GPU-d59cb1c4-ad97-d91a-6731-e7b5f38951a6
2026-10-10 06:51:24.613696,95.224,8,1g.11gb,yolo-inference-755b67b9bb-zbflb,default,yolo,580.178.04,GPU-d59cb1c4-ad97-d91a-6731-e7b5f38951a6
2026-10-10 06:51:24.613696,95.378,9,1g.11gb,yolo-inference-755b67b9bb-6z9g8,default,yolo,580.178.04,GPU-d59cb1c4-ad97-d91a-6731-e7b5f38951a6
2026-10-10 06:51:29.609507,95.094,10,1g.11gb,yolo-inference-755b67b9bb-jvw65,default,yolo,580.178.04,GPU-d59cb1c4-ad97-d91a-6731-e7b5f38951a6
2026-10-10 06:51:29.609507,95.378,11,1g.11gb,yolo-inference-755b67b9bb-tpwv7,default,yolo,580.178.04,GPU-d59cb1c4-ad97-d91a-6731-e7b5f38951a6
2026-10-10 06:51:29.609507,95.224,12,1g.11gb,yolo-inference-755b67b9bb-cmfkj,default,yolo,580.178.04,GPU-d59cb1c4-ad97-d91a-6731-e7b5f38951a6
2026-10-10 06:51:29.609507,95.267,13,1g.11gb,yolo-inference-755b67b9bb-7kvtl,default,yolo,580.178.04,GPU-d59cb1c4-ad97-d91a-6731-e7b5f38951a6
2026-10-10 06:51:29.609507,95.117,7,1g.11gb,yolo-inference-755b67b9bb-6w2jk,default,yolo,580.178.04,GPU-d59cb1c4-ad97-d91a-6731-e7b5f38951a6
2026-10-10 06:51:29.609507,95.224,8,1g.11gb,yolo-inference-755b67b9bb-zbflb,default,yolo,580.178.04,GPU-d59cb1c4-ad97-d91a-6731-e7b5f38951a6
2026-10-10 06:51:29.609507,95.378,9,1g.11gb,yolo-inference-755b67b9bb-6z9g8,default,yolo,580.178.04,GPU-d59cb1c4-ad97-d91a-6731-e7b5f38951a6
2026-10-10 06:51:34.614215,95.094,10,1g.11gb,yolo-inference-755b67b9bb-jvw65,default,yolo,580.178.04,GPU-d59cb1c4-ad97-d91a-6731-e7b5f38951a6
2026-10-10 06:51:34.614215,95.378,11,1g.11gb,yolo-inference-755b67b9bb-tpwv7,default,yolo,580.178.04,GPU-d59cb1c4-ad97-d91a-6731-e7b5f38951a6
2026-10-10 06:51:34.614215,95.224,12,1g.11gb,yolo-inference-755b67b9bb-cmfkj,default,yolo,580.178.04,GPU-d59cb1c4-ad97-d91a-6731-e7b5f38951a6
2026-10-10 06:51:34.614215,95.267,13,1g.11gb,yolo-inference-755b67b9bb-7kvtl,default,yolo,580.178.04,GPU-d59cb1c4-ad97-d91a-6731-e7b5f38951a6
2026-10-10 06:51:34.614215,95.117,7,1g.11gb,yolo-inference-755b67b9bb-6w2jk,default,yolo,580.178.04,GPU-d59cb1c4-ad97-d91a-6731-e7b5f38951a6
2026-10-10 06:51:34.614215,95.224,8,1g.11gb,yolo-inference-755b67b9bb-zbflb,default,yolo,580.178.04,GPU-d59cb1c4-ad97-d91a-6731-e7b5f38951a6
2026-10-10 06:51:34.614215,95.378,9,1g.11gb,yolo-inference-755b67b9bb-6z9g8,default,yolo,580.178.04,GPU-d59cb1c4-ad97-d91a-6731-e7b5f38951a6
2026-10-10 06:51:39.614209,95.094,10,1g.11gb,yolo-inference-755b67b9bb-jvw65,default,yolo,580.178.04,GPU-d59cb1c4-ad97-d91a-6731-e7b5f38951a6
2026-10-10 06:51:39.614209,95.378,11,1g.11gb,yolo-inference-755b67b9bb-tpwv7,default,yolo,580.178.04,GPU-d59cb1c4-ad97-d91a-6731-e7b5f38951a6
2026-10-10 06:51:39.614209,95.224,12,1g.11gb,yolo-inference-755b67b9bb-cmfkj,default,yolo,580.178.04,GPU-d59cb1c4-ad97-d91a-6731-e7b5f38951a6
2026-10-10 06:51:39.614209,95.267,13,1g.11gb,yolo-inference-755b67b9bb-7kvtl,default,yolo,580.178.04,GPU-d59cb1c4-ad97-d91a-6731-e7b5f38951a6
2026-10-10 06:51:39.614209,95.117,7,1g.11gb,yolo-inference-755b67b9bb-6w2jk,default,yolo,580.178.04,GPU-d59cb1c4-ad97-d91a-6731-e7b5f38951a6
2026-10-10 06:51:39.614209,95.224,8,1g.11gb,yolo-inference-755b67b9bb-zbflb,default,yolo,580.178.04,GPU-d59cb1c4-ad97-d91a-6731-e7b5f38951a6
2026-10-10 06:51:39.614209,95.378,9,1g.11gb,yolo-inference-755b67b9bb-6z9g8,default,yolo,580.178.04,GPU-d59cb1c4-ad97-d91a-6731-e7b5f38951a6
2026-10-10 06:51:44.614180,95.281,10,1g.11gb,yolo-inference-755b67b9bb-jvw65,default,yolo,580.178.04,GPU-d59cb1c4-ad97-d91a-6731-e7b5f38951a6
2026-10-10 06:51:44.614180,95.001,11,1g.11gb,yolo-inference-755b67b9bb-tpwv7,default,yolo,580.178.04,GPU-d59cb1c4-ad97-d91a-6731-e7b5f38951a6
2026-10-10 06:51:44.614180,94.995,12,1g.11gb,yolo-inference-755b67b9bb-cmfkj,default,yolo,580.178.04,GPU-d59cb1c4-ad97-d91a-6731-e7b5f38951a6
2026-10-10 06:51:44.614180,95.349,13,1g.11gb,yolo-inference-755b67b9bb-7kvtl,default,yolo,580.178.04,GPU-d59cb1c4-ad97-d91a-6731-e7b5f38951a6
2026-10-10 06:51:44.614180,95.13,7,1g.11gb,yolo-inference-755b67b9bb-6w2jk,default,yolo,580.178.04,GPU-d59cb1c4-ad97-d91a-6731-e7b5f38951a6
2026-10-10 06:51:44.614180,94.995,8,1g.11gb,yolo-inference-755b67b9bb-zbflb,default,yolo,580.178.04,GPU-d59cb1c4-ad97-d91a-6731-e7b5f38951a6
2026-10-10 06:51:44.614180,95.001,9,1g.11gb,yolo-inference-755b67b9bb-6z9g8,default,yolo,580.178.04,GPU-d59cb1c4-ad97-d91a-6731-e7b5f38951a6
2026-10-10 06:51:49.614220,95.281,10,1g.11gb,yolo-inference-755b67b9bb-jvw65,default,yolo,580.178.04,GPU-d59cb1c4-ad97-d91a-6731-e7b5f38951a6
2026-10-10 06:51:49.614220,95.001,11,1g.11gb,yolo-inference-755b67b9bb-tpwv7,default,yolo,580.178.04,GPU-d59cb1c4-ad97-d91a-6731-e7b5f38951a6
2026-10-10 06:51:49.614220,94.995,12,1g.11gb,yolo-inference-755b67b9bb-cmfkj,default,yolo,580.178.04,GPU-d59cb1c4-ad97-d91a-6731-e7b5f38951a6
2026-10-10 06:51:49.614220,95.349,13,1g.11gb,yolo-inference-755b67b9bb-7kvtl,default,yolo,580.178.04,GPU-d59cb1c4-ad97-d91a-6731-e7b5f38951a6
2026-10-10 06:51:49.614220,95.13,7,1g.11gb,yolo-inference-755b67b9bb-6w2jk,default,yolo,580.178.04,GPU-d59cb1c4-ad97-d91a-6731-e7b5f38951a6
2026-10-10 06:51:49.614220,94.995,8,1g.11gb,yolo-inference-755b67b9bb-zbflb,default,yolo,580.178.04,GPU-d59cb1c4-ad97-d91a-6731-e7b5f38951a6
2026-10-10 06:51:49.614220,95.001,9,1g.11gb,yolo-inference-755b67b9bb-6z9g8,default,yolo,580.178.04,GPU-d59cb1c4-ad97-d91a-6731-e7b5f38951a6
2026-10-10 06:51:54.609786,95.281,10,1g.11gb,yolo-inference-755b67b9bb-jvw65,default,yolo,580.178.04,GPU-d59cb1c4-ad97-d91a-6731-e7b5f38951a6
2026-10-10 06:51:54.609786,95.001,11,1g.11gb,yolo-inference-755b67b9bb-tpwv7,default,yolo,580.178.04,GPU-d59cb1c4-ad97-d91a-6731-e7b5f38951a6
2026-10-10 06:51:54.609786,94.995,12,1g.11gb,yolo-inference-755b67b9bb-cmfkj,default,yolo,580.178.04,GPU-d59cb1c4-ad97-d91a-6731-e7b5f38951a6
2026-10-10 06:51:54.609786,95.349,13,1g.11gb,yolo-inference-755b67b9bb-7kvtl,default,yolo,580.178.04,GPU-d59cb1c4-ad97-d91a-6731-e7b5f38951a6
2026-10-10 06:51:54.609786,95.13,7,1g.11gb,yolo-inference-755b67b9bb-6w2jk,default,yolo,580.178.04,GPU-d59cb1c4-ad97-d91a-6731-e7b5f38951a6
2026-10-10 06:51:54.609786,94.995,8,1g.11gb,yolo-inference-755b67b9bb-zbflb,default,yolo,580.178.04,GPU-d59cb1c4-ad97-d91a-6731-e7b5f38951a6
2026-10-10 06:51:54.609786,95.001,9,1g.11gb,yolo-inference-755b67b9bb-6z9g8,default,yolo,580.178.04,GPU-d59cb1c4-ad97-d91a-6731-e7b5f38951a6
2026-10-10 06:51:59.614202,95.281,10,1g.11gb,yolo-inference-755b67b9bb-jvw65,default,yolo,580.178.04,GPU-d59cb1c4-ad97-d91a-6731-e7b5f38951a6
2026-10-10 06:51:59.614202,95.001,11,1g.11gb,yolo-inference-755b67b9bb-tpwv7,default,yolo,580.178.04,GPU-d59cb1c4-ad97-d91a-6731-e7b5f38951a6
2026-10-10 06:51:59.614202,94.995,12,1g.11gb,yolo-inference-755b67b9bb-cmfkj,default,yolo,580.178.04,GPU-d59cb1c4-ad97-d91a-6731-e7b5f38951a6
2026-10-10 06:51:59.614202,95.349,13,1g.11gb,yolo-inference-755b67b9bb-7kvtl,default,yolo,580.178.04,GPU-d59cb1c4-ad97-d91a-6731-e7b5f38951a6
2026-10-10 06:51:59.614202,95.13,7,1g.11gb,yolo-inference-755b67b9bb-6w2jk,default,yolo,580.178.04,GPU-d59cb1c4-ad97-d91a-6731-e7b5f38951a6
2026-10-10 06:51:59.614202,94.995,8,1g.11gb,yolo-inference-755b67b9bb-zbflb,default,yolo,580.178.04,GPU-d59cb1c4-ad97-d91a-6731-e7b5f38951a6
2026-10-10 06:51:59.614202,95.001,9,1g.11gb,yolo-inference-755b67b9bb-6z9g8,default,yolo,580.178.04,GPU-d59cb1c4-ad97-d91a-6731-e7b5f38951a6
2026-10-10 06:52:04.614186,95.281,10,1g.11gb,yolo-inference-755b67b9bb-jvw65,default,yolo,580.178.04,GPU-d59cb1c4-ad97-d91a-6731-e7b5f38951a6
2026-10-10 06:52:04.614186,95.001,11,1g.11gb,yolo-inference-755b67b9bb-tpwv7,default,yolo,580.178.04,GPU-d59cb1c4-ad97-d91a-6731-e7b5f38951a6
2026-10-10 06:52:04.614186,94.995,12,1g.11gb,yolo-inference-755b67b9bb-cmfkj,default,yolo,580.178.04,GPU-d59cb1c4-ad97-d91a-6731-e7b5f38951a6
2026-10-10 06:52:04.614186,95.349,13,1g.11gb,yolo-inference-755b67b9bb-7kvtl,default,yolo,580.178.04,GPU-d59cb1c4-ad97-d91a-6731-e7b5f38951a6
2026-10-10 06:52:04.614186,95.13,7,1g.11gb,yolo-inference-755b67b9bb-6w2jk,default,yolo,580.178.04,GPU-d59cb1c4-ad97-d91a-6731-e7b5f38951a6
2026-10-10 06:52:04.614186,94.995,8,1g.11gb,yolo-inference-755b67b9bb-zbflb,default,yolo,580.178.04,GPU-d59cb1c4-ad97-d91a-6731-e7b5f38951a6
2026-10-10 06:52:04.614186,95.001,9,1g.11gb,yolo-inference-755b67b9bb-6z9g8,default,yolo,580.178.04,GPU-d59cb1c4-ad97-d91a-6731-e7b5f38951a6
2026-10-10 06:52:09.612701,95.281,10,1g.11gb,yolo-inference-755b67b9bb-jvw65,default,yolo,580.178.04,GPU-d59cb1c4-ad97-d91a-6731-e7b5f38951a6
2026-10-10 06:52:09.612701,95.001,11,1g.11gb,yolo-inference-755b67b9bb-tpwv7,default,yolo,580.178.04,GPU-d59cb1c4-ad97-d91a-6731-e7b5f38951a6
2026-10-10 06:52:09.612701,94.995,12,1g.11gb,yolo-inference-755b67b9bb-cmfkj,default,yolo,580.178.04,GPU-d59cb1c4-ad97-d91a-6731-e7b5f38951a6
2026-10-10 06:52:09.612701,95.349,13,1g.11gb,yolo-inference-755b67b9bb-7kvtl,default,yolo,580.178.04,GPU-d59cb1c4-ad97-d91a-6731-e7b5f38951a6
2026-10-10 06:52:09.612701,95.13,7,1g.11gb,yolo-inference-755b67b9bb-6w2jk,default,yolo,580.178.04,GPU-d59cb1c4-ad97-d91a-6731-e7b5f38951a6
2026-10-10 06:52:09.612701,94.995,8,1g.11gb,yolo-inference-755b67b9bb-zbflb,default,yolo,580.178.04,GPU-d59cb1c4-ad97-d91a-6731-e7b5f38951a6
2026-10-10 06:52:09.612701,95.001,9,1g.11gb,yolo-inference-755b67b9bb-6z9g8,default,yolo,580.178.04,GPU-d59cb1c4-ad97-d91a-6731-e7b5f38951a6
2026-10-10 06:52:14.614198,95.172,10,1g.11gb,yolo-inference-755b67b9bb-jvw65,default,yolo,580.178.04,GPU-d59cb1c4-ad97-d91a-6731-e7b5f38951a6
2026-10-10 06:52:14.614198,94.935,11,1g.11gb,yolo-inference-755b67b9bb-tpwv7,default,yolo,580.178.04,GPU-d59cb1c4-ad97-d91a-6731-e7b5f38951a6
2026-10-10 06:52:14.614198,94.986,12,1g.11gb,yolo-inference-755b67b9bb-cmfkj,default,yolo,580.178.04,GPU-d59cb1c4-ad97-d91a-6731-e7b5f38951a6
2026-10-10 06:52:14.614198,95.236,13,1g.11gb,yolo-inference-755b67b9bb-7kvtl,default,yolo,580.178.04,GPU-d59cb1c4-ad97-d91a-6731-e7b5f38951a6
2026-10-10 06:52:14.614198,95.305,7,1g.11gb,yolo-inference-755b67b9bb-6w2jk,default,yolo,580.178.04,GPU-d59cb1c4-ad97-d91a-6731-e7b5f38951a6
2026-10-10 06:52:14.614198,94.986,8,1g.11gb,yolo-inference-755b67b9bb-zbflb,default,yolo,580.178.04,GPU-d59cb1c4-ad97-d91a-6731-e7b5f38951a6
2026-10-10 06:52:14.614198,95.235,9,1g.11gb,yolo-inference-755b67b9bb-6z9g8,default,yolo,580.178.04,GPU-d59cb1c4-ad97-d91a-6731-e7b5f38951a6
2026-10-10 06:52:19.614194,95.172,10,1g.11gb,yolo-inference-755b67b9bb-jvw65,default,yolo,580.178.04,GPU-d59cb1c4-ad97-d91a-6731-e7b5f38951a6
2026-10-10 06:52:19.614194,94.935,11,1g.11gb,yolo-inference-755b67b9bb-tpwv7,default,yolo,580.178.04,GPU-d59cb1c4-ad97-d91a-6731-e7b5f38951a6
2026-10-10 06:52:19.614194,94.986,12,1g.11gb,yolo-inference-755b67b9bb-cmfkj,default,yolo,580.178.04,GPU-d59cb1c4-ad97-d91a-6731-e7b5f38951a6
2026-10-10 06:52:19.614194,95.236,13,1g.11gb,yolo-inference-755b67b9bb-7kvtl,default,yolo,580.178.04,GPU-d59cb1c4-ad97-d91a-6731-e7b5f38951a6
2026-10-10 06:52:19.614194,95.305,7,1g.11gb,yolo-inference-755b67b9bb-6w2jk,default,yolo,580.178.04,GPU-d59cb1c4-ad97-d91a-6731-e7b5f38951a6
2026-10-10 06:52:19.614194,94.986,8,1g.11gb,yolo-inference-755b67b9bb-zbflb,default,yolo,580.178.04,GPU-d59cb1c4-ad97-d91a-6731-e7b5f38951a6
2026-10-10 06:52:19.614194,95.235,9,1g.11gb,yolo-inference-755b67b9bb-6z9g8,default,yolo,580.178.04,GPU-d59cb1c4-ad97-d91a-6731-e7b5f38951a6
2026-10-10 06:52:24.613152,95.172,10,1g.11gb,yolo-inference-755b67b9bb-jvw65,default,yolo,580.178.04,GPU-d59cb1c4-ad97-d91a-6731-e7b5f38951a6
2026-10-10 06:52:24.613152,94.935,11,1g.11gb,yolo-inference-755b67b9bb-tpwv7,default,yolo,580.178.04,GPU-d59cb1c4-ad97-d91a-6731-e7b5f38951a6
2026-10-10 06:52:24.613152,94.986,12,1g.11gb,yolo-inference-755b67b9bb-cmfkj,default,yolo,580.178.04,GPU-d59cb1c4-ad97-d91a-6731-e7b5f38951a6
2026-10-10 06:52:24.613152,95.236,13,1g.11gb,yolo-inference-755b67b9bb-7kvtl,default,yolo,580.178.04,GPU-d59cb1c4-ad97-d91a-6731-e7b5f38951a6
2026-10-10 06:52:24.613152,95.305,7,1g.11gb,yolo-inference-755b67b9bb-6w2jk,default,yolo,580.178.04,GPU-d59cb1c4-ad97-d91a-6731-e7b5f38951a6
2026-10-10 06:52:24.613152,94.986,8,1g.11gb,yolo-inference-755b67b9bb-zbflb,default,yolo,580.178.04,GPU-d59cb1c4-ad97-d91a-6731-e7b5f38951a6
2026-10-10 06:52:24.613152,95.235,9,1g.11gb,yolo-inference-755b67b9bb-6z9g8,default,yolo,580.178.04,GPU-d59cb1c4-ad97-d91a-6731-e7b5f38951a6
2026-10-10 06:52:29.614194,95.172,10,1g.11gb,yolo-inference-755b67b9bb-jvw65,default,yolo,580.178.04,GPU-d59cb1c4-ad97-d91a-6731-e7b5f38951a6
2026-10-10 06:52:29.614194,94.935,11,1g.11gb,yolo-inference-755b67b9bb-tpwv7,default,yolo,580.178.04,GPU-d59cb1c4-ad97-d91a-6731-e7b5f38951a6
2026-10-10 06:52:29.614194,94.986,12,1g.11gb,yolo-inference-755b67b9bb-cmfkj,default,yolo,580.178.04,GPU-d59cb1c4-ad97-d91a-6731-e7b5f38951a6
2026-10-10 06:52:29.614194,95.236,13,1g.11gb,yolo-inference-755b67b9bb-7kvtl,default,yolo,580.178.04,GPU-d59cb1c4-ad97-d91a-6731-e7b5f38951a6
2026-10-10 06:52:29.614194,95.305,7,1g.11gb,yolo-inference-755b67b9bb-6w2jk,default,yolo,580.178.04,GPU-d59cb1c4-ad97-d91a-6731-e7b5f38951a6
2026-10-10 06:52:29.614194,94.986,8,1g.11gb,yolo-inference-755b67b9bb-zbflb,default,yolo,580.178.04,GPU-d59cb1c4-ad97-d91a-6731-e7b5f38951a6
2026-10-10 06:52:29.614194,95.235,9,1g.11gb,yolo-inference-755b67b9bb-6z9g8,default,yolo,580.178.04,GPU-d59cb1c4-ad97-d91a-6731-e7b5f38951a6
2026-10-10 06:52:34.611590,95.172,10,1g.11gb,yolo-inference-755b67b9bb-jvw65,default,yolo,580.178.04,GPU-d59cb1c4-ad97-d91a-6731-e7b5f38951a6
2026-10-10 06:52:34.611590,94.935,11,1g.11gb,yolo-inference-755b67b9bb-tpwv7,default,yolo,580.178.04,GPU-d59cb1c4-ad97-d91a-6731-e7b5f38951a6
2026-10-10 06:52:34.611590,94.986,12,1g.11gb,yolo-inference-755b67b9bb-cmfkj,default,yolo,580.178.04,GPU-d59cb1c4-ad97-d91a-6731-e7b5f38951a6
2026-10-10 06:52:34.611590,95.236,13,1g.11gb,yolo-inference-755b67b9bb-7kvtl,default,yolo,580.178.04,GPU-d59cb1c4-ad97-d91a-6731-e7b5f38951a6
2026-10-10 06:52:34.611590,95.305,7,1g.11gb,yolo-inference-755b67b9bb-6w2jk,default,yolo,580.178.04,GPU-d59cb1c4-ad97-d91a-6731-e7b5f38951a6
2026-10-10 06:52:34.611590,94.986,8,1g.11gb,yolo-inference-755b67b9bb-zbflb,default,yolo,580.178.04,GPU-d59cb1c4-ad97-d91a-6731-e7b5f38951a6
2026-10-10 06:52:34.611590,95.235,9,1g.11gb,yolo-inference-755b67b9bb-6z9g8,default,yolo,580.178.04,GPU-d59cb1c4-ad97-d91a-6731-e7b5f38951a6
2026-10-10 06:52:39.612024,95.172,10,1g.11gb,yolo-inference-755b67b9bb-jvw65,default,yolo,580.178.04,GPU-d59cb1c4-ad97-d91a-6731-e7b5f38951a6
2026-10-10 06:52:39.612024,94.935,11,1g.11gb,yolo-inference-755b67b9bb-tpwv7,default,yolo,580.178.04,GPU-d59cb1c4-ad97-d91a-6731-e7b5f38951a6
2026-10-10 06:52:39.612024,94.986,12,1g.11gb,yolo-inference-755b67b9bb-cmfkj,default,yolo,580.178.04,GPU-d59cb1c4-ad97-d91a-6731-e7b5f38951a6
2026-10-10 06:52:39.612024,95.236,13,1g.11gb,yolo-inference-755b67b9bb-7kvtl,default,yolo,580.178.04,GPU-d59cb1c4-ad97-d91a-6731-e7b5f38951a6
2026-10-10 06:52:39.612024,95.305,7,1g.11gb,yolo-inference-755b67b9bb-6w2jk,default,yolo,580.178.04,GPU-d59cb1c4-ad97-d91a-6731-e7b5f38951a6
2026-10-10 06:52:39.612024,94.986,8,1g.11gb,yolo-inference-755b67b9bb-zbflb,default,yolo,580.178.04,GPU-d59cb1c4-ad97-d91a-6731-e7b5f38951a6
2026-10-10 06:52:39.612024,95.235,9,1g.11gb,yolo-inference-755b67b9bb-6z9g8,default,yolo,580.178.04,GPU-d59cb1c4-ad97-d91a-6731-e7b5f38951a6
2026-10-10 06:52:44.613773,95.226,10,1g.11gb,yolo-inference-755b67b9bb-jvw65,default,yolo,580.178.04,GPU-d59cb1c4-ad97-d91a-6731-e7b5f38951a6
2026-10-10 06:52:44.613773,95.079,11,1g.11gb,yolo-inference-755b67b9bb-tpwv7,default,yolo,580.178.04,GPU-d59cb1c4-ad97-d91a-6731-e7b5f38951a6
2026-10-10 06:52:44.613773,95.133,12,1g.11gb,yolo-inference-755b67b9bb-cmfkj,default,yolo,580.178.04,GPU-d59cb1c4-ad97-d91a-6731-e7b5f38951a6
2026-10-10 06:52:44.613773,95.182,13,1g.11gb,yolo-inference-755b67b9bb-7kvtl,default,yolo,580.178.04,GPU-d59cb1c4-ad97-d91a-6731-e7b5f38951a6
2026-10-10 06:52:44.613773,95.177,7,1g.11gb,yolo-inference-755b67b9bb-6w2jk,default,yolo,580.178.04,GPU-d59cb1c4-ad97-d91a-6731-e7b5f38951a6
2026-10-10 06:52:44.613773,95.133,8,1g.11gb,yolo-inference-755b67b9bb-zbflb,default,yolo,580.178.04,GPU-d59cb1c4-ad97-d91a-6731-e7b5f38951a6
2026-10-10 06:52:44.613773,95.09,9,1g.11gb,yolo-inference-755b67b9bb-6z9g8,default,yolo,580.178.04,GPU-d59cb1c4-ad97-d91a-6731-e7b5f38951a6
2026-10-10 06:52:49.610158,95.226,10,1g.11gb,yolo-inference-755b67b9bb-jvw65,default,yolo,580.178.04,GPU-d59cb1c4-ad97-d91a-6731-e7b5f38951a6
2026-10-10 06:52:49.610158,95.079,11,1g.11gb,yolo-inference-755b67b9bb-tpwv7,default,yolo,580.178.04,GPU-d59cb1c4-ad97-d91a-6731-e7b5f38951a6
2026-10-10 06:52:49.610158,95.133,12,1g.11gb,yolo-inference-755b67b9bb-cmfkj,default,yolo,580.178.04,GPU-d59cb1c4-ad97-d91a-6731-e7b5f38951a6
2026-10-10 06:52:49.610158,95.182,13,1g.11gb,yolo-inference-755b67b9bb-7kvtl,default,yolo,580.178.04,GPU-d59cb1c4-ad97-d91a-6731-e7b5f38951a6
2026-10-10 06:52:49.610158,95.177,7,1g.11gb,yolo-inference-755b67b9bb-6w2jk,default,yolo,580.178.04,GPU-d59cb1c4-ad97-d91a-6731-e7b5f38951a6
2026-10-10 06:52:49.610158,95.133,8,1g.11gb,yolo-inference-755b67b9bb-zbflb,default,yolo,580.178.04,GPU-d59cb1c4-ad97-d91a-6731-e7b5f38951a6
2026-10-10 06:52:49.610158,95.09,9,1g.11gb,yolo-inference-755b67b9bb-6z9g8,default,yolo,580.178.04,GPU-d59cb1c4-ad97-d91a-6731-e7b5f38951a6
2026-10-10 06:52:54.614196,95.226,10,1g.11gb,yolo-inference-755b67b9bb-jvw65,default,yolo,580.178.04,GPU-d59cb1c4-ad97-d91a-6731-e7b5f38951a6
2026-10-10 06:52:54.614196,95.079,11,1g.11gb,yolo-inference-755b67b9bb-tpwv7,default,yolo,580.178.04,GPU-d59cb1c4-ad97-d91a-6731-e7b5f38951a6
2026-10-10 06:52:54.614196,95.133,12,1g.11gb,yolo-inference-755b67b9bb-cmfkj,default,yolo,580.178.04,GPU-d59cb1c4-ad97-d91a-6731-e7b5f38951a6
2026-10-10 06:52:54.614196,95.182,13,1g.11gb,yolo-inference-755b67b9bb-7kvtl,default,yolo,580.178.04,GPU-d59cb1c4-ad97-d91a-6731-e7b5f38951a6
2026-10-10 06:52:54.614196,95.177,7,1g.11gb,yolo-inference-755b67b9bb-6w2jk,default,yolo,580.178.04,GPU-d59cb1c4-ad97-d91a-6731-e7b5f38951a6
2026-10-10 06:52:54.614196,95.133,8,1g.11gb,yolo-inference-755b67b9bb-zbflb,default,yolo,580.178.04,GPU-d59cb1c4-ad97-d91a-6731-e7b5f38951a6
2026-10-10 06:52:54.614196,95.09,9,1g.11gb,yolo-inference-755b67b9bb-6z9g8,default,yolo,580.178.04,GPU-d59cb1c4-ad97-d91a-6731-e7b5f38951a6
2026-10-10 06:52:59.611186,95.226,10,1g.11gb,yolo-inference-755b67b9bb-jvw65,default,yolo,580.178.04,GPU-d59cb1c4-ad97-d91a-6731-e7b5f38951a6
2026-10-10 06:52:59.611186,95.079,11,1g.11gb,yolo-inference-755b67b9bb-tpwv7,default,yolo,580.178.04,GPU-d59cb1c4-ad97-d91a-6731-e7b5f38951a6
2026-10-10 06:52:59.611186,95.133,12,1g.11gb,yolo-inference-755b67b9bb-cmfkj,default,yolo,580.178.04,GPU-d59cb1c4-ad97-d91a-6731-e7b5f38951a6
2026-10-10 06:52:59.611186,95.182,13,1g.11gb,yolo-inference-755b67b9bb-7kvtl,default,yolo,580.178.04,GPU-d59cb1c4-ad97-d91a-6731-e7b5f38951a6
2026-10-10 06:52:59.611186,95.177,7,1g.11gb,yolo-inference-755b67b9bb-6w2jk,default,yolo,580.178.04,GPU-d59cb1c4-ad97-d91a-6731-e7b5f38951a6
2026-10-10 06:52:59.611186,95.133,8,1g.11gb,yolo-inference-755b67b9bb-zbflb,default,yolo,580.178.04,GPU-d59cb1c4-ad97-d91a-6731-e7b5f38951a6
2026-10-10 06:52:59.611186,95.09,9,1g.11gb,yolo-inference-755b67b9bb-6z9g8,default,yolo,580.178.04,GPU-d59cb1c4-ad97-d91a-6731-e7b5f38951a6
2026-10-10 06:53:04.613623,95.226,10,1g.11gb,yolo-inference-755b67b9bb-jvw65,default,yolo,580.178.04,GPU-d59cb1c4-ad97-d91a-6731-e7b5f38951a6
2026-10-10 06:53:04.613623,95.079,11,1g.11gb,yolo-inference-755b67b9bb-tpwv7,default,yolo,580.178.04,GPU-d59cb1c4-ad97-d91a-6731-e7b5f38951a6
2026-10-10 06:53:04.613623,95.133,12,1g.11gb,yolo-inference-755b67b9bb-cmfkj,default,yolo,580.178.04,GPU-d59cb1c4-ad97-d91a-6731-e7b5f38951a6
2026-10-10 06:53:04.613623,95.182,13,1g.11gb,yolo-inference-755b67b9bb-7kvtl,default,yolo,580.178.04,GPU-d59cb1c4-ad97-d91a-6731-e7b5f38951a6
2026-10-10 06:53:04.613623,95.177,7,1g.11gb,yolo-inference-755b67b9bb-6w2jk,default,yolo,580.178.04,GPU-d59cb1c4-ad97-d91a-6731-e7b5f38951a6
2026-10-10 06:53:04.613623,95.133,8,1g.11gb,yolo-inference-755b67b9bb-zbflb,default,yolo,580.178.04,GPU-d59cb1c4-ad97-d91a-6731-e7b5f38951a6
2026-10-10 06:53:04.613623,95.09,9,1g.11gb,yolo-inference-755b67b9bb-6z9g8,default,yolo,580.178.04,GPU-d59cb1c4-ad97-d91a-6731-e7b5f38951a6
2026-10-10 06:53:09.614192,95.226,10,1g.11gb,yolo-inference-755b67b9bb-jvw65,default,yolo,580.178.04,GPU-d59cb1c4-ad97-d91a-6731-e7b5f38951a6
2026-10-10 06:53:09.614192,95.079,11,1g.11gb,yolo-inference-755b67b9bb-tpwv7,default,yolo,580.178.04,GPU-d59cb1c4-ad97-d91a-6731-e7b5f38951a6
2026-10-10 06:53:09.614192,95.133,12,1g.11gb,yolo-inference-755b67b9bb-cmfkj,default,yolo,580.178.04,GPU-d59cb1c4-ad97-d91a-6731-e7b5f38951a6
2026-10-10 06:53:09.614192,95.182,13,1g.11gb,yolo-inference-755b67b9bb-7kvtl,default,yolo,580.178.04,GPU-d59cb1c4-ad97-d91a-6731-e7b5f38951a6
2026-10-10 06:53:09.614192,95.177,7,1g.11gb,yolo-inference-755b67b9bb-6w2jk,default,yolo,580.178.04,GPU-d59cb1c4-ad97-d91a-6731-e7b5f38951a6
2026-10-10 06:53:09.614192,95.133,8,1g.11gb,yolo-inference-755b67b9bb-zbflb,default,yolo,580.178.04,GPU-d59cb1c4-ad97-d91a-6731-e7b5f38951a6
2026-10-10 06:53:09.614192,95.09,9,1g.11gb,yolo-inference-755b67b9bb-6z9g8,default,yolo,580.178.04,GPU-d59cb1c4-ad97-d91a-6731-e7b5f38951a6
2026-10-10 06:53:14.610137,95.161,10,1g.11gb,yolo-inference-755b67b9bb-jvw65,default,yolo,580.178.04,GPU-d59cb1c4-ad97-d91a-6731-e7b5f38951a6
2026-10-10 06:53:14.610137,95.22,11,1g.11gb,yolo-inference-755b67b9bb-tpwv7,default,yolo,580.178.04,GPU-d59cb1c4-ad97-d91a-6731-e7b5f38951a6
2026-10-10 06:53:14.610137,95.207,12,1g.11gb,yolo-inference-755b67b9bb-cmfkj,default,yolo,580.178.04,GPU-d59cb1c4-ad97-d91a-6731-e7b5f38951a6
2026-10-10 06:53:14.610137,95.363,13,1g.11gb,yolo-inference-755b67b9bb-7kvtl,default,yolo,580.178.04,GPU-d59cb1c4-ad97-d91a-6731-e7b5f38951a6
2026-10-10 06:53:14.610137,95.078,7,1g.11gb,yolo-inference-755b67b9bb-6w2jk,default,yolo,580.178.04,GPU-d59cb1c4-ad97-d91a-6731-e7b5f38951a6
2026-10-10 06:53:14.610137,95.207,8,1g.11gb,yolo-inference-755b67b9bb-zbflb,default,yolo,580.178.04,GPU-d59cb1c4-ad97-d91a-6731-e7b5f38951a6
2026-10-10 06:53:14.610137,95.25,9,1g.11gb,yolo-inference-755b67b9bb-6z9g8,default,yolo,580.178.04,GPU-d59cb1c4-ad97-d91a-6731-e7b5f38951a6
2026-10-10 06:53:19.613666,95.161,10,1g.11gb,yolo-inference-755b67b9bb-jvw65,default,yolo,580.178.04,GPU-d59cb1c4-ad97-d91a-6731-e7b5f38951a6
2026-10-10 06:53:19.613666,95.22,11,1g.11gb,yolo-inference-755b67b9bb-tpwv7,default,yolo,580.178.04,GPU-d59cb1c4-ad97-d91a-6731-e7b5f38951a6
2026-10-10 06:53:19.613666,95.207,12,1g.11gb,yolo-inference-755b67b9bb-cmfkj,default,yolo,580.178.04,GPU-d59cb1c4-ad97-d91a-6731-e7b5f38951a6
2026-10-10 06:53:19.613666,95.363,13,1g.11gb,yolo-inference-755b67b9bb-7kvtl,default,yolo,580.178.04,GPU-d59cb1c4-ad97-d91a-6731-e7b5f38951a6
2026-10-10 06:53:19.613666,95.078,7,1g.11gb,yolo-inference-755b67b9bb-6w2jk,default,yolo,580.178.04,GPU-d59cb1c4-ad97-d91a-6731-e7b5f38951a6
2026-10-10 06:53:19.613666,95.207,8,1g.11gb,yolo-inference-755b67b9bb-zbflb,default,yolo,580.178.04,GPU-d59cb1c4-ad97-d91a-6731-e7b5f38951a6
2026-10-10 06:53:19.613666,95.25,9,1g.11gb,yolo-inference-755b67b9bb-6z9g8,default,yolo,580.178.04,GPU-d59cb1c4-ad97-d91a-6731-e7b5f38951a6
2026-10-10 06:53:24.614198,95.161,10,1g.11gb,yolo-inference-755b67b9bb-jvw65,default,yolo,580.178.04,GPU-d59cb1c4-ad97-d91a-6731-e7b5f38951a6
2026-10-10 06:53:24.614198,95.22,11,1g.11gb,yolo-inference-755b67b9bb-tpwv7,default,yolo,580.178.04,GPU-d59cb1c4-ad97-d91a-6731-e7b5f38951a6
2026-10-10 06:53:24.614198,95.207,12,1g.11gb,yolo-inference-755b67b9bb-cmfkj,default,yolo,580.178.04,GPU-d59cb1c4-ad97-d91a-6731-e7b5f38951a6
2026-10-10 06:53:24.614198,95.363,13,1g.11gb,yolo-inference-755b67b9bb-7kvtl,default,yolo,580.178.04,GPU-d59cb1c4-ad97-d91a-6731-e7b5f38951a6
2026-10-10 06:53:24.614198,95.078,7,1g.11gb,yolo-inference-755b67b9bb-6w2jk,default,yolo,580.178.04,GPU-d59cb1c4-ad97-d91a-6731-e7b5f38951a6
2026-10-10 06:53:24.614198,95.207,8,1g.11gb,yolo-inference-755b67b9bb-zbflb,default,yolo,580.178.04,GPU-d59cb1c4-ad97-d91a-6731-e7b5f38951a6
2026-10-10 06:53:24.614198,95.25,9,1g.11gb,yolo-inference-755b67b9bb-6z9g8,default,yolo,580.178.04,GPU-d59cb1c4-ad97-d91a-6731-e7b5f38951a6
2026-10-10 06:53:29.614189,95.161,10,1g.11gb,yolo-inference-755b67b9bb-jvw65,default,yolo,580.178.04,GPU-d59cb1c4-ad97-d91a-6731-e7b5f38951a6
2026-10-10 06:53:29.614189,95.22,11,1g.11gb,yolo-inference-755b67b9bb-tpwv7,default,yolo,580.178.04,GPU-d59cb1c4-ad97-d91a-6731-e7b5f38951a6
2026-10-10 06:53:29.614189,95.207,12,1g.11gb,yolo-inference-755b67b9bb-cmfkj,default,yolo,580.178.04,GPU-d59cb1c4-ad97-d91a-6731-e7b5f38951a6
2026-10-10 06:53:29.614189,95.363,13,1g.11gb,yolo-inference-755b67b9bb-7kvtl,default,yolo,580.178.04,GPU-d59cb1c4-ad97-d91a-6731-e7b5f38951a6
2026-10-10 06:53:29.614189,95.078,7,1g.11gb,yolo-inference-755b67b9bb-6w2jk,default,yolo,580.178.04,GPU-d59cb1c4-ad97-d91a-6731-e7b5f38951a6
2026-10-10 06:53:29.614189,95.207,8,1g.11gb,yolo-inference-755b67b9bb-zbflb,default,yolo,580.178.04,GPU-d59cb1c4-ad97-d91a-6731-e7b5f38951a6
2026-10-10 06:53:29.614189,95.25,9,1g.11gb,yolo-inference-755b67b9bb-6z9g8,default,yolo,580.178.04,GPU-d59cb1c4-ad97-d91a-6731-e7b5f38951a6
2026-10-10 06:53:34.611543,95.161,10,1g.11gb,yolo-inference-755b67b9bb-jvw65,default,yolo,580.178.04,GPU-d59cb1c4-ad97-d91a-6731-e7b5f38951a6
2026-10-10 06:53:34.611543,95.22,11,1g.11gb,yolo-inference-755b67b9bb-tpwv7,default,yolo,580.178.04,GPU-d59cb1c4-ad97-d91a-6731-e7b5f38951a6
2026-10-10 06:53:34.611543,95.207,12,1g.11gb,yolo-inference-755b67b9bb-cmfkj,default,yolo,580.178.04,GPU-d59cb1c4-ad97-d91a-6731-e7b5f38951a6
2026-10-10 06:53:34.611543,95.363,13,1g.11gb,yolo-inference-755b67b9bb-7kvtl,default,yolo,580.178.04,GPU-d59cb1c4-ad97-d91a-6731-e7b5f38951a6
2026-10-10 06:53:34.611543,95.078,7,1g.11gb,yolo-inference-755b67b9bb-6w2jk,default,yolo,580.178.04,GPU-d59cb1c4-ad97-d91a-6731-e7b5f38951a6
2026-10-10 06:53:34.611543,95.207,8,1g.11gb,yolo-inference-755b67b9bb-zbflb,default,yolo,580.178.04,GPU-d59cb1c4-ad97-d91a-6731-e7b5f38951a6
2026-10-10 06:53:34.611543,95.25,9,1g.11gb,yolo-inference-755b67b9bb-6z9g8,default,yolo,580.178.04,GPU-d59cb1c4-ad97-d91a-6731-e7b5f38951a6
2026-10-10 06:53:39.613694,95.161,10,1g.11gb,yolo-inference-755b67b9bb-jvw65,default,yolo,580.178.04,GPU-d59cb1c4-ad97-d91a-6731-e7b5f38951a6
2026-10-10 06:53:39.613694,95.22,11,1g.11gb,yolo-inference-755b67b9bb-tpwv7,default,yolo,580.178.04,GPU-d59cb1c4-ad97-d91a-6731-e7b5f38951a6
2026-10-10 06:53:39.613694,95.207,12,1g.11gb,yolo-inference-755b67b9bb-cmfkj,default,yolo,580.178.04,GPU-d59cb1c4-ad97-d91a-6731-e7b5f38951a6
2026-10-10 06:53:39.613694,95.363,13,1g.11gb,yolo-inference-755b67b9bb-7kvtl,default,yolo,580.178.04,GPU-d59cb1c4-ad97-d91a-6731-e7b5f38951a6
2026-10-10 06:53:39.613694,95.078,7,1g.11gb,yolo-inference-755b67b9bb-6w2jk,default,yolo,580.178.04,GPU-d59cb1c4-ad97-d91a-6731-e7b5f38951a6
2026-10-10 06:53:39.613694,95.207,8,1g.11gb,yolo-inference-755b67b9bb-zbflb,default,yolo,580.178.04,GPU-d59cb1c4-ad97-d91a-6731-e7b5f38951a6
2026-10-10 06:53:39.613694,95.25,9,1g.11gb,yolo-inference-755b67b9bb-6z9g8,default,yolo,580.178.04,GPU-d59cb1c4-ad97-d91a-6731-e7b5f38951a6
2026-10-10 06:53:44.614220,95.1,10,1g.11gb,yolo-inference-755b67b9bb-jvw65,default,yolo,580.178.04,GPU-d59cb1c4-ad97-d91a-6731-e7b5f38951a6
2026-10-10 06:53:44.614220,95.191,11,1g.11gb,yolo-inference-755b67b9bb-tpwv7,default,yolo,580.178.04,GPU-d59cb1c4-ad97-d91a-6731-e7b5f38951a6
2026-10-10 06:53:44.614220,95.235,12,1g.11gb,yolo-inference-755b67b9bb-cmfkj,default,yolo,580.178.04,GPU-d59cb1c4-ad97-d91a-6731-e7b5f38951a6
2026-10-10 06:53:44.614220,95.246,13,1g.11gb,yolo-inference-755b67b9bb-7kvtl,default,yolo,580.178.04,GPU-d59cb1c4-ad97-d91a-6731-e7b5f38951a6
2026-10-10 06:53:44.614220,95.256,7,1g.11gb,yolo-inference-755b67b9bb-6w2jk,default,yolo,580.178.04,GPU-d59cb1c4-ad97-d91a-6731-e7b5f38951a6
2026-10-10 06:53:44.614220,95.235,8,1g.11gb,yolo-inference-755b67b9bb-zbflb,default,yolo,580.178.04,GPU-d59cb1c4-ad97-d91a-6731-e7b5f38951a6
2026-10-10 06:53:44.614220,95.26,9,1g.11gb,yolo-inference-755b67b9bb-6z9g8,default,yolo,580.178.04,GPU-d59cb1c4-ad97-d91a-6731-e7b5f38951a6
2026-10-10 06:53:49.613662,95.1,10,1g.11gb,yolo-inference-755b67b9bb-jvw65,default,yolo,580.178.04,GPU-d59cb1c4-ad97-d91a-6731-e7b5f38951a6
2026-10-10 06:53:49.613662,95.191,11,1g.11gb,yolo-inference-755b67b9bb-tpwv7,default,yolo,580.178.04,GPU-d59cb1c4-ad97-d91a-6731-e7b5f38951a6
2026-10-10 06:53:49.613662,95.235,12,1g.11gb,yolo-inference-755b67b9bb-cmfkj,default,yolo,580.178.04,GPU-d59cb1c4-ad97-d91a-6731-e7b5f38951a6
2026-10-10 06:53:49.613662,95.246,13,1g.11gb,yolo-inference-755b67b9bb-7kvtl,default,yolo,580.178.04,GPU-d59cb1c4-ad97-d91a-6731-e7b5f38951a6
2026-10-10 06:53:49.613662,95.256,7,1g.11gb,yolo-inference-755b67b9bb-6w2jk,default,yolo,580.178.04,GPU-d59cb1c4-ad97-d91a-6731-e7b5f38951a6
2026-10-10 06:53:49.613662,95.235,8,1g.11gb,yolo-inference-755b67b9bb-zbflb,default,yolo,580.178.04,GPU-d59cb1c4-ad97-d91a-6731-e7b5f38951a6
2026-10-10 06:53:49.613662,95.26,9,1g.11gb,yolo-inference-755b67b9bb-6z9g8,default,yolo,580.178.04,GPU-d59cb1c4-ad97-d91a-6731-e7b5f38951a6
2026-10-10 06:53:54.610314,95.1,10,1g.11gb,yolo-inference-755b67b9bb-jvw65,default,yolo,580.178.04,GPU-d59cb1c4-ad97-d91a-6731-e7b5f38951a6
2026-10-10 06:53:54.610314,95.191,11,1g.11gb,yolo-inference-755b67b9bb-tpwv7,default,yolo,580.178.04,GPU-d59cb1c4-ad97-d91a-6731-e7b5f38951a6
2026-10-10 06:53:54.610314,95.235,12,1g.11gb,yolo-inference-755b67b9bb-cmfkj,default,yolo,580.178.04,GPU-d59cb1c4-ad97-d91a-6731-e7b5f38951a6
2026-10-10 06:53:54.610314,95.246,13,1g.11gb,yolo-inference-755b67b9bb-7kvtl,default,yolo,580.178.04,GPU-d59cb1c4-ad97-d91a-6731-e7b5f38951a6
2026-10-10 06:53:54.610314,95.256,7,1g.11gb,yolo-inference-755b67b9bb-6w2jk,default,yolo,580.178.04,GPU-d59cb1c4-ad97-d91a-6731-e7b5f38951a6
2026-10-10 06:53:54.610314,95.235,8,1g.11gb,yolo-inference-755b67b9bb-zbflb,default,yolo,580.178.04,GPU-d59cb1c4-ad97-d91a-6731-e7b5f38951a6
2026-10-10 06:53:54.610314,95.26,9,1g.11gb,yolo-inference-755b67b9bb-6z9g8,default,yolo,580.178.04,GPU-d59cb1c4-ad97-d91a-6731-e7b5f38951a6
2026-10-10 06:53:59.614203,95.1,10,1g.11gb,yolo-inference-755b67b9bb-jvw65,default,yolo,580.178.04,GPU-d59cb1c4-ad97-d91a-6731-e7b5f38951a6
2026-10-10 06:53:59.614203,95.191,11,1g.11gb,yolo-inference-755b67b9bb-tpwv7,default,yolo,580.178.04,GPU-d59cb1c4-ad97-d91a-6731-e7b5f38951a6
2026-10-10 06:53:59.614203,95.235,12,1g.11gb,yolo-inference-755b67b9bb-cmfkj,default,yolo,580.178.04,GPU-d59cb1c4-ad97-d91a-6731-e7b5f38951a6
2026-10-10 06:53:59.614203,95.246,13,1g.11gb,yolo-inference-755b67b9bb-7kvtl,default,yolo,580.178.04,GPU-d59cb1c4-ad97-d91a-6731-e7b5f38951a6
2026-10-10 06:53:59.614203,95.256,7,1g.11gb,yolo-inference-755b67b9bb-6w2jk,default,yolo,580.178.04,GPU-d59cb1c4-ad97-d91a-6731-e7b5f38951a6
2026-10-10 06:53:59.614203,95.235,8,1g.11gb,yolo-inference-755b67b9bb-zbflb,default,yolo,580.178.04,GPU-d59cb1c4-ad97-d91a-6731-e7b5f38951a6
2026-10-10 06:53:59.614203,95.26,9,1g.11gb,yolo-inference-755b67b9bb-6z9g8,default,yolo,580.178.04,GPU-d59cb1c4-ad97-d91a-6731-e7b5f38951a6
2026-10-10 06:54:04.613593,95.1,10,1g.11gb,yolo-inference-755b67b9bb-jvw65,default,yolo,580.178.04,GPU-d59cb1c4-ad97-d91a-6731-e7b5f38951a6
2026-10-10 06:54:04.613593,95.191,11,1g.11gb,yolo-inference-755b67b9bb-tpwv7,default,yolo,580.178.04,GPU-d59cb1c4-ad97-d91a-6731-e7b5f38951a6
2026-10-10 06:54:04.613593,95.235,12,1g.11gb,yolo-inference-755b67b9bb-cmfkj,default,yolo,580.178.04,GPU-d59cb1c4-ad97-d91a-6731-e7b5f38951a6
2026-10-10 06:54:04.613593,95.246,13,1g.11gb,yolo-inference-755b67b9bb-7kvtl,default,yolo,580.178.04,GPU-d59cb1c4-ad97-d91a-6731-e7b5f38951a6
2026-10-10 06:54:04.613593,95.256,7,1g.11gb,yolo-inference-755b67b9bb-6w2jk,default,yolo,580.178.04,GPU-d59cb1c4-ad97-d91a-6731-e7b5f38951a6
2026-10-10 06:54:04.613593,95.235,8,1g.11gb,yolo-inference-755b67b9bb-zbflb,default,yolo,580.178.04,GPU-d59cb1c4-ad97-d91a-6731-e7b5f38951a6
2026-10-10 06:54:04.613593,95.26,9,1g.11gb,yolo-inference-755b67b9bb-6z9g8,default,yolo,580.178.04,GPU-d59cb1c4-ad97-d91a-6731-e7b5f38951a6
2026-10-10 06:54:09.614201,95.1,10,1g.11gb,yolo-inference-755b67b9bb-jvw65,default,yolo,580.178.04,GPU-d59cb1c4-ad97-d91a-6731-e7b5f38951a6
2026-10-10 06:54:09.614201,95.191,11,1g.11gb,yolo-inference-755b67b9bb-tpwv7,default,yolo,580.178.04,GPU-d59cb1c4-ad97-d91a-6731-e7b5f38951a6
2026-10-10 06:54:09.614201,95.235,12,1g.11gb,yolo-inference-755b67b9bb-cmfkj,default,yolo,580.178.04,GPU-d59cb1c4-ad97-d91a-6731-e7b5f38951a6
2026-10-10 06:54:09.614201,95.246,13,1g.11gb,yolo-inference-755b67b9bb-7kvtl,default,yolo,580.178.04,GPU-d59cb1c4-ad97-d91a-6731-e7b5f38951a6
2026-10-10 06:54:09.614201,95.256,7,1g.11gb,yolo-inference-755b67b9bb-6w2jk,default,yolo,580.178.04,GPU-d59cb1c4-ad97-d91a-6731-e7b5f38951a6
2026-10-10 06:54:09.614201,95.235,8,1g.11gb,yolo-inference-755b67b9bb-zbflb,default,yolo,580.178.04,GPU-d59cb1c4-ad97-d91a-6731-e7b5f38951a6
2026-10-10 06:54:09.614201,95.26,9,1g.11gb,yolo-inference-755b67b9bb-6z9g8,default,yolo,580.178.04,GPU-d59cb1c4-ad97-d91a-6731-e7b5f38951a6
2026-10-10 06:54:14.614200,95.16,10,1g.11gb,yolo-inference-755b67b9bb-jvw65,default,yolo,580.178.04,GPU-d59cb1c4-ad97-d91a-6731-e7b5f38951a6
2026-10-10 06:54:14.614200,95.135,11,1g.11gb,yolo-inference-755b67b9bb-tpwv7,default,yolo,580.178.04,GPU-d59cb1c4-ad97-d91a-6731-e7b5f38951a6
2026-10-10 06:54:14.614200,95.037,12,1g.11gb,yolo-inference-755b67b9bb-cmfkj,default,yolo,580.178.04,GPU-d59cb1c4-ad97-d91a-6731-e7b5f38951a6
2026-10-10 06:54:14.614200,95.19,13,1g.11gb,yolo-inference-755b67b9bb-7kvtl,default,yolo,580.178.04,GPU-d59cb1c4-ad97-d91a-6731-e7b5f38951a6
2026-10-10 06:54:14.614200,95.1,7,1g.11gb,yolo-inference-755b67b9bb-6w2jk,default,yolo,580.178.04,GPU-d59cb1c4-ad97-d91a-6731-e7b5f38951a6
2026-10-10 06:54:14.614200,95.037,8,1g.11gb,yolo-inference-755b67b9bb-zbflb,default,yolo,580.178.04,GPU-d59cb1c4-ad97-d91a-6731-e7b5f38951a6
2026-10-10 06:54:14.614200,95.226,9,1g.11gb,yolo-inference-755b67b9bb-6z9g8,default,yolo,580.178.04,GPU-d59cb1c4-ad97-d91a-6731-e7b5f38951a6
2026-10-10 06:54:19.614194,95.16,10,1g.11gb,yolo-inference-755b67b9bb-jvw65,default,yolo,580.178.04,GPU-d59cb1c4-ad97-d91a-6731-e7b5f38951a6
2026-10-10 06:54:19.614194,95.135,11,1g.11gb,yolo-inference-755b67b9bb-tpwv7,default,yolo,580.178.04,GPU-d59cb1c4-ad97-d91a-6731-e7b5f38951a6
2026-10-10 06:54:19.614194,95.037,12,1g.11gb,yolo-inference-755b67b9bb-cmfkj,default,yolo,580.178.04,GPU-d59cb1c4-ad97-d91a-6731-e7b5f38951a6
2026-10-10 06:54:19.614194,95.19,13,1g.11gb,yolo-inference-755b67b9bb-7kvtl,default,yolo,580.178.04,GPU-d59cb1c4-ad97-d91a-6731-e7b5f38951a6
2026-10-10 06:54:19.614194,95.1,7,1g.11gb,yolo-inference-755b67b9bb-6w2jk,default,yolo,580.178.04,GPU-d59cb1c4-ad97-d91a-6731-e7b5f38951a6
2026-10-10 06:54:19.614194,95.037,8,1g.11gb,yolo-inference-755b67b9bb-zbflb,default,yolo,580.178.04,GPU-d59cb1c4-ad97-d91a-6731-e7b5f38951a6
2026-10-10 06:54:19.614194,95.226,9,1g.11gb,yolo-inference-755b67b9bb-6z9g8,default,yolo,580.178.04,GPU-d59cb1c4-ad97-d91a-6731-e7b5f38951a6
2026-10-10 06:54:24.609983,95.16,10,1g.11gb,yolo-inference-755b67b9bb-jvw65,default,yolo,580.178.04,GPU-d59cb1c4-ad97-d91a-6731-e7b5f38951a6
2026-10-10 06:54:24.609983,95.135,11,1g.11gb,yolo-inference-755b67b9bb-tpwv7,default,yolo,580.178.04,GPU-d59cb1c4-ad97-d91a-6731-e7b5f38951a6
2026-10-10 06:54:24.609983,95.037,12,1g.11gb,yolo-inference-755b67b9bb-cmfkj,default,yolo,580.178.04,GPU-d59cb1c4-ad97-d91a-6731-e7b5f38951a6
2026-10-10 06:54:24.609983,95.19,13,1g.11gb,yolo-inference-755b67b9bb-7kvtl,default,yolo,580.178.04,GPU-d59cb1c4-ad97-d91a-6731-e7b5f38951a6
2026-10-10 06:54:24.609983,95.1,7,1g.11gb,yolo-inference-755b67b9bb-6w2jk,default,yolo,580.178.04,GPU-d59cb1c4-ad97-d91a-6731-e7b5f38951a6
2026-10-10 06:54:24.609983,95.037,8,1g.11gb,yolo-inference-755b67b9bb-zbflb,default,yolo,580.178.04,GPU-d59cb1c4-ad97-d91a-6731-e7b5f38951a6
2026-10-10 06:54:24.609983,95.226,9,1g.11gb,yolo-inference-755b67b9bb-6z9g8,default,yolo,580.178.04,GPU-d59cb1c4-ad97-d91a-6731-e7b5f38951a6
2026-10-10 06:54:29.614209,95.16,10,1g.11gb,yolo-inference-755b67b9bb-jvw65,default,yolo,580.178.04,GPU-d59cb1c4-ad97-d91a-6731-e7b5f38951a6
2026-10-10 06:54:29.614209,95.135,11,1g.11gb,yolo-inference-755b67b9bb-tpwv7,default,yolo,580.178.04,GPU-d59cb1c4-ad97-d91a-6731-e7b5f38951a6
2026-10-10 06:54:29.614209,95.037,12,1g.11gb,yolo-inference-755b67b9bb-cmfkj,default,yolo,580.178.04,GPU-d59cb1c4-ad97-d91a-6731-e7b5f38951a6
2026-10-10 06:54:29.614209,95.19,13,1g.11gb,yolo-inference-755b67b9bb-7kvtl,default,yolo,580.178.04,GPU-d59cb1c4-ad97-d91a-6731-e7b5f38951a6
2026-10-10 06:54:29.614209,95.1,7,1g.11gb,yolo-inference-755b67b9bb-6w2jk,default,yolo,580.178.04,GPU-d59cb1c4-ad97-d91a-6731-e7b5f38951a6
2026-10-10 06:54:29.614209,95.037,8,1g.11gb,yolo-inference-755b67b9bb-zbflb,default,yolo,580.178.04,GPU-d59cb1c4-ad97-d91a-6731-e7b5f38951a6
2026-10-10 06:54:29.614209,95.226,9,1g.11gb,yolo-inference-755b67b9bb-6z9g8,default,yolo,580.178.04,GPU-d59cb1c4-ad97-d91a-6731-e7b5f38951a6
2026-10-10 06:54:34.613425,95.16,10,1g.11gb,yolo-inference-755b67b9bb-jvw65,default,yolo,580.178.04,GPU-d59cb1c4-ad97-d91a-6731-e7b5f38951a6
2026-10-10 06:54:34.613425,95.135,11,1g.11gb,yolo-inference-755b67b9bb-tpwv7,default,yolo,580.178.04,GPU-d59cb1c4-ad97-d91a-6731-e7b5f38951a6
2026-10-10 06:54:34.613425,95.037,12,1g.11gb,yolo-inference-755b67b9bb-cmfkj,default,yolo,580.178.04,GPU-d59cb1c4-ad97-d91a-6731-e7b5f38951a6
2026-10-10 06:54:34.613425,95.19,13,1g.11gb,yolo-inference-755b67b9bb-7kvtl,default,yolo,580.178.04,GPU-d59cb1c4-ad97-d91a-6731-e7b5f38951a6
2026-10-10 06:54:34.613425,95.1,7,1g.11gb,yolo-inference-755b67b9bb-6w2jk,default,yolo,580.178.04,GPU-d59cb1c4-ad97-d91a-6731-e7b5f38951a6
2026-10-10 06:54:34.613425,95.037,8,1g.11gb,yolo-inference-755b67b9bb-zbflb,default,yolo,580.178.04,GPU-d59cb1c4-ad97-d91a-6731-e7b5f38951a6
2026-10-10 06:54:34.613425,95.226,9,1g.11gb,yolo-inference-755b67b9bb-6z9g8,default,yolo,580.178.04,GPU-d59cb1c4-ad97-d91a-6731-e7b5f38951a6
2026-10-10 06:54:39.614197,95.16,10,1g.11gb,yolo-inference-755b67b9bb-jvw65,default,yolo,580.178.04,GPU-d59cb1c4-ad97-d91a-6731-e7b5f38951a6
2026-10-10 06:54:39.614197,95.135,11,1g.11gb,yolo-inference-755b67b9bb-tpwv7,default,yolo,580.178.04,GPU-d59cb1c4-ad97-d91a-6731-e7b5f38951a6
2026-10-10 06:54:39.614197,95.037,12,1g.11gb,yolo-inference-755b67b9bb-cmfkj,default,yolo,580.178.04,GPU-d59cb1c4-ad97-d91a-6731-e7b5f38951a6
2026-10-10 06:54:39.614197,95.19,13,1g.11gb,yolo-inference-755b67b9bb-7kvtl,default,yolo,580.178.04,GPU-d59cb1c4-ad97-d91a-6731-e7b5f38951a6
2026-10-10 06:54:39.614197,95.1,7,1g.11gb,yolo-inference-755b67b9bb-6w2jk,default,yolo,580.178.04,GPU-d59cb1c4-ad97-d91a-6731-e7b5f38951a6
2026-10-10 06:54:39.614197,95.037,8,1g.11gb,yolo-inference-755b67b9bb-zbflb,default,yolo,580.178.04,GPU-d59cb1c4-ad97-d91a-6731-e7b5f38951a6
2026-10-10 06:54:39.614197,95.226,9,1g.11gb,yolo-inference-755b67b9bb-6z9g8,default,yolo,580.178.04,GPU-d59cb1c4-ad97-d91a-6731-e7b5f38951a6
2026-10-10 06:54:44.614206,95.279,10,1g.11gb,yolo-inference-755b67b9bb-jvw65,default,yolo,580.178.04,GPU-d59cb1c4-ad97-d91a-6731-e7b5f38951a6
2026-10-10 06:54:44.614206,95.353,11,1g.11gb,yolo-inference-755b67b9bb-tpwv7,default,yolo,580.178.04,GPU-d59cb1c4-ad97-d91a-6731-e7b5f38951a6
2026-10-10 06:54:44.614206,95.193,12,1g.11gb,yolo-inference-755b67b9bb-cmfkj,default,yolo,580.178.04,GPU-d59cb1c4-ad97-d91a-6731-e7b5f38951a6
2026-10-10 06:54:44.614206,95.311,13,1g.11gb,yolo-inference-755b67b9bb-7kvtl,default,yolo,580.178.04,GPU-d59cb1c4-ad97-d91a-6731-e7b5f38951a6
2026-10-10 06:54:44.614206,95.226,7,1g.11gb,yolo-inference-755b67b9bb-6w2jk,default,yolo,580.178.04,GPU-d59cb1c4-ad97-d91a-6731-e7b5f38951a6
2026-10-10 06:54:44.614206,95.037,8,1g.11gb,yolo-inference-755b67b9bb-zbflb,default,yolo,580.178.04,GPU-d59cb1c4-ad97-d91a-6731-e7b5f38951a6
2026-10-10 06:54:44.614206,95.353,9,1g.11gb,yolo-inference-755b67b9bb-6z9g8,default,yolo,580.178.04,GPU-d59cb1c4-ad97-d91a-6731-e7b5f38951a6
2026-10-10 06:54:49.614289,95.279,10,1g.11gb,yolo-inference-755b67b9bb-jvw65,default,yolo,580.178.04,GPU-d59cb1c4-ad97-d91a-6731-e7b5f38951a6
2026-10-10 06:54:49.614289,95.353,11,1g.11gb,yolo-inference-755b67b9bb-tpwv7,default,yolo,580.178.04,GPU-d59cb1c4-ad97-d91a-6731-e7b5f38951a6
2026-10-10 06:54:49.614289,95.193,12,1g.11gb,yolo-inference-755b67b9bb-cmfkj,default,yolo,580.178.04,GPU-d59cb1c4-ad97-d91a-6731-e7b5f38951a6
2026-10-10 06:54:49.614289,95.311,13,1g.11gb,yolo-inference-755b67b9bb-7kvtl,default,yolo,580.178.04,GPU-d59cb1c4-ad97-d91a-6731-e7b5f38951a6
2026-10-10 06:54:49.614289,95.226,7,1g.11gb,yolo-inference-755b67b9bb-6w2jk,default,yolo,580.178.04,GPU-d59cb1c4-ad97-d91a-6731-e7b5f38951a6
2026-10-10 06:54:49.614289,95.037,8,1g.11gb,yolo-inference-755b67b9bb-zbflb,default,yolo,580.178.04,GPU-d59cb1c4-ad97-d91a-6731-e7b5f38951a6
2026-10-10 06:54:49.614289,95.353,9,1g.11gb,yolo-inference-755b67b9bb-6z9g8,default,yolo,580.178.04,GPU-d59cb1c4-ad97-d91a-6731-e7b5f38951a6
2026-10-10 06:54:54.614203,95.279,10,1g.11gb,yolo-inference-755b67b9bb-jvw65,default,yolo,580.178.04,GPU-d59cb1c4-ad97-d91a-6731-e7b5f38951a6
2026-10-10 06:54:54.614203,95.353,11,1g.11gb,yolo-inference-755b67b9bb-tpwv7,default,yolo,580.178.04,GPU-d59cb1c4-ad97-d91a-6731-e7b5f38951a6
2026-10-10 06:54:54.614203,95.193,12,1g.11gb,yolo-inference-755b67b9bb-cmfkj,default,yolo,580.178.04,GPU-d59cb1c4-ad97-d91a-6731-e7b5f38951a6
2026-10-10 06:54:54.614203,95.311,13,1g.11gb,yolo-inference-755b67b9bb-7kvtl,default,yolo,580.178.04,GPU-d59cb1c4-ad97-d91a-6731-e7b5f38951a6
2026-10-10 06:54:54.614203,95.226,7,1g.11gb,yolo-inference-755b67b9bb-6w2jk,default,yolo,580.178.04,GPU-d59cb1c4-ad97-d91a-6731-e7b5f38951a6
2026-10-10 06:54:54.614203,95.037,8,1g.11gb,yolo-inference-755b67b9bb-zbflb,default,yolo,580.178.04,GPU-d59cb1c4-ad97-d91a-6731-e7b5f38951a6
2026-10-10 06:54:54.614203,95.353,9,1g.11gb,yolo-inference-755b67b9bb-6z9g8,default,yolo,580.178.04,GPU-d59cb1c4-ad97-d91a-6731-e7b5f38951a6
2026-10-10 06:54:59.614207,95.279,10,1g.11gb,yolo-inference-755b67b9bb-jvw65,default,yolo,580.178.04,GPU-d59cb1c4-ad97-d91a-6731-e7b5f38951a6
2026-10-10 06:54:59.614207,95.353,11,1g.11gb,yolo-inference-755b67b9bb-tpwv7,default,yolo,580.178.04,GPU-d59cb1c4-ad97-d91a-6731-e7b5f38951a6
2026-10-10 06:54:59.614207,95.193,12,1g.11gb,yolo-inference-755b67b9bb-cmfkj,default,yolo,580.178.04,GPU-d59cb1c4-ad97-d91a-6731-e7b5f38951a6
2026-10-10 06:54:59.614207,95.311,13,1g.11gb,yolo-inference-755b67b9bb-7kvtl,default,yolo,580.178.04,GPU-d59cb1c4-ad97-d91a-6731-e7b5f38951a6
2026-10-10 06:54:59.614207,95.226,7,1g.11gb,yolo-inference-755b67b9bb-6w2jk,default,yolo,580.178.04,GPU-d59cb1c4-ad97-d91a-6731-e7b5f38951a6
2026-10-10 06:54:59.614207,95.037,8,1g.11gb,yolo-inference-755b67b9bb-zbflb,default,yolo,580.178.04,GPU-d59cb1c4-ad97-d91a-6731-e7b5f38951a6
2026-10-10 06:54:59.614207,95.353,9,1g.11gb,yolo-inference-755b67b9bb-6z9g8,default,yolo,580.178.04,GPU-d59cb1c4-ad97-d91a-6731-e7b5f38951a6
2026-10-10 06:55:04.614188,95.279,10,1g.11gb,yolo-inference-755b67b9bb-jvw65,default,yolo,580.178.04,GPU-d59cb1c4-ad97-d91a-6731-e7b5f38951a6
2026-10-10 06:55:04.614188,95.353,11,1g.11gb,yolo-inference-755b67b9bb-tpwv7,default,yolo,580.178.04,GPU-d59cb1c4-ad97-d91a-6731-e7b5f38951a6
2026-10-10 06:55:04.614188,95.193,12,1g.11gb,yolo-inference-755b67b9bb-cmfkj,default,yolo,580.178.04,GPU-d59cb1c4-ad97-d91a-6731-e7b5f38951a6
2026-10-10 06:55:04.614188,95.311,13,1g.11gb,yolo-inference-755b67b9bb-7kvtl,default,yolo,580.178.04,GPU-d59cb1c4-ad97-d91a-6731-e7b5f38951a6
2026-10-10 06:55:04.614188,95.226,7,1g.11gb,yolo-inference-755b67b9bb-6w2jk,default,yolo,580.178.04,GPU-d59cb1c4-ad97-d91a-6731-e7b5f38951a6
2026-10-10 06:55:04.614188,95.037,8,1g.11gb,yolo-inference-755b67b9bb-zbflb,default,yolo,580.178.04,GPU-d59cb1c4-ad97-d91a-6731-e7b5f38951a6
2026-10-10 06:55:04.614188,95.353,9,1g.11gb,yolo-inference-755b67b9bb-6z9g8,default,yolo,580.178.04,GPU-d59cb1c4-ad97-d91a-6731-e7b5f38951a6
2026-10-10 06:55:09.609868,95.279,10,1g.11gb,yolo-inference-755b67b9bb-jvw65,default,yolo,580.178.04,GPU-d59cb1c4-ad97-d91a-6731-e7b5f38951a6
2026-10-10 06:55:09.609868,95.353,11,1g.11gb,yolo-inference-755b67b9bb-tpwv7,default,yolo,580.178.04,GPU-d59cb1c4-ad97-d91a-6731-e7b5f38951a6
2026-10-10 06:55:09.609868,95.193,12,1g.11gb,yolo-inference-755b67b9bb-cmfkj,default,yolo,580.178.04,GPU-d59cb1c4-ad97-d91a-6731-e7b5f38951a6
2026-10-10 06:55:09.609868,95.311,13,1g.11gb,yolo-inference-755b67b9bb-7kvtl,default,yolo,580.178.04,GPU-d59cb1c4-ad97-d91a-6731-e7b5f38951a6
2026-10-10 06:55:09.609868,95.226,7,1g.11gb,yolo-inference-755b67b9bb-6w2jk,default,yolo,580.178.04,GPU-d59cb1c4-ad97-d91a-6731-e7b5f38951a6
2026-10-10 06:55:09.609868,95.037,8,1g.11gb,yolo-inference-755b67b9bb-zbflb,default,yolo,580.178.04,GPU-d59cb1c4-ad97-d91a-6731-e7b5f38951a6
2026-10-10 06:55:09.609868,95.353,9,1g.11gb,yolo-inference-755b67b9bb-6z9g8,default,yolo,580.178.04,GPU-d59cb1c4-ad97-d91a-6731-e7b5f38951a6
2026-10-10 06:55:14.609709,92.596,10,1g.11gb,yolo-inference-755b67b9bb-jvw65,default,yolo,580.178.04,GPU-d59cb1c4-ad97-d91a-6731-e7b5f38951a6
2026-10-10 06:55:14.609709,92.221,11,1g.11gb,yolo-inference-755b67b9bb-tpwv7,default,yolo,580.178.04,GPU-d59cb1c4-ad97-d91a-6731-e7b5f38951a6
2026-10-10 06:55:14.609709,92.415,12,1g.11gb,yolo-inference-755b67b9bb-cmfkj,default,yolo,580.178.04,GPU-d59cb1c4-ad97-d91a-6731-e7b5f38951a6
2026-10-10 06:55:14.609709,92.251,13,1g.11gb,yolo-inference-755b67b9bb-7kvtl,default,yolo,580.178.04,GPU-d59cb1c4-ad97-d91a-6731-e7b5f38951a6
2026-10-10 06:55:14.609709,92.469,7,1g.11gb,yolo-inference-755b67b9bb-6w2jk,default,yolo,580.178.04,GPU-d59cb1c4-ad97-d91a-6731-e7b5f38951a6
2026-10-10 06:55:14.609709,92.415,8,1g.11gb,yolo-inference-755b67b9bb-zbflb,default,yolo,580.178.04,GPU-d59cb1c4-ad97-d91a-6731-e7b5f38951a6
2026-10-10 06:55:14.609709,92.221,9,1g.11gb,yolo-inference-755b67b9bb-6z9g8,default,yolo,580.178.04,GPU-d59cb1c4-ad97-d91a-6731-e7b5f38951a6
2026-10-10 06:55:19.610244,92.596,10,1g.11gb,yolo-inference-755b67b9bb-jvw65,default,yolo,580.178.04,GPU-d59cb1c4-ad97-d91a-6731-e7b5f38951a6
2026-10-10 06:55:19.610244,92.221,11,1g.11gb,yolo-inference-755b67b9bb-tpwv7,default,yolo,580.178.04,GPU-d59cb1c4-ad97-d91a-6731-e7b5f38951a6
2026-10-10 06:55:19.610244,92.415,12,1g.11gb,yolo-inference-755b67b9bb-cmfkj,default,yolo,580.178.04,GPU-d59cb1c4-ad97-d91a-6731-e7b5f38951a6
2026-10-10 06:55:19.610244,92.251,13,1g.11gb,yolo-inference-755b67b9bb-7kvtl,default,yolo,580.178.04,GPU-d59cb1c4-ad97-d91a-6731-e7b5f38951a6
2026-10-10 06:55:19.610244,92.469,7,1g.11gb,yolo-inference-755b67b9bb-6w2jk,default,yolo,580.178.04,GPU-d59cb1c4-ad97-d91a-6731-e7b5f38951a6
2026-10-10 06:55:19.610244,92.415,8,1g.11gb,yolo-inference-755b67b9bb-zbflb,default,yolo,580.178.04,GPU-d59cb1c4-ad97-d91a-6731-e7b5f38951a6
2026-10-10 06:55:19.610244,92.221,9,1g.11gb,yolo-inference-755b67b9bb-6z9g8,default,yolo,580.178.04,GPU-d59cb1c4-ad97-d91a-6731-e7b5f38951a6
2026-10-10 06:55:24.614198,92.596,10,1g.11gb,yolo-inference-755b67b9bb-jvw65,default,yolo,580.178.04,GPU-d59cb1c4-ad97-d91a-6731-e7b5f38951a6
2026-10-10 06:55:24.614198,92.221,11,1g.11gb,yolo-inference-755b67b9bb-tpwv7,default,yolo,580.178.04,GPU-d59cb1c4-ad97-d91a-6731-e7b5f38951a6
2026-10-10 06:55:24.614198,92.415,12,1g.11gb,yolo-inference-755b67b9bb-cmfkj,default,yolo,580.178.04,GPU-d59cb1c4-ad97-d91a-6731-e7b5f38951a6
2026-10-10 06:55:24.614198,92.251,13,1g.11gb,yolo-inference-755b67b9bb-7kvtl,default,yolo,580.178.04,GPU-d59cb1c4-ad97-d91a-6731-e7b5f38951a6
2026-10-10 06:55:24.614198,92.469,7,1g.11gb,yolo-inference-755b67b9bb-6w2jk,default,yolo,580.178.04,GPU-d59cb1c4-ad97-d91a-6731-e7b5f38951a6
2026-10-10 06:55:24.614198,92.415,8,1g.11gb,yolo-inference-755b67b9bb-zbflb,default,yolo,580.178.04,GPU-d59cb1c4-ad97-d91a-6731-e7b5f38951a6
2026-10-10 06:55:24.614198,92.221,9,1g.11gb,yolo-inference-755b67b9bb-6z9g8,default,yolo,580.178.04,GPU-d59cb1c4-ad97-d91a-6731-e7b5f38951a6
2026-10-10 06:55:29.614193,92.596,10,1g.11gb,yolo-inference-755b67b9bb-jvw65,default,yolo,580.178.04,GPU-d59cb1c4-ad97-d91a-6731-e7b5f38951a6
2026-10-10 06:55:29.614193,92.221,11,1g.11gb,yolo-inference-755b67b9bb-tpwv7,default,yolo,580.178.04,GPU-d59cb1c4-ad97-d91a-6731-e7b5f38951a6
2026-10-10 06:55:29.614193,92.415,12,1g.11gb,yolo-inference-755b67b9bb-cmfkj,default,yolo,580.178.04,GPU-d59cb1c4-ad97-d91a-6731-e7b5f38951a6
2026-10-10 06:55:29.614193,92.251,13,1g.11gb,yolo-inference-755b67b9bb-7kvtl,default,yolo,580.178.04,GPU-d59cb1c4-ad97-d91a-6731-e7b5f38951a6
2026-10-10 06:55:29.614193,92.469,7,1g.11gb,yolo-inference-755b67b9bb-6w2jk,default,yolo,580.178.04,GPU-d59cb1c4-ad97-d91a-6731-e7b5f38951a6
2026-10-10 06:55:29.614193,92.415,8,1g.11gb,yolo-inference-755b67b9bb-zbflb,default,yolo,580.178.04,GPU-d59cb1c4-ad97-d91a-6731-e7b5f38951a6
2026-10-10 06:55:29.614193,92.221,9,1g.11gb,yolo-inference-755b67b9bb-6z9g8,default,yolo,580.178.04,GPU-d59cb1c4-ad97-d91a-6731-e7b5f38951a6
2026-10-10 06:55:34.614193,92.596,10,1g.11gb,yolo-inference-755b67b9bb-jvw65,default,yolo,580.178.04,GPU-d59cb1c4-ad97-d91a-6731-e7b5f38951a6
2026-10-10 06:55:34.614193,92.221,11,1g.11gb,yolo-inference-755b67b9bb-tpwv7,default,yolo,580.178.04,GPU-d59cb1c4-ad97-d91a-6731-e7b5f38951a6
2026-10-10 06:55:34.614193,92.415,12,1g.11gb,yolo-inference-755b67b9bb-cmfkj,default,yolo,580.178.04,GPU-d59cb1c4-ad97-d91a-6731-e7b5f38951a6
2026-10-10 06:55:34.614193,92.251,13,1g.11gb,yolo-inference-755b67b9bb-7kvtl,default,yolo,580.178.04,GPU-d59cb1c4-ad97-d91a-6731-e7b5f38951a6
2026-10-10 06:55:34.614193,92.469,7,1g.11gb,yolo-inference-755b67b9bb-6w2jk,default,yolo,580.178.04,GPU-d59cb1c4-ad97-d91a-6731-e7b5f38951a6
2026-10-10 06:55:34.614193,92.415,8,1g.11gb,yolo-inference-755b67b9bb-zbflb,default,yolo,580.178.04,GPU-d59cb1c4-ad97-d91a-6731-e7b5f38951a6
2026-10-10 06:55:34.614193,92.221,9,1g.11gb,yolo-inference-755b67b9bb-6z9g8,default,yolo,580.178.04,GPU-d59cb1c4-ad97-d91a-6731-e7b5f38951a6
2026-10-10 06:55:39.614188,92.596,10,1g.11gb,yolo-inference-755b67b9bb-jvw65,default,yolo,580.178.04,GPU-d59cb1c4-ad97-d91a-6731-e7b5f38951a6
2026-10-10 06:55:39.614188,92.221,11,1g.11gb,yolo-inference-755b67b9bb-tpwv7,default,yolo,580.178.04,GPU-d59cb1c4-ad97-d91a-6731-e7b5f38951a6
2026-10-10 06:55:39.614188,92.415,12,1g.11gb,yolo-inference-755b67b9bb-cmfkj,default,yolo,580.178.04,GPU-d59cb1c4-ad97-d91a-6731-e7b5f38951a6
2026-10-10 06:55:39.614188,92.251,13,1g.11gb,yolo-inference-755b67b9bb-7kvtl,default,yolo,580.178.04,GPU-d59cb1c4-ad97-d91a-6731-e7b5f38951a6
2026-10-10 06:55:39.614188,92.469,7,1g.11gb,yolo-inference-755b67b9bb-6w2jk,default,yolo,580.178.04,GPU-d59cb1c4-ad97-d91a-6731-e7b5f38951a6
2026-10-10 06:55:39.614188,92.415,8,1g.11gb,yolo-inference-755b67b9bb-zbflb,default,yolo,580.178.04,GPU-d59cb1c4-ad97-d91a-6731-e7b5f38951a6
2026-10-10 06:55:39.614188,92.221,9,1g.11gb,yolo-inference-755b67b9bb-6z9g8,default,yolo,580.178.04,GPU-d59cb1c4-ad97-d91a-6731-e7b5f38951a6
2026-10-10 06:55:44.614198,92.148,10,1g.11gb,yolo-inference-755b67b9bb-jvw65,default,yolo,580.178.04,GPU-d59cb1c4-ad97-d91a-6731-e7b5f38951a6
2026-10-10 06:55:44.614198,92.522,11,1g.11gb,yolo-inference-755b67b9bb-tpwv7,default,yolo,580.178.04,GPU-d59cb1c4-ad97-d91a-6731-e7b5f38951a6
2026-10-10 06:55:44.614198,92.48,12,1g.11gb,yolo-inference-755b67b9bb-cmfkj,default,yolo,580.178.04,GPU-d59cb1c4-ad97-d91a-6731-e7b5f38951a6
2026-10-10 06:55:44.614198,92.548,13,1g.11gb,yolo-inference-755b67b9bb-7kvtl,default,yolo,580.178.04,GPU-d59cb1c4-ad97-d91a-6731-e7b5f38951a6
2026-10-10 06:55:44.614198,92.316,7,1g.11gb,yolo-inference-755b67b9bb-6w2jk,default,yolo,580.178.04,GPU-d59cb1c4-ad97-d91a-6731-e7b5f38951a6
2026-10-10 06:55:44.614198,92.48,8,1g.11gb,yolo-inference-755b67b9bb-zbflb,default,yolo,580.178.04,GPU-d59cb1c4-ad97-d91a-6731-e7b5f38951a6
2026-10-10 06:55:44.614198,92.522,9,1g.11gb,yolo-inference-755b67b9bb-6z9g8,default,yolo,580.178.04,GPU-d59cb1c4-ad97-d91a-6731-e7b5f38951a6
2026-10-10 06:55:49.614233,92.148,10,1g.11gb,yolo-inference-755b67b9bb-jvw65,default,yolo,580.178.04,GPU-d59cb1c4-ad97-d91a-6731-e7b5f38951a6
2026-10-10 06:55:49.614233,92.522,11,1g.11gb,yolo-inference-755b67b9bb-tpwv7,default,yolo,580.178.04,GPU-d59cb1c4-ad97-d91a-6731-e7b5f38951a6
2026-10-10 06:55:49.614233,92.48,12,1g.11gb,yolo-inference-755b67b9bb-cmfkj,default,yolo,580.178.04,GPU-d59cb1c4-ad97-d91a-6731-e7b5f38951a6
2026-10-10 06:55:49.614233,92.548,13,1g.11gb,yolo-inference-755b67b9bb-7kvtl,default,yolo,580.178.04,GPU-d59cb1c4-ad97-d91a-6731-e7b5f38951a6
2026-10-10 06:55:49.614233,92.316,7,1g.11gb,yolo-inference-755b67b9bb-6w2jk,default,yolo,580.178.04,GPU-d59cb1c4-ad97-d91a-6731-e7b5f38951a6
2026-10-10 06:55:49.614233,92.48,8,1g.11gb,yolo-inference-755b67b9bb-zbflb,default,yolo,580.178.04,GPU-d59cb1c4-ad97-d91a-6731-e7b5f38951a6
2026-10-10 06:55:49.614233,92.522,9,1g.11gb,yolo-inference-755b67b9bb-6z9g8,default,yolo,580.178.04,GPU-d59cb1c4-ad97-d91a-6731-e7b5f38951a6
2026-10-10 06:55:54.611695,92.148,10,1g.11gb,yolo-inference-755b67b9bb-jvw65,default,yolo,580.178.04,GPU-d59cb1c4-ad97-d91a-6731-e7b5f38951a6
2026-10-10 06:55:54.611695,92.522,11,1g.11gb,yolo-inference-755b67b9bb-tpwv7,default,yolo,580.178.04,GPU-d59cb1c4-ad97-d91a-6731-e7b5f38951a6
2026-10-10 06:55:54.611695,92.48,12,1g.11gb,yolo-inference-755b67b9bb-cmfkj,default,yolo,580.178.04,GPU-d59cb1c4-ad97-d91a-6731-e7b5f38951a6
2026-10-10 06:55:54.611695,92.548,13,1g.11gb,yolo-inference-755b67b9bb-7kvtl,default,yolo,580.178.04,GPU-d59cb1c4-ad97-d91a-6731-e7b5f38951a6
2026-10-10 06:55:54.611695,92.316,7,1g.11gb,yolo-inference-755b67b9bb-6w2jk,default,yolo,580.178.04,GPU-d59cb1c4-ad97-d91a-6731-e7b5f38951a6
2026-10-10 06:55:54.611695,92.48,8,1g.11gb,yolo-inference-755b67b9bb-zbflb,default,yolo,580.178.04,GPU-d59cb1c4-ad97-d91a-6731-e7b5f38951a6
2026-10-10 06:55:54.611695,92.522,9,1g.11gb,yolo-inference-755b67b9bb-6z9g8,default,yolo,580.178.04,GPU-d59cb1c4-ad97-d91a-6731-e7b5f38951a6
2026-10-10 06:55:59.614193,92.148,10,1g.11gb,yolo-inference-755b67b9bb-jvw65,default,yolo,580.178.04,GPU-d59cb1c4-ad97-d91a-6731-e7b5f38951a6
2026-10-10 06:55:59.614193,92.522,11,1g.11gb,yolo-inference-755b67b9bb-tpwv7,default,yolo,580.178.04,GPU-d59cb1c4-ad97-d91a-6731-e7b5f38951a6
2026-10-10 06:55:59.614193,92.48,12,1g.11gb,yolo-inference-755b67b9bb-cmfkj,default,yolo,580.178.04,GPU-d59cb1c4-ad97-d91a-6731-e7b5f38951a6
2026-10-10 06:55:59.614193,92.548,13,1g.11gb,yolo-inference-755b67b9bb-7kvtl,default,yolo,580.178.04,GPU-d59cb1c4-ad97-d91a-6731-e7b5f38951a6
2026-10-10 06:55:59.614193,92.316,7,1g.11gb,yolo-inference-755b67b9bb-6w2jk,default,yolo,580.178.04,GPU-d59cb1c4-ad97-d91a-6731-e7b5f38951a6
2026-10-10 06:55:59.614193,92.48,8,1g.11gb,yolo-inference-755b67b9bb-zbflb,default,yolo,580.178.04,GPU-d59cb1c4-ad97-d91a-6731-e7b5f38951a6
2026-10-10 06:55:59.614193,92.522,9,1g.11gb,yolo-inference-755b67b9bb-6z9g8,default,yolo,580.178.04,GPU-d59cb1c4-ad97-d91a-6731-e7b5f38951a6
2026-10-10 06:56:04.612003,92.148,10,1g.11gb,yolo-inference-755b67b9bb-jvw65,default,yolo,580.178.04,GPU-d59cb1c4-ad97-d91a-6731-e7b5f38951a6
2026-10-10 06:56:04.612003,92.522,11,1g.11gb,yolo-inference-755b67b9bb-tpwv7,default,yolo,580.178.04,GPU-d59cb1c4-ad97-d91a-6731-e7b5f38951a6
2026-10-10 06:56:04.612003,92.48,12,1g.11gb,yolo-inference-755b67b9bb-cmfkj,default,yolo,580.178.04,GPU-d59cb1c4-ad97-d91a-6731-e7b5f38951a6
2026-10-10 06:56:04.612003,92.548,13,1g.11gb,yolo-inference-755b67b9bb-7kvtl,default,yolo,580.178.04,GPU-d59cb1c4-ad97-d91a-6731-e7b5f38951a6
2026-10-10 06:56:04.612003,92.316,7,1g.11gb,yolo-inference-755b67b9bb-6w2jk,default,yolo,580.178.04,GPU-d59cb1c4-ad97-d91a-6731-e7b5f38951a6
2026-10-10 06:56:04.612003,92.48,8,1g.11gb,yolo-inference-755b67b9bb-zbflb,default,yolo,580.178.04,GPU-d59cb1c4-ad97-d91a-6731-e7b5f38951a6
2026-10-10 06:56:04.612003,92.522,9,1g.11gb,yolo-inference-755b67b9bb-6z9g8,default,yolo,580.178.04,GPU-d59cb1c4-ad97-d91a-6731-e7b5f38951a6
2026-10-10 06:56:09.610140,92.148,10,1g.11gb,yolo-inference-755b67b9bb-jvw65,default,yolo,580.178.04,GPU-d59cb1c4-ad97-d91a-6731-e7b5f38951a6
2026-10-10 06:56:09.610140,92.522,11,1g.11gb,yolo-inference-755b67b9bb-tpwv7,default,yolo,580.178.04,GPU-d59cb1c4-ad97-d91a-6731-e7b5f38951a6
2026-10-10 06:56:09.610140,92.48,12,1g.11gb,yolo-inference-755b67b9bb-cmfkj,default,yolo,580.178.04,GPU-d59cb1c4-ad97-d91a-6731-e7b5f38951a6
2026-10-10 06:56:09.610140,92.548,13,1g.11gb,yolo-inference-755b67b9bb-7kvtl,default,yolo,580.178.04,GPU-d59cb1c4-ad97-d91a-6731-e7b5f38951a6
2026-10-10 06:56:09.610140,92.316,7,1g.11gb,yolo-inference-755b67b9bb-6w2jk,default,yolo,580.178.04,GPU-d59cb1c4-ad97-d91a-6731-e7b5f38951a6
2026-10-10 06:56:09.610140,92.48,8,1g.11gb,yolo-inference-755b67b9bb-zbflb,default,yolo,580.178.04,GPU-d59cb1c4-ad97-d91a-6731-e7b5f38951a6
2026-10-10 06:56:09.610140,92.522,9,1g.11gb,yolo-inference-755b67b9bb-6z9g8,default,yolo,580.178.04,GPU-d59cb1c4-ad97-d91a-6731-e7b5f38951a6
2026-10-10 06:56:14.614128,92.326,10,1g.11gb,yolo-inference-755b67b9bb-jvw65,default,yolo,580.178.04,GPU-d59cb1c4-ad97-d91a-6731-e7b5f38951a6
2026-10-10 06:56:14.614128,92.574,11,1g.11gb,yolo-inference-755b67b9bb-tpwv7,default,yolo,580.178.04,GPU-d59cb1c4-ad97-d91a-6731-e7b5f38951a6
2026-10-10 06:56:14.614128,92.238,12,1g.11gb,yolo-inference-755b67b9bb-cmfkj,default,yolo,580.178.04,GPU-d59cb1c4-ad97-d91a-6731-e7b5f38951a6
2026-10-10 06:56:14.614128,92.489,13,1g.11gb,yolo-inference-755b67b9bb-7kvtl,default,yolo,580.178.04,GPU-d59cb1c4-ad97-d91a-6731-e7b5f38951a6
2026-10-10 06:56:14.614128,92.353,7,1g.11gb,yolo-inference-755b67b9bb-6w2jk,default,yolo,580.178.04,GPU-d59cb1c4-ad97-d91a-6731-e7b5f38951a6
2026-10-10 06:56:14.614128,92.238,8,1g.11gb,yolo-inference-755b67b9bb-zbflb,default,yolo,580.178.04,GPU-d59cb1c4-ad97-d91a-6731-e7b5f38951a6
2026-10-10 06:56:14.614128,92.574,9,1g.11gb,yolo-inference-755b67b9bb-6z9g8,default,yolo,580.178.04,GPU-d59cb1c4-ad97-d91a-6731-e7b5f38951a6
2026-10-10 06:56:19.609816,92.326,10,1g.11gb,yolo-inference-755b67b9bb-jvw65,default,yolo,580.178.04,GPU-d59cb1c4-ad97-d91a-6731-e7b5f38951a6
2026-10-10 06:56:19.609816,92.574,11,1g.11gb,yolo-inference-755b67b9bb-tpwv7,default,yolo,580.178.04,GPU-d59cb1c4-ad97-d91a-6731-e7b5f38951a6
2026-10-10 06:56:19.609816,92.238,12,1g.11gb,yolo-inference-755b67b9bb-cmfkj,default,yolo,580.178.04,GPU-d59cb1c4-ad97-d91a-6731-e7b5f38951a6
2026-10-10 06:56:19.609816,92.489,13,1g.11gb,yolo-inference-755b67b9bb-7kvtl,default,yolo,580.178.04,GPU-d59cb1c4-ad97-d91a-6731-e7b5f38951a6
2026-10-10 06:56:19.609816,92.353,7,1g.11gb,yolo-inference-755b67b9bb-6w2jk,default,yolo,580.178.04,GPU-d59cb1c4-ad97-d91a-6731-e7b5f38951a6
2026-10-10 06:56:19.609816,92.238,8,1g.11gb,yolo-inference-755b67b9bb-zbflb,default,yolo,580.178.04,GPU-d59cb1c4-ad97-d91a-6731-e7b5f38951a6
2026-10-10 06:56:19.609816,92.574,9,1g.11gb,yolo-inference-755b67b9bb-6z9g8,default,yolo,580.178.04,GPU-d59cb1c4-ad97-d91a-6731-e7b5f38951a6
2026-10-10 06:56:24.614216,92.326,10,1g.11gb,yolo-inference-755b67b9bb-jvw65,default,yolo,580.178.04,GPU-d59cb1c4-ad97-d91a-6731-e7b5f38951a6
2026-10-10 06:56:24.614216,92.574,11,1g.11gb,yolo-inference-755b67b9bb-tpwv7,default,yolo,580.178.04,GPU-d59cb1c4-ad97-d91a-6731-e7b5f38951a6
2026-10-10 06:56:24.614216,92.238,12,1g.11gb,yolo-inference-755b67b9bb-cmfkj,default,yolo,580.178.04,GPU-d59cb1c4-ad97-d91a-6731-e7b5f38951a6
2026-10-10 06:56:24.614216,92.489,13,1g.11gb,yolo-inference-755b67b9bb-7kvtl,default,yolo,580.178.04,GPU-d59cb1c4-ad97-d91a-6731-e7b5f38951a6
2026-10-10 06:56:24.614216,92.353,7,1g.11gb,yolo-inference-755b67b9bb-6w2jk,default,yolo,580.178.04,GPU-d59cb1c4-ad97-d91a-6731-e7b5f38951a6
2026-10-10 06:56:24.614216,92.238,8,1g.11gb,yolo-inference-755b67b9bb-zbflb,default,yolo,580.178.04,GPU-d59cb1c4-ad97-d91a-6731-e7b5f38951a6
2026-10-10 06:56:24.614216,92.574,9,1g.11gb,yolo-inference-755b67b9bb-6z9g8,default,yolo,580.178.04,GPU-d59cb1c4-ad97-d91a-6731-e7b5f38951a6
2026-10-10 06:56:29.614189,92.326,10,1g.11gb,yolo-inference-755b67b9bb-jvw65,default,yolo,580.178.04,GPU-d59cb1c4-ad97-d91a-6731-e7b5f38951a6
2026-10-10 06:56:29.614189,92.574,11,1g.11gb,yolo-inference-755b67b9bb-tpwv7,default,yolo,580.178.04,GPU-d59cb1c4-ad97-d91a-6731-e7b5f38951a6
2026-10-10 06:56:29.614189,92.238,12,1g.11gb,yolo-inference-755b67b9bb-cmfkj,default,yolo,580.178.04,GPU-d59cb1c4-ad97-d91a-6731-e7b5f38951a6
2026-10-10 06:56:29.614189,92.489,13,1g.11gb,yolo-inference-755b67b9bb-7kvtl,default,yolo,580.178.04,GPU-d59cb1c4-ad97-d91a-6731-e7b5f38951a6
2026-10-10 06:56:29.614189,92.353,7,1g.11gb,yolo-inference-755b67b9bb-6w2jk,default,yolo,580.178.04,GPU-d59cb1c4-ad97-d91a-6731-e7b5f38951a6
2026-10-10 06:56:29.614189,92.238,8,1g.11gb,yolo-inference-755b67b9bb-zbflb,default,yolo,580.178.04,GPU-d59cb1c4-ad97-d91a-6731-e7b5f38951a6
2026-10-10 06:56:29.614189,92.574,9,1g.11gb,yolo-inference-755b67b9bb-6z9g8,default,yolo,580.178.04,GPU-d59cb1c4-ad97-d91a-6731-e7b5f38951a6
2026-10-10 06:56:34.611395,92.326,10,1g.11gb,yolo-inference-755b67b9bb-jvw65,default,yolo,580.178.04,GPU-d59cb1c4-ad97-d91a-6731-e7b5f38951a6
2026-10-10 06:56:34.611395,92.574,11,1g.11gb,yolo-inference-755b67b9bb-tpwv7,default,yolo,580.178.04,GPU-d59cb1c4-ad97-d91a-6731-e7b5f38951a6
2026-10-10 06:56:34.611395,92.238,12,1g.11gb,yolo-inference-755b67b9bb-cmfkj,default,yolo,580.178.04,GPU-d59cb1c4-ad97-d91a-6731-e7b5f38951a6
2026-10-10 06:56:34.611395,92.489,13,1g.11gb,yolo-inference-755b67b9bb-7kvtl,default,yolo,580.178.04,GPU-d59cb1c4-ad97-d91a-6731-e7b5f38951a6
2026-10-10 06:56:34.611395,92.353,7,1g.11gb,yolo-inference-755b67b9bb-6w2jk,default,yolo,580.178.04,GPU-d59cb1c4-ad97-d91a-6731-e7b5f38951a6
2026-10-10 06:56:34.611395,92.238,8,1g.11gb,yolo-inference-755b67b9bb-zbflb,default,yolo,580.178.04,GPU-d59cb1c4-ad97-d91a-6731-e7b5f38951a6
2026-10-10 06:56:34.611395,92.574,9,1g.11gb,yolo-inference-755b67b9bb-6z9g8,default,yolo,580.178.04,GPU-d59cb1c4-ad97-d91a-6731-e7b5f38951a6
2026-10-10 06:56:39.612435,92.326,10,1g.11gb,yolo-inference-755b67b9bb-jvw65,default,yolo,580.178.04,GPU-d59cb1c4-ad97-d91a-6731-e7b5f38951a6
2026-10-10 06:56:39.612435,92.574,11,1g.11gb,yolo-inference-755b67b9bb-tpwv7,default,yolo,580.178.04,GPU-d59cb1c4-ad97-d91a-6731-e7b5f38951a6
2026-10-10 06:56:39.612435,92.238,12,1g.11gb,yolo-inference-755b67b9bb-cmfkj,default,yolo,580.178.04,GPU-d59cb1c4-ad97-d91a-6731-e7b5f38951a6
2026-10-10 06:56:39.612435,92.489,13,1g.11gb,yolo-inference-755b67b9bb-7kvtl,default,yolo,580.178.04,GPU-d59cb1c4-ad97-d91a-6731-e7b5f38951a6
2026-10-10 06:56:39.612435,92.353,7,1g.11gb,yolo-inference-755b67b9bb-6w2jk,default,yolo,580.178.04,GPU-d59cb1c4-ad97-d91a-6731-e7b5f38951a6
2026-10-10 06:56:39.612435,92.238,8,1g.11gb,yolo-inference-755b67b9bb-zbflb,default,yolo,580.178.04,GPU-d59cb1c4-ad97-d91a-6731-e7b5f38951a6
2026-10-10 06:56:39.612435,92.574,9,1g.11gb,yolo-inference-755b67b9bb-6z9g8,default,yolo,580.178.04,GPU-d59cb1c4-ad97-d91a-6731-e7b5f38951a6
2026-10-10 06:56:44.612741,92.38,10,1g.11gb,yolo-inference-755b67b9bb-jvw65,default,yolo,580.178.04,GPU-d59cb1c4-ad97-d91a-6731-e7b5f38951a6
2026-10-10 06:56:44.612741,92.175,11,1g.11gb,yolo-inference-755b67b9bb-tpwv7,default,yolo,580.178.04,GPU-d59cb1c4-ad97-d91a-6731-e7b5f38951a6
2026-10-10 06:56:44.612741,92.276,12,1g.11gb,yolo-inference-755b67b9bb-cmfkj,default,yolo,580.178.04,GPU-d59cb1c4-ad97-d91a-6731-e7b5f38951a6
2026-10-10 06:56:44.612741,92.161,13,1g.11gb,yolo-inference-755b67b9bb-7kvtl,default,yolo,580.178.04,GPU-d59cb1c4-ad97-d91a-6731-e7b5f38951a6
2026-10-10 06:56:44.612741,92.395,7,1g.11gb,yolo-inference-755b67b9bb-6w2jk,default,yolo,580.178.04,GPU-d59cb1c4-ad97-d91a-6731-e7b5f38951a6
2026-10-10 06:56:44.612741,92.276,8,1g.11gb,yolo-inference-755b67b9bb-zbflb,default,yolo,580.178.04,GPU-d59cb1c4-ad97-d91a-6731-e7b5f38951a6
2026-10-10 06:56:44.612741,92.253,9,1g.11gb,yolo-inference-755b67b9bb-6z9g8,default,yolo,580.178.04,GPU-d59cb1c4-ad97-d91a-6731-e7b5f38951a6
2026-10-10 06:56:49.614190,92.38,10,1g.11gb,yolo-inference-755b67b9bb-jvw65,default,yolo,580.178.04,GPU-d59cb1c4-ad97-d91a-6731-e7b5f38951a6
2026-10-10 06:56:49.614190,92.175,11,1g.11gb,yolo-inference-755b67b9bb-tpwv7,default,yolo,580.178.04,GPU-d59cb1c4-ad97-d91a-6731-e7b5f38951a6
2026-10-10 06:56:49.614190,92.276,12,1g.11gb,yolo-inference-755b67b9bb-cmfkj,default,yolo,580.178.04,GPU-d59cb1c4-ad97-d91a-6731-e7b5f38951a6
2026-10-10 06:56:49.614190,92.161,13,1g.11gb,yolo-inference-755b67b9bb-7kvtl,default,yolo,580.178.04,GPU-d59cb1c4-ad97-d91a-6731-e7b5f38951a6
2026-10-10 06:56:49.614190,92.395,7,1g.11gb,yolo-inference-755b67b9bb-6w2jk,default,yolo,580.178.04,GPU-d59cb1c4-ad97-d91a-6731-e7b5f38951a6
2026-10-10 06:56:49.614190,92.276,8,1g.11gb,yolo-inference-755b67b9bb-zbflb,default,yolo,580.178.04,GPU-d59cb1c4-ad97-d91a-6731-e7b5f38951a6
2026-10-10 06:56:49.614190,92.253,9,1g.11gb,yolo-inference-755b67b9bb-6z9g8,default,yolo,580.178.04,GPU-d59cb1c4-ad97-d91a-6731-e7b5f38951a6
2026-10-10 06:56:54.613785,92.38,10,1g.11gb,yolo-inference-755b67b9bb-jvw65,default,yolo,580.178.04,GPU-d59cb1c4-ad97-d91a-6731-e7b5f38951a6
2026-10-10 06:56:54.613785,92.175,11,1g.11gb,yolo-inference-755b67b9bb-tpwv7,default,yolo,580.178.04,GPU-d59cb1c4-ad97-d91a-6731-e7b5f38951a6
2026-10-10 06:56:54.613785,92.276,12,1g.11gb,yolo-inference-755b67b9bb-cmfkj,default,yolo,580.178.04,GPU-d59cb1c4-ad97-d91a-6731-e7b5f38951a6
2026-10-10 06:56:54.613785,92.161,13,1g.11gb,yolo-inference-755b67b9bb-7kvtl,default,yolo,580.178.04,GPU-d59cb1c4-ad97-d91a-6731-e7b5f38951a6
2026-10-10 06:56:54.613785,92.395,7,1g.11gb,yolo-inference-755b67b9bb-6w2jk,default,yolo,580.178.04,GPU-d59cb1c4-ad97-d91a-6731-e7b5f38951a6
2026-10-10 06:56:54.613785,92.276,8,1g.11gb,yolo-inference-755b67b9bb-zbflb,default,yolo,580.178.04,GPU-d59cb1c4-ad97-d91a-6731-e7b5f38951a6
2026-10-10 06:56:54.613785,92.253,9,1g.11gb,yolo-inference-755b67b9bb-6z9g8,default,yolo,580.178.04,GPU-d59cb1c4-ad97-d91a-6731-e7b5f38951a6
2026-10-10 06:56:59.614226,92.38,10,1g.11gb,yolo-inference-755b67b9bb-jvw65,default,yolo,580.178.04,GPU-d59cb1c4-ad97-d91a-6731-e7b5f38951a6
2026-10-10 06:56:59.614226,92.175,11,1g.11gb,yolo-inference-755b67b9bb-tpwv7,default,yolo,580.178.04,GPU-d59cb1c4-ad97-d91a-6731-e7b5f38951a6
2026-10-10 06:56:59.614226,92.276,12,1g.11gb,yolo-inference-755b67b9bb-cmfkj,default,yolo,580.178.04,GPU-d59cb1c4-ad97-d91a-6731-e7b5f38951a6
2026-10-10 06:56:59.614226,92.161,13,1g.11gb,yolo-inference-755b67b9bb-7kvtl,default,yolo,580.178.04,GPU-d59cb1c4-ad97-d91a-6731-e7b5f38951a6
2026-10-10 06:56:59.614226,92.395,7,1g.11gb,yolo-inference-755b67b9bb-6w2jk,default,yolo,580.178.04,GPU-d59cb1c4-ad97-d91a-6731-e7b5f38951a6
2026-10-10 06:56:59.614226,92.276,8,1g.11gb,yolo-inference-755b67b9bb-zbflb,default,yolo,580.178.04,GPU-d59cb1c4-ad97-d91a-6731-e7b5f38951a6
2026-10-10 06:56:59.614226,92.253,9,1g.11gb,yolo-inference-755b67b9bb-6z9g8,default,yolo,580.178.04,GPU-d59cb1c4-ad97-d91a-6731-e7b5f38951a6
2026-10-10 06:57:04.614248,92.38,10,1g.11gb,yolo-inference-755b67b9bb-jvw65,default,yolo,580.178.04,GPU-d59cb1c4-ad97-d91a-6731-e7b5f38951a6
2026-10-10 06:57:04.614248,92.175,11,1g.11gb,yolo-inference-755b67b9bb-tpwv7,default,yolo,580.178.04,GPU-d59cb1c4-ad97-d91a-6731-e7b5f38951a6
2026-10-10 06:57:04.614248,92.276,12,1g.11gb,yolo-inference-755b67b9bb-cmfkj,default,yolo,580.178.04,GPU-d59cb1c4-ad97-d91a-6731-e7b5f38951a6
2026-10-10 06:57:04.614248,92.161,13,1g.11gb,yolo-inference-755b67b9bb-7kvtl,default,yolo,580.178.04,GPU-d59cb1c4-ad97-d91a-6731-e7b5f38951a6
2026-10-10 06:57:04.614248,92.395,7,1g.11gb,yolo-inference-755b67b9bb-6w2jk,default,yolo,580.178.04,GPU-d59cb1c4-ad97-d91a-6731-e7b5f38951a6
2026-10-10 06:57:04.614248,92.276,8,1g.11gb,yolo-inference-755b67b9bb-zbflb,default,yolo,580.178.04,GPU-d59cb1c4-ad97-d91a-6731-e7b5f38951a6
2026-10-10 06:57:04.614248,92.253,9,1g.11gb,yolo-inference-755b67b9bb-6z9g8,default,yolo,580.178.04,GPU-d59cb1c4-ad97-d91a-6731-e7b5f38951a6
2026-10-10 06:57:09.614167,92.38,10,1g.11gb,yolo-inference-755b67b9bb-jvw65,default,yolo,580.178.04,GPU-d59cb1c4-ad97-d91a-6731-e7b5f38951a6
2026-10-10 06:57:09.614167,92.175,11,1g.11gb,yolo-inference-755b67b9bb-tpwv7,default,yolo,580.178.04,GPU-d59cb1c4-ad97-d91a-6731-e7b5f38951a6
2026-10-10 06:57:09.614167,92.276,12,1g.11gb,yolo-inference-755b67b9bb-cmfkj,default,yolo,580.178.04,GPU-d59cb1c4-ad97-d91a-6731-e7b5f38951a6
2026-10-10 06:57:09.614167,92.161,13,1g.11gb,yolo-inference-755b67b9bb-7kvtl,default,yolo,580.178.04,GPU-d59cb1c4-ad97-d91a-6731-e7b5f38951a6
2026-10-10 06:57:09.614167,92.395,7,1g.11gb,yolo-inference-755b67b9bb-6w2jk,default,yolo,580.178.04,GPU-d59cb1c4-ad97-d91a-6731-e7b5f38951a6
2026-10-10 06:57:09.614167,92.276,8,1g.11gb,yolo-inference-755b67b9bb-zbflb,default,yolo,580.178.04,GPU-d59cb1c4-ad97-d91a-6731-e7b5f38951a6
2026-10-10 06:57:09.614167,92.253,9,1g.11gb,yolo-inference-755b67b9bb-6z9g8,default,yolo,580.178.04,GPU-d59cb1c4-ad97-d91a-6731-e7b5f38951a6
2026-10-10 06:57:14.611958,92.14,10,1g.11gb,yolo-inference-755b67b9bb-jvw65,default,yolo,580.178.04,GPU-d59cb1c4-ad97-d91a-6731-e7b5f38951a6
2026-10-10 06:57:14.611958,92.475,11,1g.11gb,yolo-inference-755b67b9bb-tpwv7,default,yolo,580.178.04,GPU-d59cb1c4-ad97-d91a-6731-e7b5f38951a6
2026-10-10 06:57:14.611958,92.278,12,1g.11gb,yolo-inference-755b67b9bb-cmfkj,default,yolo,580.178.04,GPU-d59cb1c4-ad97-d91a-6731-e7b5f38951a6
2026-10-10 06:57:14.611958,92.417,13,1g.11gb,yolo-inference-755b67b9bb-7kvtl,default,yolo,580.178.04,GPU-d59cb1c4-ad97-d91a-6731-e7b5f38951a6
2026-10-10 06:57:14.611958,92.387,7,1g.11gb,yolo-inference-755b67b9bb-6w2jk,default,yolo,580.178.04,GPU-d59cb1c4-ad97-d91a-6731-e7b5f38951a6
2026-10-10 06:57:14.611958,92.278,8,1g.11gb,yolo-inference-755b67b9bb-zbflb,default,yolo,580.178.04,GPU-d59cb1c4-ad97-d91a-6731-e7b5f38951a6
2026-10-10 06:57:14.611958,92.448,9,1g.11gb,yolo-inference-755b67b9bb-6z9g8,default,yolo,580.178.04,GPU-d59cb1c4-ad97-d91a-6731-e7b5f38951a6
2026-10-10 06:57:19.614193,92.14,10,1g.11gb,yolo-inference-755b67b9bb-jvw65,default,yolo,580.178.04,GPU-d59cb1c4-ad97-d91a-6731-e7b5f38951a6
2026-10-10 06:57:19.614193,92.475,11,1g.11gb,yolo-inference-755b67b9bb-tpwv7,default,yolo,580.178.04,GPU-d59cb1c4-ad97-d91a-6731-e7b5f38951a6
2026-10-10 06:57:19.614193,92.278,12,1g.11gb,yolo-inference-755b67b9bb-cmfkj,default,yolo,580.178.04,GPU-d59cb1c4-ad97-d91a-6731-e7b5f38951a6
2026-10-10 06:57:19.614193,92.417,13,1g.11gb,yolo-inference-755b67b9bb-7kvtl,default,yolo,580.178.04,GPU-d59cb1c4-ad97-d91a-6731-e7b5f38951a6
2026-10-10 06:57:19.614193,92.387,7,1g.11gb,yolo-inference-755b67b9bb-6w2jk,default,yolo,580.178.04,GPU-d59cb1c4-ad97-d91a-6731-e7b5f38951a6
2026-10-10 06:57:19.614193,92.278,8,1g.11gb,yolo-inference-755b67b9bb-zbflb,default,yolo,580.178.04,GPU-d59cb1c4-ad97-d91a-6731-e7b5f38951a6
2026-10-10 06:57:19.614193,92.448,9,1g.11gb,yolo-inference-755b67b9bb-6z9g8,default,yolo,580.178.04,GPU-d59cb1c4-ad97-d91a-6731-e7b5f38951a6
2026-10-10 06:57:24.614244,92.14,10,1g.11gb,yolo-inference-755b67b9bb-jvw65,default,yolo,580.178.04,GPU-d59cb1c4-ad97-d91a-6731-e7b5f38951a6
2026-10-10 06:57:24.614244,92.475,11,1g.11gb,yolo-inference-755b67b9bb-tpwv7,default,yolo,580.178.04,GPU-d59cb1c4-ad97-d91a-6731-e7b5f38951a6
2026-10-10 06:57:24.614244,92.278,12,1g.11gb,yolo-inference-755b67b9bb-cmfkj,default,yolo,580.178.04,GPU-d59cb1c4-ad97-d91a-6731-e7b5f38951a6
2026-10-10 06:57:24.614244,92.417,13,1g.11gb,yolo-inference-755b67b9bb-7kvtl,default,yolo,580.178.04,GPU-d59cb1c4-ad97-d91a-6731-e7b5f38951a6
2026-10-10 06:57:24.614244,92.387,7,1g.11gb,yolo-inference-755b67b9bb-6w2jk,default,yolo,580.178.04,GPU-d59cb1c4-ad97-d91a-6731-e7b5f38951a6
2026-10-10 06:57:24.614244,92.278,8,1g.11gb,yolo-inference-755b67b9bb-zbflb,default,yolo,580.178.04,GPU-d59cb1c4-ad97-d91a-6731-e7b5f38951a6
2026-10-10 06:57:24.614244,92.448,9,1g.11gb,yolo-inference-755b67b9bb-6z9g8,default,yolo,580.178.04,GPU-d59cb1c4-ad97-d91a-6731-e7b5f38951a6
2026-10-10 06:57:29.613002,92.14,10,1g.11gb,yolo-inference-755b67b9bb-jvw65,default,yolo,580.178.04,GPU-d59cb1c4-ad97-d91a-6731-e7b5f38951a6
2026-10-10 06:57:29.613002,92.475,11,1g.11gb,yolo-inference-755b67b9bb-tpwv7,default,yolo,580.178.04,GPU-d59cb1c4-ad97-d91a-6731-e7b5f38951a6
2026-10-10 06:57:29.613002,92.278,12,1g.11gb,yolo-inference-755b67b9bb-cmfkj,default,yolo,580.178.04,GPU-d59cb1c4-ad97-d91a-6731-e7b5f38951a6
2026-10-10 06:57:29.613002,92.417,13,1g.11gb,yolo-inference-755b67b9bb-7kvtl,default,yolo,580.178.04,GPU-d59cb1c4-ad97-d91a-6731-e7b5f38951a6
2026-10-10 06:57:29.613002,92.387,7,1g.11gb,yolo-inference-755b67b9bb-6w2jk,default,yolo,580.178.04,GPU-d59cb1c4-ad97-d91a-6731-e7b5f38951a6
2026-10-10 06:57:29.613002,92.278,8,1g.11gb,yolo-inference-755b67b9bb-zbflb,default,yolo,580.178.04,GPU-d59cb1c4-ad97-d91a-6731-e7b5f38951a6
2026-10-10 06:57:29.613002,92.448,9,1g.11gb,yolo-inference-755b67b9bb-6z9g8,default,yolo,580.178.04,GPU-d59cb1c4-ad97-d91a-6731-e7b5f38951a6
2026-10-10 06:57:34.614277,92.14,10,1g.11gb,yolo-inference-755b67b9bb-jvw65,default,yolo,580.178.04,GPU-d59cb1c4-ad97-d91a-6731-e7b5f38951a6
2026-10-10 06:57:34.614277,92.475,11,1g.11gb,yolo-inference-755b67b9bb-tpwv7,default,yolo,580.178.04,GPU-d59cb1c4-ad97-d91a-6731-e7b5f38951a6
2026-10-10 06:57:34.614277,92.278,12,1g.11gb,yolo-inference-755b67b9bb-cmfkj,default,yolo,580.178.04,GPU-d59cb1c4-ad97-d91a-6731-e7b5f38951a6
2026-10-10 06:57:34.614277,92.417,13,1g.11gb,yolo-inference-755b67b9bb-7kvtl,default,yolo,580.178.04,GPU-d59cb1c4-ad97-d91a-6731-e7b5f38951a6
2026-10-10 06:57:34.614277,92.387,7,1g.11gb,yolo-inference-755b67b9bb-6w2jk,default,yolo,580.178.04,GPU-d59cb1c4-ad97-d91a-6731-e7b5f38951a6
2026-10-10 06:57:34.614277,92.278,8,1g.11gb,yolo-inference-755b67b9bb-zbflb,default,yolo,580.178.04,GPU-d59cb1c4-ad97-d91a-6731-e7b5f38951a6
2026-10-10 06:57:34.614277,92.448,9,1g.11gb,yolo-inference-755b67b9bb-6z9g8,default,yolo,580.178.04,GPU-d59cb1c4-ad97-d91a-6731-e7b5f38951a6
2026-10-10 06:57:39.612761,92.14,10,1g.11gb,yolo-inference-755b67b9bb-jvw65,default,yolo,580.178.04,GPU-d59cb1c4-ad97-d91a-6731-e7b5f38951a6
2026-10-10 06:57:39.612761,92.475,11,1g.11gb,yolo-inference-755b67b9bb-tpwv7,default,yolo,580.178.04,GPU-d59cb1c4-ad97-d91a-6731-e7b5f38951a6
2026-10-10 06:57:39.612761,92.278,12,1g.11gb,yolo-inference-755b67b9bb-cmfkj,default,yolo,580.178.04,GPU-d59cb1c4-ad97-d91a-6731-e7b5f38951a6
2026-10-10 06:57:39.612761,92.417,13,1g.11gb,yolo-inference-755b67b9bb-7kvtl,default,yolo,580.178.04,GPU-d59cb1c4-ad97-d91a-6731-e7b5f38951a6
2026-10-10 06:57:39.612761,92.387,7,1g.11gb,yolo-inference-755b67b9bb-6w2jk,default,yolo,580.178.04,GPU-d59cb1c4-ad97-d91a-6731-e7b5f38951a6
2026-10-10 06:57:39.612761,92.278,8,1g.11gb,yolo-inference-755b67b9bb-zbflb,default,yolo,580.178.04,GPU-d59cb1c4-ad97-d91a-6731-e7b5f38951a6
2026-10-10 06:57:39.612761,92.448,9,1g.11gb,yolo-inference-755b67b9bb-6z9g8,default,yolo,580.178.04,GPU-d59cb1c4-ad97-d91a-6731-e7b5f38951a6
2026-10-10 06:57:44.614236,92.257,10,1g.11gb,yolo-inference-755b67b9bb-jvw65,default,yolo,580.178.04,GPU-d59cb1c4-ad97-d91a-6731-e7b5f38951a6
2026-10-10 06:57:44.614236,92.555,11,1g.11gb,yolo-inference-755b67b9bb-tpwv7,default,yolo,580.178.04,GPU-d59cb1c4-ad97-d91a-6731-e7b5f38951a6
2026-10-10 06:57:44.614236,92.426,12,1g.11gb,yolo-inference-755b67b9bb-cmfkj,default,yolo,580.178.04,GPU-d59cb1c4-ad97-d91a-6731-e7b5f38951a6
2026-10-10 06:57:44.614236,92.347,13,1g.11gb,yolo-inference-755b67b9bb-7kvtl,default,yolo,580.178.04,GPU-d59cb1c4-ad97-d91a-6731-e7b5f38951a6
2026-10-10 06:57:44.614236,92.485,7,1g.11gb,yolo-inference-755b67b9bb-6w2jk,default,yolo,580.178.04,GPU-d59cb1c4-ad97-d91a-6731-e7b5f38951a6
2026-10-10 06:57:44.614236,92.426,8,1g.11gb,yolo-inference-755b67b9bb-zbflb,default,yolo,580.178.04,GPU-d59cb1c4-ad97-d91a-6731-e7b5f38951a6
2026-10-10 06:57:44.614236,92.551,9,1g.11gb,yolo-inference-755b67b9bb-6z9g8,default,yolo,580.178.04,GPU-d59cb1c4-ad97-d91a-6731-e7b5f38951a6
2026-10-10 06:57:49.613685,92.257,10,1g.11gb,yolo-inference-755b67b9bb-jvw65,default,yolo,580.178.04,GPU-d59cb1c4-ad97-d91a-6731-e7b5f38951a6
2026-10-10 06:57:49.613685,92.555,11,1g.11gb,yolo-inference-755b67b9bb-tpwv7,default,yolo,580.178.04,GPU-d59cb1c4-ad97-d91a-6731-e7b5f38951a6
2026-10-10 06:57:49.613685,92.426,12,1g.11gb,yolo-inference-755b67b9bb-cmfkj,default,yolo,580.178.04,GPU-d59cb1c4-ad97-d91a-6731-e7b5f38951a6
2026-10-10 06:57:49.613685,92.347,13,1g.11gb,yolo-inference-755b67b9bb-7kvtl,default,yolo,580.178.04,GPU-d59cb1c4-ad97-d91a-6731-e7b5f38951a6
2026-10-10 06:57:49.613685,92.485,7,1g.11gb,yolo-inference-755b67b9bb-6w2jk,default,yolo,580.178.04,GPU-d59cb1c4-ad97-d91a-6731-e7b5f38951a6
2026-10-10 06:57:49.613685,92.426,8,1g.11gb,yolo-inference-755b67b9bb-zbflb,default,yolo,580.178.04,GPU-d59cb1c4-ad97-d91a-6731-e7b5f38951a6
2026-10-10 06:57:49.613685,92.551,9,1g.11gb,yolo-inference-755b67b9bb-6z9g8,default,yolo,580.178.04,GPU-d59cb1c4-ad97-d91a-6731-e7b5f38951a6
2026-10-10 06:57:54.614201,92.257,10,1g.11gb,yolo-inference-755b67b9bb-jvw65,default,yolo,580.178.04,GPU-d59cb1c4-ad97-d91a-6731-e7b5f38951a6
2026-10-10 06:57:54.614201,92.555,11,1g.11gb,yolo-inference-755b67b9bb-tpwv7,default,yolo,580.178.04,GPU-d59cb1c4-ad97-d91a-6731-e7b5f38951a6
2026-10-10 06:57:54.614201,92.426,12,1g.11gb,yolo-inference-755b67b9bb-cmfkj,default,yolo,580.178.04,GPU-d59cb1c4-ad97-d91a-6731-e7b5f38951a6
2026-10-10 06:57:54.614201,92.347,13,1g.11gb,yolo-inference-755b67b9bb-7kvtl,default,yolo,580.178.04,GPU-d59cb1c4-ad97-d91a-6731-e7b5f38951a6
2026-10-10 06:57:54.614201,92.485,7,1g.11gb,yolo-inference-755b67b9bb-6w2jk,default,yolo,580.178.04,GPU-d59cb1c4-ad97-d91a-6731-e7b5f38951a6
2026-10-10 06:57:54.614201,92.426,8,1g.11gb,yolo-inference-755b67b9bb-zbflb,default,yolo,580.178.04,GPU-d59cb1c4-ad97-d91a-6731-e7b5f38951a6
2026-10-10 06:57:54.614201,92.551,9,1g.11gb,yolo-inference-755b67b9bb-6z9g8,default,yolo,580.178.04,GPU-d59cb1c4-ad97-d91a-6731-e7b5f38951a6
2026-10-10 06:57:59.614299,92.257,10,1g.11gb,yolo-inference-755b67b9bb-jvw65,default,yolo,580.178.04,GPU-d59cb1c4-ad97-d91a-6731-e7b5f38951a6
2026-10-10 06:57:59.614299,92.555,11,1g.11gb,yolo-inference-755b67b9bb-tpwv7,default,yolo,580.178.04,GPU-d59cb1c4-ad97-d91a-6731-e7b5f38951a6
2026-10-10 06:57:59.614299,92.426,12,1g.11gb,yolo-inference-755b67b9bb-cmfkj,default,yolo,580.178.04,GPU-d59cb1c4-ad97-d91a-6731-e7b5f38951a6
2026-10-10 06:57:59.614299,92.347,13,1g.11gb,yolo-inference-755b67b9bb-7kvtl,default,yolo,580.178.04,GPU-d59cb1c4-ad97-d91a-6731-e7b5f38951a6
2026-10-10 06:57:59.614299,92.485,7,1g.11gb,yolo-inference-755b67b9bb-6w2jk,default,yolo,580.178.04,GPU-d59cb1c4-ad97-d91a-6731-e7b5f38951a6
2026-10-10 06:57:59.614299,92.426,8,1g.11gb,yolo-inference-755b67b9bb-zbflb,default,yolo,580.178.04,GPU-d59cb1c4-ad97-d91a-6731-e7b5f38951a6
2026-10-10 06:57:59.614299,92.551,9,1g.11gb,yolo-inference-755b67b9bb-6z9g8,default,yolo,580.178.04,GPU-d59cb1c4-ad97-d91a-6731-e7b5f38951a6
2026-10-10 06:58:04.614197,92.257,10,1g.11gb,yolo-inference-755b67b9bb-jvw65,default,yolo,580.178.04,GPU-d59cb1c4-ad97-d91a-6731-e7b5f38951a6
2026-10-10 06:58:04.614197,92.555,11,1g.11gb,yolo-inference-755b67b9bb-tpwv7,default,yolo,580.178.04,GPU-d59cb1c4-ad97-d91a-6731-e7b5f38951a6
2026-10-10 06:58:04.614197,92.426,12,1g.11gb,yolo-inference-755b67b9bb-cmfkj,default,yolo,580.178.04,GPU-d59cb1c4-ad97-d91a-6731-e7b5f38951a6
2026-10-10 06:58:04.614197,92.347,13,1g.11gb,yolo-inference-755b67b9bb-7kvtl,default,yolo,580.178.04,GPU-d59cb1c4-ad97-d91a-6731-e7b5f38951a6
2026-10-10 06:58:04.614197,92.485,7,1g.11gb,yolo-inference-755b67b9bb-6w2jk,default,yolo,580.178.04,GPU-d59cb1c4-ad97-d91a-6731-e7b5f38951a6
2026-10-10 06:58:04.614197,92.426,8,1g.11gb,yolo-inference-755b67b9bb-zbflb,default,yolo,580.178.04,GPU-d59cb1c4-ad97-d91a-6731-e7b5f38951a6
2026-10-10 06:58:04.614197,92.551,9,1g.11gb,yolo-inference-755b67b9bb-6z9g8,default,yolo,580.178.04,GPU-d59cb1c4-ad97-d91a-6731-e7b5f38951a6
2026-10-10 06:58:09.614261,92.257,10,1g.11gb,yolo-inference-755b67b9bb-jvw65,default,yolo,580.178.04,GPU-d59cb1c4-ad97-d91a-6731-e7b5f38951a6
2026-10-10 06:58:09.614261,92.555,11,1g.11gb,yolo-inference-755b67b9bb-tpwv7,default,yolo,580.178.04,GPU-d59cb1c4-ad97-d91a-6731-e7b5f38951a6
2026-10-10 06:58:09.614261,92.426,12,1g.11gb,yolo-inference-755b67b9bb-cmfkj,default,yolo,580.178.04,GPU-d59cb1c4-ad97-d91a-6731-e7b5f38951a6
2026-10-10 06:58:09.614261,92.347,13,1g.11gb,yolo-inference-755b67b9bb-7kvtl,default,yolo,580.178.04,GPU-d59cb1c4-ad97-d91a-6731-e7b5f38951a6
2026-10-10 06:58:09.614261,92.485,7,1g.11gb,yolo-inference-755b67b9bb-6w2jk,default,yolo,580.178.04,GPU-d59cb1c4-ad97-d91a-6731-e7b5f38951a6
2026-10-10 06:58:09.614261,92.426,8,1g.11gb,yolo-inference-755b67b9bb-zbflb,default,yolo,580.178.04,GPU-d59cb1c4-ad97-d91a-6731-e7b5f38951a6
2026-10-10 06:58:09.614261,92.551,9,1g.11gb,yolo-inference-755b67b9bb-6z9g8,default,yolo,580.178.04,GPU-d59cb1c4-ad97-d91a-6731-e7b5f38951a6
2026-10-10 06:58:14.609866,92.265,10,1g.11gb,yolo-inference-755b67b9bb-jvw65,default,yolo,580.178.04,GPU-d59cb1c4-ad97-d91a-6731-e7b5f38951a6
2026-10-10 06:58:14.609866,92.258,11,1g.11gb,yolo-inference-755b67b9bb-tpwv7,default,yolo,580.178.04,GPU-d59cb1c4-ad97-d91a-6731-e7b5f38951a6
2026-10-10 06:58:14.609866,92.153,12,1g.11gb,yolo-inference-755b67b9bb-cmfkj,default,yolo,580.178.04,GPU-d59cb1c4-ad97-d91a-6731-e7b5f38951a6
2026-10-10 06:58:14.609866,92.256,13,1g.11gb,yolo-inference-755b67b9bb-7kvtl,default,yolo,580.178.04,GPU-d59cb1c4-ad97-d91a-6731-e7b5f38951a6
2026-10-10 06:58:14.609866,92.261,7,1g.11gb,yolo-inference-755b67b9bb-6w2jk,default,yolo,580.178.04,GPU-d59cb1c4-ad97-d91a-6731-e7b5f38951a6
2026-10-10 06:58:14.609866,92.153,8,1g.11gb,yolo-inference-755b67b9bb-zbflb,default,yolo,580.178.04,GPU-d59cb1c4-ad97-d91a-6731-e7b5f38951a6
2026-10-10 06:58:14.609866,92.211,9,1g.11gb,yolo-inference-755b67b9bb-6z9g8,default,yolo,580.178.04,GPU-d59cb1c4-ad97-d91a-6731-e7b5f38951a6
2026-10-10 06:58:19.611304,92.265,10,1g.11gb,yolo-inference-755b67b9bb-jvw65,default,yolo,580.178.04,GPU-d59cb1c4-ad97-d91a-6731-e7b5f38951a6
2026-10-10 06:58:19.611304,92.258,11,1g.11gb,yolo-inference-755b67b9bb-tpwv7,default,yolo,580.178.04,GPU-d59cb1c4-ad97-d91a-6731-e7b5f38951a6
2026-10-10 06:58:19.611304,92.153,12,1g.11gb,yolo-inference-755b67b9bb-cmfkj,default,yolo,580.178.04,GPU-d59cb1c4-ad97-d91a-6731-e7b5f38951a6
2026-10-10 06:58:19.611304,92.256,13,1g.11gb,yolo-inference-755b67b9bb-7kvtl,default,yolo,580.178.04,GPU-d59cb1c4-ad97-d91a-6731-e7b5f38951a6
2026-10-10 06:58:19.611304,92.261,7,1g.11gb,yolo-inference-755b67b9bb-6w2jk,default,yolo,580.178.04,GPU-d59cb1c4-ad97-d91a-6731-e7b5f38951a6
2026-10-10 06:58:19.611304,92.153,8,1g.11gb,yolo-inference-755b67b9bb-zbflb,default,yolo,580.178.04,GPU-d59cb1c4-ad97-d91a-6731-e7b5f38951a6
2026-10-10 06:58:19.611304,92.211,9,1g.11gb,yolo-inference-755b67b9bb-6z9g8,default,yolo,580.178.04,GPU-d59cb1c4-ad97-d91a-6731-e7b5f38951a6
2026-10-10 06:58:24.614242,92.265,10,1g.11gb,yolo-inference-755b67b9bb-jvw65,default,yolo,580.178.04,GPU-d59cb1c4-ad97-d91a-6731-e7b5f38951a6
2026-10-10 06:58:24.614242,92.258,11,1g.11gb,yolo-inference-755b67b9bb-tpwv7,default,yolo,580.178.04,GPU-d59cb1c4-ad97-d91a-6731-e7b5f38951a6
2026-10-10 06:58:24.614242,92.153,12,1g.11gb,yolo-inference-755b67b9bb-cmfkj,default,yolo,580.178.04,GPU-d59cb1c4-ad97-d91a-6731-e7b5f38951a6
2026-10-10 06:58:24.614242,92.256,13,1g.11gb,yolo-inference-755b67b9bb-7kvtl,default,yolo,580.178.04,GPU-d59cb1c4-ad97-d91a-6731-e7b5f38951a6
2026-10-10 06:58:24.614242,92.261,7,1g.11gb,yolo-inference-755b67b9bb-6w2jk,default,yolo,580.178.04,GPU-d59cb1c4-ad97-d91a-6731-e7b5f38951a6
2026-10-10 06:58:24.614242,92.153,8,1g.11gb,yolo-inference-755b67b9bb-zbflb,default,yolo,580.178.04,GPU-d59cb1c4-ad97-d91a-6731-e7b5f38951a6
2026-10-10 06:58:24.614242,92.211,9,1g.11gb,yolo-inference-755b67b9bb-6z9g8,default,yolo,580.178.04,GPU-d59cb1c4-ad97-d91a-6731-e7b5f38951a6
2026-10-10 06:58:29.610636,92.265,10,1g.11gb,yolo-inference-755b67b9bb-jvw65,default,yolo,580.178.04,GPU-d59cb1c4-ad97-d91a-6731-e7b5f38951a6
2026-10-10 06:58:29.610636,92.258,11,1g.11gb,yolo-inference-755b67b9bb-tpwv7,default,yolo,580.178.04,GPU-d59cb1c4-ad97-d91a-6731-e7b5f38951a6
2026-10-10 06:58:29.610636,92.153,12,1g.11gb,yolo-inference-755b67b9bb-cmfkj,default,yolo,580.178.04,GPU-d59cb1c4-ad97-d91a-6731-e7b5f38951a6
2026-10-10 06:58:29.610636,92.256,13,1g.11gb,yolo-inference-755b67b9bb-7kvtl,default,yolo,580.178.04,GPU-d59cb1c4-ad97-d91a-6731-e7b5f38951a6
2026-10-10 06:58:29.610636,92.261,7,1g.11gb,yolo-inference-755b67b9bb-6w2jk,default,yolo,580.178.04,GPU-d59cb1c4-ad97-d91a-6731-e7b5f38951a6
2026-10-10 06:58:29.610636,92.153,8,1g.11gb,yolo-inference-755b67b9bb-zbflb,default,yolo,580.178.04,GPU-d59cb1c4-ad97-d91a-6731-e7b5f38951a6
2026-10-10 06:58:29.610636,92.211,9,1g.11gb,yolo-inference-755b67b9bb-6z9g8,default,yolo,580.178.04,GPU-d59cb1c4-ad97-d91a-6731-e7b5f38951a6
2026-10-10 06:58:34.612703,92.265,10,1g.11gb,yolo-inference-755b67b9bb-jvw65,default,yolo,580.178.04,GPU-d59cb1c4-ad97-d91a-6731-e7b5f38951a6
2026-10-10 06:58:34.612703,92.258,11,1g.11gb,yolo-inference-755b67b9bb-tpwv7,default,yolo,580.178.04,GPU-d59cb1c4-ad97-d91a-6731-e7b5f38951a6
2026-10-10 06:58:34.612703,92.153,12,1g.11gb,yolo-inference-755b67b9bb-cmfkj,default,yolo,580.178.04,GPU-d59cb1c4-ad97-d91a-6731-e7b5f38951a6
2026-10-10 06:58:34.612703,92.256,13,1g.11gb,yolo-inference-755b67b9bb-7kvtl,default,yolo,580.178.04,GPU-d59cb1c4-ad97-d91a-6731-e7b5f38951a6
2026-10-10 06:58:34.612703,92.261,7,1g.11gb,yolo-inference-755b67b9bb-6w2jk,default,yolo,580.178.04,GPU-d59cb1c4-ad97-d91a-6731-e7b5f38951a6
2026-10-10 06:58:34.612703,92.153,8,1g.11gb,yolo-inference-755b67b9bb-zbflb,default,yolo,580.178.04,GPU-d59cb1c4-ad97-d91a-6731-e7b5f38951a6
2026-10-10 06:58:34.612703,92.211,9,1g.11gb,yolo-inference-755b67b9bb-6z9g8,default,yolo,580.178.04,GPU-d59cb1c4-ad97-d91a-6731-e7b5f38951a6
2026-10-10 06:58:39.614226,92.265,10,1g.11gb,yolo-inference-755b67b9bb-jvw65,default,yolo,580.178.04,GPU-d59cb1c4-ad97-d91a-6731-e7b5f38951a6
2026-10-10 06:58:39.614226,92.258,11,1g.11gb,yolo-inference-755b67b9bb-tpwv7,default,yolo,580.178.04,GPU-d59cb1c4-ad97-d91a-6731-e7b5f38951a6
2026-10-10 06:58:39.614226,92.153,12,1g.11gb,yolo-inference-755b67b9bb-cmfkj,default,yolo,580.178.04,GPU-d59cb1c4-ad97-d91a-6731-e7b5f38951a6
2026-10-10 06:58:39.614226,92.256,13,1g.11gb,yolo-inference-755b67b9bb-7kvtl,default,yolo,580.178.04,GPU-d59cb1c4-ad97-d91a-6731-e7b5f38951a6
2026-10-10 06:58:39.614226,92.261,7,1g.11gb,yolo-inference-755b67b9bb-6w2jk,default,yolo,580.178.04,GPU-d59cb1c4-ad97-d91a-6731-e7b5f38951a6
2026-10-10 06:58:39.614226,92.153,8,1g.11gb,yolo-inference-755b67b9bb-zbflb,default,yolo,580.178.04,GPU-d59cb1c4-ad97-d91a-6731-e7b5f38951a6
2026-10-10 06:58:39.614226,92.211,9,1g.11gb,yolo-inference-755b67b9bb-6z9g8,default,yolo,580.178.04,GPU-d59cb1c4-ad97-d91a-6731-e7b5f38951a6
2026-10-10 06:58:44.612956,92.211,10,1g.11gb,yolo-inference-755b67b9bb-jvw65,default,yolo,580.178.04,GPU-d59cb1c4-ad97-d91a-6731-e7b5f38951a6
2026-10-10 06:58:44.612956,92.2,11,1g.11gb,yolo-inference-755b67b9bb-tpwv7,default,yolo,580.178.04,GPU-d59cb1c4-ad97-d91a-6731-e7b5f38951a6
2026-10-10 06:58:44.612956,92.388,12,1g.11gb,yolo-inference-755b67b9bb-cmfkj,default,yolo,580.178.04,GPU-d59cb1c4-ad97-d91a-6731-e7b5f38951a6
2026-10-10 06:58:44.612956,92.223,13,1g.11gb,yolo-inference-755b67b9bb-7kvtl,default,yolo,580.178.04,GPU-d59cb1c4-ad97-d91a-6731-e7b5f38951a6
2026-10-10 06:58:44.612956,92.287,7,1g.11gb,yolo-inference-755b67b9bb-6w2jk,default,yolo,580.178.04,GPU-d59cb1c4-ad97-d91a-6731-e7b5f38951a6
2026-10-10 06:58:44.612956,92.317,8,1g.11gb,yolo-inference-755b67b9bb-zbflb,default,yolo,580.178.04,GPU-d59cb1c4-ad97-d91a-6731-e7b5f38951a6
2026-10-10 06:58:44.612956,92.2,9,1g.11gb,yolo-inference-755b67b9bb-6z9g8,default,yolo,580.178.04,GPU-d59cb1c4-ad97-d91a-6731-e7b5f38951a6
2026-10-10 06:58:49.612698,92.211,10,1g.11gb,yolo-inference-755b67b9bb-jvw65,default,yolo,580.178.04,GPU-d59cb1c4-ad97-d91a-6731-e7b5f38951a6
2026-10-10 06:58:49.612698,92.2,11,1g.11gb,yolo-inference-755b67b9bb-tpwv7,default,yolo,580.178.04,GPU-d59cb1c4-ad97-d91a-6731-e7b5f38951a6
2026-10-10 06:58:49.612698,92.388,12,1g.11gb,yolo-inference-755b67b9bb-cmfkj,default,yolo,580.178.04,GPU-d59cb1c4-ad97-d91a-6731-e7b5f38951a6
2026-10-10 06:58:49.612698,92.223,13,1g.11gb,yolo-inference-755b67b9bb-7kvtl,default,yolo,580.178.04,GPU-d59cb1c4-ad97-d91a-6731-e7b5f38951a6
2026-10-10 06:58:49.612698,92.287,7,1g.11gb,yolo-inference-755b67b9bb-6w2jk,default,yolo,580.178.04,GPU-d59cb1c4-ad97-d91a-6731-e7b5f38951a6
2026-10-10 06:58:49.612698,92.317,8,1g.11gb,yolo-inference-755b67b9bb-zbflb,default,yolo,580.178.04,GPU-d59cb1c4-ad97-d91a-6731-e7b5f38951a6
2026-10-10 06:58:49.612698,92.2,9,1g.11gb,yolo-inference-755b67b9bb-6z9g8,default,yolo,580.178.04,GPU-d59cb1c4-ad97-d91a-6731-e7b5f38951a6
2026-10-10 06:58:54.610476,92.211,10,1g.11gb,yolo-inference-755b67b9bb-jvw65,default,yolo,580.178.04,GPU-d59cb1c4-ad97-d91a-6731-e7b5f38951a6
2026-10-10 06:58:54.610476,92.2,11,1g.11gb,yolo-inference-755b67b9bb-tpwv7,default,yolo,580.178.04,GPU-d59cb1c4-ad97-d91a-6731-e7b5f38951a6
2026-10-10 06:58:54.610476,92.388,12,1g.11gb,yolo-inference-755b67b9bb-cmfkj,default,yolo,580.178.04,GPU-d59cb1c4-ad97-d91a-6731-e7b5f38951a6
2026-10-10 06:58:54.610476,92.223,13,1g.11gb,yolo-inference-755b67b9bb-7kvtl,default,yolo,580.178.04,GPU-d59cb1c4-ad97-d91a-6731-e7b5f38951a6
2026-10-10 06:58:54.610476,92.287,7,1g.11gb,yolo-inference-755b67b9bb-6w2jk,default,yolo,580.178.04,GPU-d59cb1c4-ad97-d91a-6731-e7b5f38951a6
2026-10-10 06:58:54.610476,92.317,8,1g.11gb,yolo-inference-755b67b9bb-zbflb,default,yolo,580.178.04,GPU-d59cb1c4-ad97-d91a-6731-e7b5f38951a6
2026-10-10 06:58:54.610476,92.2,9,1g.11gb,yolo-inference-755b67b9bb-6z9g8,default,yolo,580.178.04,GPU-d59cb1c4-ad97-d91a-6731-e7b5f38951a6
2026-10-10 06:58:59.614205,92.211,10,1g.11gb,yolo-inference-755b67b9bb-jvw65,default,yolo,580.178.04,GPU-d59cb1c4-ad97-d91a-6731-e7b5f38951a6
2026-10-10 06:58:59.614205,92.2,11,1g.11gb,yolo-inference-755b67b9bb-tpwv7,default,yolo,580.178.04,GPU-d59cb1c4-ad97-d91a-6731-e7b5f38951a6
2026-10-10 06:58:59.614205,92.388,12,1g.11gb,yolo-inference-755b67b9bb-cmfkj,default,yolo,580.178.04,GPU-d59cb1c4-ad97-d91a-6731-e7b5f38951a6
2026-10-10 06:58:59.614205,92.223,13,1g.11gb,yolo-inference-755b67b9bb-7kvtl,default,yolo,580.178.04,GPU-d59cb1c4-ad97-d91a-6731-e7b5f38951a6
2026-10-10 06:58:59.614205,92.287,7,1g.11gb,yolo-inference-755b67b9bb-6w2jk,default,yolo,580.178.04,GPU-d59cb1c4-ad97-d91a-6731-e7b5f38951a6
2026-10-10 06:58:59.614205,92.317,8,1g.11gb,yolo-inference-755b67b9bb-zbflb,default,yolo,580.178.04,GPU-d59cb1c4-ad97-d91a-6731-e7b5f38951a6
2026-10-10 06:58:59.614205,92.2,9,1g.11gb,yolo-inference-755b67b9bb-6z9g8,default,yolo,580.178.04,GPU-d59cb1c4-ad97-d91a-6731-e7b5f38951a6
2026-10-10 06:59:04.614189,92.211,10,1g.11gb,yolo-inference-755b67b9bb-jvw65,default,yolo,580.178.04,GPU-d59cb1c4-ad97-d91a-6731-e7b5f38951a6
2026-10-10 06:59:04.614189,92.2,11,1g.11gb,yolo-inference-755b67b9bb-tpwv7,default,yolo,580.178.04,GPU-d59cb1c4-ad97-d91a-6731-e7b5f38951a6
2026-10-10 06:59:04.614189,92.388,12,1g.11gb,yolo-inference-755b67b9bb-cmfkj,default,yolo,580.178.04,GPU-d59cb1c4-ad97-d91a-6731-e7b5f38951a6
2026-10-10 06:59:04.614189,92.223,13,1g.11gb,yolo-inference-755b67b9bb-7kvtl,default,yolo,580.178.04,GPU-d59cb1c4-ad97-d91a-6731-e7b5f38951a6
2026-10-10 06:59:04.614189,92.287,7,1g.11gb,yolo-inference-755b67b9bb-6w2jk,default,yolo,580.178.04,GPU-d59cb1c4-ad97-d91a-6731-e7b5f38951a6
2026-10-10 06:59:04.614189,92.317,8,1g.11gb,yolo-inference-755b67b9bb-zbflb,default,yolo,580.178.04,GPU-d59cb1c4-ad97-d91a-6731-e7b5f38951a6
2026-10-10 06:59:04.614189,92.2,9,1g.11gb,yolo-inference-755b67b9bb-6z9g8,default,yolo,580.178.04,GPU-d59cb1c4-ad97-d91a-6731-e7b5f38951a6
2026-10-10 06:59:09.609649,92.211,10,1g.11gb,yolo-inference-755b67b9bb-jvw65,default,yolo,580.178.04,GPU-d59cb1c4-ad97-d91a-6731-e7b5f38951a6
2026-10-10 06:59:09.609649,92.2,11,1g.11gb,yolo-inference-755b67b9bb-tpwv7,default,yolo,580.178.04,GPU-d59cb1c4-ad97-d91a-6731-e7b5f38951a6
2026-10-10 06:59:09.609649,92.388,12,1g.11gb,yolo-inference-755b67b9bb-cmfkj,default,yolo,580.178.04,GPU-d59cb1c4-ad97-d91a-6731-e7b5f38951a6
2026-10-10 06:59:09.609649,92.223,13,1g.11gb,yolo-inference-755b67b9bb-7kvtl,default,yolo,580.178.04,GPU-d59cb1c4-ad97-d91a-6731-e7b5f38951a6
2026-10-10 06:59:09.609649,92.287,7,1g.11gb,yolo-inference-755b67b9bb-6w2jk,default,yolo,580.178.04,GPU-d59cb1c4-ad97-d91a-6731-e7b5f38951a6
2026-10-10 06:59:09.609649,92.317,8,1g.11gb,yolo-inference-755b67b9bb-zbflb,default,yolo,580.178.04,GPU-d59cb1c4-ad97-d91a-6731-e7b5f38951a6
2026-10-10 06:59:09.609649,92.2,9,1g.11gb,yolo-inference-755b67b9bb-6z9g8,default,yolo,580.178.04,GPU-d59cb1c4-ad97-d91a-6731-e7b5f38951a6
2026-10-10 06:59:14.612315,92.222,10,1g.11gb,yolo-inference-755b67b9bb-jvw65,default,yolo,580.178.04,GPU-d59cb1c4-ad97-d91a-6731-e7b5f38951a6
2026-10-10 06:59:14.612315,92.308,11,1g.11gb,yolo-inference-755b67b9bb-tpwv7,default,yolo,580.178.04,GPU-d59cb1c4-ad97-d91a-6731-e7b5f38951a6
2026-10-10 06:59:14.612315,92.263,12,1g.11gb,yolo-inference-755b67b9bb-cmfkj,default,yolo,580.178.04,GPU-d59cb1c4-ad97-d91a-6731-e7b5f38951a6
2026-10-10 06:59:14.612315,92.219,13,1g.11gb,yolo-inference-755b67b9bb-7kvtl,default,yolo,580.178.04,GPU-d59cb1c4-ad97-d91a-6731-e7b5f38951a6
2026-10-10 06:59:14.612315,92.279,7,1g.11gb,yolo-inference-755b67b9bb-6w2jk,default,yolo,580.178.04,GPU-d59cb1c4-ad97-d91a-6731-e7b5f38951a6
2026-10-10 06:59:14.612315,92.263,8,1g.11gb,yolo-inference-755b67b9bb-zbflb,default,yolo,580.178.04,GPU-d59cb1c4-ad97-d91a-6731-e7b5f38951a6
2026-10-10 06:59:14.612315,92.308,9,1g.11gb,yolo-inference-755b67b9bb-6z9g8,default,yolo,580.178.04,GPU-d59cb1c4-ad97-d91a-6731-e7b5f38951a6
2026-10-10 06:59:19.614179,92.222,10,1g.11gb,yolo-inference-755b67b9bb-jvw65,default,yolo,580.178.04,GPU-d59cb1c4-ad97-d91a-6731-e7b5f38951a6
2026-10-10 06:59:19.614179,92.308,11,1g.11gb,yolo-inference-755b67b9bb-tpwv7,default,yolo,580.178.04,GPU-d59cb1c4-ad97-d91a-6731-e7b5f38951a6
2026-10-10 06:59:19.614179,92.263,12,1g.11gb,yolo-inference-755b67b9bb-cmfkj,default,yolo,580.178.04,GPU-d59cb1c4-ad97-d91a-6731-e7b5f38951a6
2026-10-10 06:59:19.614179,92.219,13,1g.11gb,yolo-inference-755b67b9bb-7kvtl,default,yolo,580.178.04,GPU-d59cb1c4-ad97-d91a-6731-e7b5f38951a6
2026-10-10 06:59:19.614179,92.279,7,1g.11gb,yolo-inference-755b67b9bb-6w2jk,default,yolo,580.178.04,GPU-d59cb1c4-ad97-d91a-6731-e7b5f38951a6
2026-10-10 06:59:19.614179,92.263,8,1g.11gb,yolo-inference-755b67b9bb-zbflb,default,yolo,580.178.04,GPU-d59cb1c4-ad97-d91a-6731-e7b5f38951a6
2026-10-10 06:59:19.614179,92.308,9,1g.11gb,yolo-inference-755b67b9bb-6z9g8,default,yolo,580.178.04,GPU-d59cb1c4-ad97-d91a-6731-e7b5f38951a6
2026-10-10 06:59:24.614193,92.222,10,1g.11gb,yolo-inference-755b67b9bb-jvw65,default,yolo,580.178.04,GPU-d59cb1c4-ad97-d91a-6731-e7b5f38951a6
2026-10-10 06:59:24.614193,92.308,11,1g.11gb,yolo-inference-755b67b9bb-tpwv7,default,yolo,580.178.04,GPU-d59cb1c4-ad97-d91a-6731-e7b5f38951a6
2026-10-10 06:59:24.614193,92.263,12,1g.11gb,yolo-inference-755b67b9bb-cmfkj,default,yolo,580.178.04,GPU-d59cb1c4-ad97-d91a-6731-e7b5f38951a6
2026-10-10 06:59:24.614193,92.219,13,1g.11gb,yolo-inference-755b67b9bb-7kvtl,default,yolo,580.178.04,GPU-d59cb1c4-ad97-d91a-6731-e7b5f38951a6
2026-10-10 06:59:24.614193,92.279,7,1g.11gb,yolo-inference-755b67b9bb-6w2jk,default,yolo,580.178.04,GPU-d59cb1c4-ad97-d91a-6731-e7b5f38951a6
2026-10-10 06:59:24.614193,92.263,8,1g.11gb,yolo-inference-755b67b9bb-zbflb,default,yolo,580.178.04,GPU-d59cb1c4-ad97-d91a-6731-e7b5f38951a6
2026-10-10 06:59:24.614193,92.308,9,1g.11gb,yolo-inference-755b67b9bb-6z9g8,default,yolo,580.178.04,GPU-d59cb1c4-ad97-d91a-6731-e7b5f38951a6
2026-10-10 06:59:29.612695,92.222,10,1g.11gb,yolo-inference-755b67b9bb-jvw65,default,yolo,580.178.04,GPU-d59cb1c4-ad97-d91a-6731-e7b5f38951a6
2026-10-10 06:59:29.612695,92.308,11,1g.11gb,yolo-inference-755b67b9bb-tpwv7,default,yolo,580.178.04,GPU-d59cb1c4-ad97-d91a-6731-e7b5f38951a6
2026-10-10 06:59:29.612695,92.263,12,1g.11gb,yolo-inference-755b67b9bb-cmfkj,default,yolo,580.178.04,GPU-d59cb1c4-ad97-d91a-6731-e7b5f38951a6
2026-10-10 06:59:29.612695,92.219,13,1g.11gb,yolo-inference-755b67b9bb-7kvtl,default,yolo,580.178.04,GPU-d59cb1c4-ad97-d91a-6731-e7b5f38951a6
2026-10-10 06:59:29.612695,92.279,7,1g.11gb,yolo-inference-755b67b9bb-6w2jk,default,yolo,580.178.04,GPU-d59cb1c4-ad97-d91a-6731-e7b5f38951a6
2026-10-10 06:59:29.612695,92.263,8,1g.11gb,yolo-inference-755b67b9bb-zbflb,default,yolo,580.178.04,GPU-d59cb1c4-ad97-d91a-6731-e7b5f38951a6
2026-10-10 06:59:29.612695,92.308,9,1g.11gb,yolo-inference-755b67b9bb-6z9g8,default,yolo,580.178.04,GPU-d59cb1c4-ad97-d91a-6731-e7b5f38951a6
2026-10-10 06:59:34.613883,92.222,10,1g.11gb,yolo-inference-755b67b9bb-jvw65,default,yolo,580.178.04,GPU-d59cb1c4-ad97-d91a-6731-e7b5f38951a6
2026-10-10 06:59:34.613883,92.308,11,1g.11gb,yolo-inference-755b67b9bb-tpwv7,default,yolo,580.178.04,GPU-d59cb1c4-ad97-d91a-6731-e7b5f38951a6
2026-10-10 06:59:34.613883,92.263,12,1g.11gb,yolo-inference-755b67b9bb-cmfkj,default,yolo,580.178.04,GPU-d59cb1c4-ad97-d91a-6731-e7b5f38951a6
2026-10-10 06:59:34.613883,92.219,13,1g.11gb,yolo-inference-755b67b9bb-7kvtl,default,yolo,580.178.04,GPU-d59cb1c4-ad97-d91a-6731-e7b5f38951a6
2026-10-10 06:59:34.613883,92.279,7,1g.11gb,yolo-inference-755b67b9bb-6w2jk,default,yolo,580.178.04,GPU-d59cb1c4-ad97-d91a-6731-e7b5f38951a6
2026-10-10 06:59:34.613883,92.263,8,1g.11gb,yolo-inference-755b67b9bb-zbflb,default,yolo,580.178.04,GPU-d59cb1c4-ad97-d91a-6731-e7b5f38951a6
2026-10-10 06:59:34.613883,92.308,9,1g.11gb,yolo-inference-755b67b9bb-6z9g8,default,yolo,580.178.04,GPU-d59cb1c4-ad97-d91a-6731-e7b5f38951a6
2026-10-10 06:59:39.610064,92.222,10,1g.11gb,yolo-inference-755b67b9bb-jvw65,default,yolo,580.178.04,GPU-d59cb1c4-ad97-d91a-6731-e7b5f38951a6
2026-10-10 06:59:39.610064,92.308,11,1g.11gb,yolo-inference-755b67b9bb-tpwv7,default,yolo,580.178.04,GPU-d59cb1c4-ad97-d91a-6731-e7b5f38951a6
2026-10-10 06:59:39.610064,92.263,12,1g.11gb,yolo-inference-755b67b9bb-cmfkj,default,yolo,580.178.04,GPU-d59cb1c4-ad97-d91a-6731-e7b5f38951a6
2026-10-10 06:59:39.610064,92.219,13,1g.11gb,yolo-inference-755b67b9bb-7kvtl,default,yolo,580.178.04,GPU-d59cb1c4-ad97-d91a-6731-e7b5f38951a6
2026-10-10 06:59:39.610064,92.279,7,1g.11gb,yolo-inference-755b67b9bb-6w2jk,default,yolo,580.178.04,GPU-d59cb1c4-ad97-d91a-6731-e7b5f38951a6
2026-10-10 06:59:39.610064,92.263,8,1g.11gb,yolo-inference-755b67b9bb-zbflb,default,yolo,580.178.04,GPU-d59cb1c4-ad97-d91a-6731-e7b5f38951a6
2026-10-10 06:59:39.610064,92.308,9,1g.11gb,yolo-inference-755b67b9bb-6z9g8,default,yolo,580.178.04,GPU-d59cb1c4-ad97-d91a-6731-e7b5f38951a6
2026-10-10 06:59:44.614220,92.157,10,1g.11gb,yolo-inference-755b67b9bb-jvw65,default,yolo,580.178.04,GPU-d59cb1c4-ad97-d91a-6731-e7b5f38951a6
2026-10-10 06:59:44.614220,92.303,11,1g.11gb,yolo-inference-755b67b9bb-tpwv7,default,yolo,580.178.04,GPU-d59cb1c4-ad97-d91a-6731-e7b5f38951a6
2026-10-10 06:59:44.614220,92.243,12,1g.11gb,yolo-inference-755b67b9bb-cmfkj,default,yolo,580.178.04,GPU-d59cb1c4-ad97-d91a-6731-e7b5f38951a6
2026-10-10 06:59:44.614220,92.388,13,1g.11gb,yolo-inference-755b67b9bb-7kvtl,default,yolo,580.178.04,GPU-d59cb1c4-ad97-d91a-6731-e7b5f38951a6
2026-10-10 06:59:44.614220,92.213,7,1g.11gb,yolo-inference-755b67b9bb-6w2jk,default,yolo,580.178.04,GPU-d59cb1c4-ad97-d91a-6731-e7b5f38951a6
2026-10-10 06:59:44.614220,92.243,8,1g.11gb,yolo-inference-755b67b9bb-zbflb,default,yolo,580.178.04,GPU-d59cb1c4-ad97-d91a-6731-e7b5f38951a6
2026-10-10 06:59:44.614220,92.303,9,1g.11gb,yolo-inference-755b67b9bb-6z9g8,default,yolo,580.178.04,GPU-d59cb1c4-ad97-d91a-6731-e7b5f38951a6
2026-10-10 06:59:49.614189,92.157,10,1g.11gb,yolo-inference-755b67b9bb-jvw65,default,yolo,580.178.04,GPU-d59cb1c4-ad97-d91a-6731-e7b5f38951a6
2026-10-10 06:59:49.614189,92.303,11,1g.11gb,yolo-inference-755b67b9bb-tpwv7,default,yolo,580.178.04,GPU-d59cb1c4-ad97-d91a-6731-e7b5f38951a6
2026-10-10 06:59:49.614189,92.243,12,1g.11gb,yolo-inference-755b67b9bb-cmfkj,default,yolo,580.178.04,GPU-d59cb1c4-ad97-d91a-6731-e7b5f38951a6
2026-10-10 06:59:49.614189,92.388,13,1g.11gb,yolo-inference-755b67b9bb-7kvtl,default,yolo,580.178.04,GPU-d59cb1c4-ad97-d91a-6731-e7b5f38951a6
2026-10-10 06:59:49.614189,92.213,7,1g.11gb,yolo-inference-755b67b9bb-6w2jk,default,yolo,580.178.04,GPU-d59cb1c4-ad97-d91a-6731-e7b5f38951a6
2026-10-10 06:59:49.614189,92.243,8,1g.11gb,yolo-inference-755b67b9bb-zbflb,default,yolo,580.178.04,GPU-d59cb1c4-ad97-d91a-6731-e7b5f38951a6
2026-10-10 06:59:49.614189,92.303,9,1g.11gb,yolo-inference-755b67b9bb-6z9g8,default,yolo,580.178.04,GPU-d59cb1c4-ad97-d91a-6731-e7b5f38951a6
2026-10-10 06:59:54.614212,92.157,10,1g.11gb,yolo-inference-755b67b9bb-jvw65,default,yolo,580.178.04,GPU-d59cb1c4-ad97-d91a-6731-e7b5f38951a6
2026-10-10 06:59:54.614212,92.303,11,1g.11gb,yolo-inference-755b67b9bb-tpwv7,default,yolo,580.178.04,GPU-d59cb1c4-ad97-d91a-6731-e7b5f38951a6
2026-10-10 06:59:54.614212,92.243,12,1g.11gb,yolo-inference-755b67b9bb-cmfkj,default,yolo,580.178.04,GPU-d59cb1c4-ad97-d91a-6731-e7b5f38951a6
2026-10-10 06:59:54.614212,92.388,13,1g.11gb,yolo-inference-755b67b9bb-7kvtl,default,yolo,580.178.04,GPU-d59cb1c4-ad97-d91a-6731-e7b5f38951a6
2026-10-10 06:59:54.614212,92.213,7,1g.11gb,yolo-inference-755b67b9bb-6w2jk,default,yolo,580.178.04,GPU-d59cb1c4-ad97-d91a-6731-e7b5f38951a6
2026-10-10 06:59:54.614212,92.243,8,1g.11gb,yolo-inference-755b67b9bb-zbflb,default,yolo,580.178.04,GPU-d59cb1c4-ad97-d91a-6731-e7b5f38951a6
2026-10-10 06:59:54.614212,92.303,9,1g.11gb,yolo-inference-755b67b9bb-6z9g8,default,yolo,580.178.04,GPU-d59cb1c4-ad97-d91a-6731-e7b5f38951a6
2026-10-10 06:59:59.610009,92.157,10,1g.11gb,yolo-inference-755b67b9bb-jvw65,default,yolo,580.178.04,GPU-d59cb1c4-ad97-d91a-6731-e7b5f38951a6
2026-10-10 06:59:59.610009,92.303,11,1g.11gb,yolo-inference-755b67b9bb-tpwv7,default,yolo,580.178.04,GPU-d59cb1c4-ad97-d91a-6731-e7b5f38951a6
2026-10-10 06:59:59.610009,92.243,12,1g.11gb,yolo-inference-755b67b9bb-cmfkj,default,yolo,580.178.04,GPU-d59cb1c4-ad97-d91a-6731-e7b5f38951a6
2026-10-10 06:59:59.610009,92.388,13,1g.11gb,yolo-inference-755b67b9bb-7kvtl,default,yolo,580.178.04,GPU-d59cb1c4-ad97-d91a-6731-e7b5f38951a6
2026-10-10 06:59:59.610009,92.213,7,1g.11gb,yolo-inference-755b67b9bb-6w2jk,default,yolo,580.178.04,GPU-d59cb1c4-ad97-d91a-6731-e7b5f38951a6
2026-10-10 06:59:59.610009,92.243,8,1g.11gb,yolo-inference-755b67b9bb-zbflb,default,yolo,580.178.04,GPU-d59cb1c4-ad97-d91a-6731-e7b5f38951a6
2026-10-10 06:59:59.610009,92.303,9,1g.11gb,yolo-inference-755b67b9bb-6z9g8,default,yolo,580.178.04,GPU-d59cb1c4-ad97-d91a-6731-e7b5f38951a6
2026-10-10 07:00:04.614181,92.157,10,1g.11gb,yolo-inference-755b67b9bb-jvw65,default,yolo,580.178.04,GPU-d59cb1c4-ad97-d91a-6731-e7b5f38951a6
2026-10-10 07:00:04.614181,92.303,11,1g.11gb,yolo-inference-755b67b9bb-tpwv7,default,yolo,580.178.04,GPU-d59cb1c4-ad97-d91a-6731-e7b5f38951a6
2026-10-10 07:00:04.614181,92.243,12,1g.11gb,yolo-inference-755b67b9bb-cmfkj,default,yolo,580.178.04,GPU-d59cb1c4-ad97-d91a-6731-e7b5f38951a6
2026-10-10 07:00:04.614181,92.388,13,1g.11gb,yolo-inference-755b67b9bb-7kvtl,default,yolo,580.178.04,GPU-d59cb1c4-ad97-d91a-6731-e7b5f38951a6
2026-10-10 07:00:04.614181,92.213,7,1g.11gb,yolo-inference-755b67b9bb-6w2jk,default,yolo,580.178.04,GPU-d59cb1c4-ad97-d91a-6731-e7b5f38951a6
2026-10-10 07:00:04.614181,92.243,8,1g.11gb,yolo-inference-755b67b9bb-zbflb,default,yolo,580.178.04,GPU-d59cb1c4-ad97-d91a-6731-e7b5f38951a6
2026-10-10 07:00:04.614181,92.303,9,1g.11gb,yolo-inference-755b67b9bb-6z9g8,default,yolo,580.178.04,GPU-d59cb1c4-ad97-d91a-6731-e7b5f38951a6
2026-10-10 07:00:09.610179,92.157,10,1g.11gb,yolo-inference-755b67b9bb-jvw65,default,yolo,580.178.04,GPU-d59cb1c4-ad97-d91a-6731-e7b5f38951a6
2026-10-10 07:00:09.610179,92.303,11,1g.11gb,yolo-inference-755b67b9bb-tpwv7,default,yolo,580.178.04,GPU-d59cb1c4-ad97-d91a-6731-e7b5f38951a6
2026-10-10 07:00:09.610179,92.243,12,1g.11gb,yolo-inference-755b67b9bb-cmfkj,default,yolo,580.178.04,GPU-d59cb1c4-ad97-d91a-6731-e7b5f38951a6
2026-10-10 07:00:09.610179,92.388,13,1g.11gb,yolo-inference-755b67b9bb-7kvtl,default,yolo,580.178.04,GPU-d59cb1c4-ad97-d91a-6731-e7b5f38951a6
2026-10-10 07:00:09.610179,92.213,7,1g.11gb,yolo-inference-755b67b9bb-6w2jk,default,yolo,580.178.04,GPU-d59cb1c4-ad97-d91a-6731-e7b5f38951a6
2026-10-10 07:00:09.610179,92.243,8,1g.11gb,yolo-inference-755b67b9bb-zbflb,default,yolo,580.178.04,GPU-d59cb1c4-ad97-d91a-6731-e7b5f38951a6
2026-10-10 07:00:09.610179,92.303,9,1g.11gb,yolo-inference-755b67b9bb-6z9g8,default,yolo,580.178.04,GPU-d59cb1c4-ad97-d91a-6731-e7b5f38951a6
2026-10-10 07:00:14.613421,92.099,10,1g.11gb,yolo-inference-755b67b9bb-jvw65,default,yolo,580.178.04,GPU-d59cb1c4-ad97-d91a-6731-e7b5f38951a6
2026-10-10 07:00:14.613421,92.298,11,1g.11gb,yolo-inference-755b67b9bb-tpwv7,default,yolo,580.178.04,GPU-d59cb1c4-ad97-d91a-6731-e7b5f38951a6
2026-10-10 07:00:14.613421,92.4,12,1g.11gb,yolo-inference-755b67b9bb-cmfkj,default,yolo,580.178.04,GPU-d59cb1c4-ad97-d91a-6731-e7b5f38951a6
2026-10-10 07:00:14.613421,92.449,13,1g.11gb,yolo-inference-755b67b9bb-7kvtl,default,yolo,580.178.04,GPU-d59cb1c4-ad97-d91a-6731-e7b5f38951a6
2026-10-10 07:00:14.613421,92.218,7,1g.11gb,yolo-inference-755b67b9bb-6w2jk,default,yolo,580.178.04,GPU-d59cb1c4-ad97-d91a-6731-e7b5f38951a6
2026-10-10 07:00:14.613421,92.4,8,1g.11gb,yolo-inference-755b67b9bb-zbflb,default,yolo,580.178.04,GPU-d59cb1c4-ad97-d91a-6731-e7b5f38951a6
2026-10-10 07:00:14.613421,92.298,9,1g.11gb,yolo-inference-755b67b9bb-6z9g8,default,yolo,580.178.04,GPU-d59cb1c4-ad97-d91a-6731-e7b5f38951a6
2026-10-10 07:00:19.612512,92.099,10,1g.11gb,yolo-inference-755b67b9bb-jvw65,default,yolo,580.178.04,GPU-d59cb1c4-ad97-d91a-6731-e7b5f38951a6
2026-10-10 07:00:19.612512,92.298,11,1g.11gb,yolo-inference-755b67b9bb-tpwv7,default,yolo,580.178.04,GPU-d59cb1c4-ad97-d91a-6731-e7b5f38951a6
2026-10-10 07:00:19.612512,92.4,12,1g.11gb,yolo-inference-755b67b9bb-cmfkj,default,yolo,580.178.04,GPU-d59cb1c4-ad97-d91a-6731-e7b5f38951a6
2026-10-10 07:00:19.612512,92.449,13,1g.11gb,yolo-inference-755b67b9bb-7kvtl,default,yolo,580.178.04,GPU-d59cb1c4-ad97-d91a-6731-e7b5f38951a6
2026-10-10 07:00:19.612512,92.218,7,1g.11gb,yolo-inference-755b67b9bb-6w2jk,default,yolo,580.178.04,GPU-d59cb1c4-ad97-d91a-6731-e7b5f38951a6
2026-10-10 07:00:19.612512,92.4,8,1g.11gb,yolo-inference-755b67b9bb-zbflb,default,yolo,580.178.04,GPU-d59cb1c4-ad97-d91a-6731-e7b5f38951a6
2026-10-10 07:00:19.612512,92.298,9,1g.11gb,yolo-inference-755b67b9bb-6z9g8,default,yolo,580.178.04,GPU-d59cb1c4-ad97-d91a-6731-e7b5f38951a6
2026-10-10 07:00:24.614238,92.099,10,1g.11gb,yolo-inference-755b67b9bb-jvw65,default,yolo,580.178.04,GPU-d59cb1c4-ad97-d91a-6731-e7b5f38951a6
2026-10-10 07:00:24.614238,92.298,11,1g.11gb,yolo-inference-755b67b9bb-tpwv7,default,yolo,580.178.04,GPU-d59cb1c4-ad97-d91a-6731-e7b5f38951a6
2026-10-10 07:00:24.614238,92.4,12,1g.11gb,yolo-inference-755b67b9bb-cmfkj,default,yolo,580.178.04,GPU-d59cb1c4-ad97-d91a-6731-e7b5f38951a6
2026-10-10 07:00:24.614238,92.449,13,1g.11gb,yolo-inference-755b67b9bb-7kvtl,default,yolo,580.178.04,GPU-d59cb1c4-ad97-d91a-6731-e7b5f38951a6
2026-10-10 07:00:24.614238,92.218,7,1g.11gb,yolo-inference-755b67b9bb-6w2jk,default,yolo,580.178.04,GPU-d59cb1c4-ad97-d91a-6731-e7b5f38951a6
2026-10-10 07:00:24.614238,92.4,8,1g.11gb,yolo-inference-755b67b9bb-zbflb,default,yolo,580.178.04,GPU-d59cb1c4-ad97-d91a-6731-e7b5f38951a6
2026-10-10 07:00:24.614238,92.298,9,1g.11gb,yolo-inference-755b67b9bb-6z9g8,default,yolo,580.178.04,GPU-d59cb1c4-ad97-d91a-6731-e7b5f38951a6
2026-10-10 07:00:29.614196,92.099,10,1g.11gb,yolo-inference-755b67b9bb-jvw65,default,yolo,580.178.04,GPU-d59cb1c4-ad97-d91a-6731-e7b5f38951a6
2026-10-10 07:00:29.614196,92.298,11,1g.11gb,yolo-inference-755b67b9bb-tpwv7,default,yolo,580.178.04,GPU-d59cb1c4-ad97-d91a-6731-e7b5f38951a6
2026-10-10 07:00:29.614196,92.4,12,1g.11gb,yolo-inference-755b67b9bb-cmfkj,default,yolo,580.178.04,GPU-d59cb1c4-ad97-d91a-6731-e7b5f38951a6
2026-10-10 07:00:29.614196,92.449,13,1g.11gb,yolo-inference-755b67b9bb-7kvtl,default,yolo,580.178.04,GPU-d59cb1c4-ad97-d91a-6731-e7b5f38951a6
2026-10-10 07:00:29.614196,92.218,7,1g.11gb,yolo-inference-755b67b9bb-6w2jk,default,yolo,580.178.04,GPU-d59cb1c4-ad97-d91a-6731-e7b5f38951a6
2026-10-10 07:00:29.614196,92.4,8,1g.11gb,yolo-inference-755b67b9bb-zbflb,default,yolo,580.178.04,GPU-d59cb1c4-ad97-d91a-6731-e7b5f38951a6
2026-10-10 07:00:29.614196,92.298,9,1g.11gb,yolo-inference-755b67b9bb-6z9g8,default,yolo,580.178.04,GPU-d59cb1c4-ad97-d91a-6731-e7b5f38951a6
2026-10-10 07:00:34.614224,92.099,10,1g.11gb,yolo-inference-755b67b9bb-jvw65,default,yolo,580.178.04,GPU-d59cb1c4-ad97-d91a-6731-e7b5f38951a6
2026-10-10 07:00:34.614224,92.298,11,1g.11gb,yolo-inference-755b67b9bb-tpwv7,default,yolo,580.178.04,GPU-d59cb1c4-ad97-d91a-6731-e7b5f38951a6
2026-10-10 07:00:34.614224,92.4,12,1g.11gb,yolo-inference-755b67b9bb-cmfkj,default,yolo,580.178.04,GPU-d59cb1c4-ad97-d91a-6731-e7b5f38951a6
2026-10-10 07:00:34.614224,92.449,13,1g.11gb,yolo-inference-755b67b9bb-7kvtl,default,yolo,580.178.04,GPU-d59cb1c4-ad97-d91a-6731-e7b5f38951a6
2026-10-10 07:00:34.614224,92.218,7,1g.11gb,yolo-inference-755b67b9bb-6w2jk,default,yolo,580.178.04,GPU-d59cb1c4-ad97-d91a-6731-e7b5f38951a6
2026-10-10 07:00:34.614224,92.4,8,1g.11gb,yolo-inference-755b67b9bb-zbflb,default,yolo,580.178.04,GPU-d59cb1c4-ad97-d91a-6731-e7b5f38951a6
2026-10-10 07:00:34.614224,92.298,9,1g.11gb,yolo-inference-755b67b9bb-6z9g8,default,yolo,580.178.04,GPU-d59cb1c4-ad97-d91a-6731-e7b5f38951a6
2026-10-10 07:00:39.614185,92.099,10,1g.11gb,yolo-inference-755b67b9bb-jvw65,default,yolo,580.178.04,GPU-d59cb1c4-ad97-d91a-6731-e7b5f38951a6
2026-10-10 07:00:39.614185,92.298,11,1g.11gb,yolo-inference-755b67b9bb-tpwv7,default,yolo,580.178.04,GPU-d59cb1c4-ad97-d91a-6731-e7b5f38951a6
2026-10-10 07:00:39.614185,92.4,12,1g.11gb,yolo-inference-755b67b9bb-cmfkj,default,yolo,580.178.04,GPU-d59cb1c4-ad97-d91a-6731-e7b5f38951a6
2026-10-10 07:00:39.614185,92.449,13,1g.11gb,yolo-inference-755b67b9bb-7kvtl,default,yolo,580.178.04,GPU-d59cb1c4-ad97-d91a-6731-e7b5f38951a6
2026-10-10 07:00:39.614185,92.218,7,1g.11gb,yolo-inference-755b67b9bb-6w2jk,default,yolo,580.178.04,GPU-d59cb1c4-ad97-d91a-6731-e7b5f38951a6
2026-10-10 07:00:39.614185,92.4,8,1g.11gb,yolo-inference-755b67b9bb-zbflb,default,yolo,580.178.04,GPU-d59cb1c4-ad97-d91a-6731-e7b5f38951a6
2026-10-10 07:00:39.614185,92.298,9,1g.11gb,yolo-inference-755b67b9bb-6z9g8,default,yolo,580.178.04,GPU-d59cb1c4-ad97-d91a-6731-e7b5f38951a6
2026-10-10 07:00:44.614196,92.252,10,1g.11gb,yolo-inference-755b67b9bb-jvw65,default,yolo,580.178.04,GPU-d59cb1c4-ad97-d91a-6731-e7b5f38951a6
2026-10-10 07:00:44.614196,92.294,11,1g.11gb,yolo-inference-755b67b9bb-tpwv7,default,yolo,580.178.04,GPU-d59cb1c4-ad97-d91a-6731-e7b5f38951a6
2026-10-10 07:00:44.614196,92.233,12,1g.11gb,yolo-inference-755b67b9bb-cmfkj,default,yolo,580.178.04,GPU-d59cb1c4-ad97-d91a-6731-e7b5f38951a6
2026-10-10 07:00:44.614196,92.304,13,1g.11gb,yolo-inference-755b67b9bb-7kvtl,default,yolo,580.178.04,GPU-d59cb1c4-ad97-d91a-6731-e7b5f38951a6
2026-10-10 07:00:44.614196,92.348,7,1g.11gb,yolo-inference-755b67b9bb-6w2jk,default,yolo,580.178.04,GPU-d59cb1c4-ad97-d91a-6731-e7b5f38951a6
2026-10-10 07:00:44.614196,92.233,8,1g.11gb,yolo-inference-755b67b9bb-zbflb,default,yolo,580.178.04,GPU-d59cb1c4-ad97-d91a-6731-e7b5f38951a6
2026-10-10 07:00:44.614196,92.209,9,1g.11gb,yolo-inference-755b67b9bb-6z9g8,default,yolo,580.178.04,GPU-d59cb1c4-ad97-d91a-6731-e7b5f38951a6
2026-10-10 07:00:49.614174,92.252,10,1g.11gb,yolo-inference-755b67b9bb-jvw65,default,yolo,580.178.04,GPU-d59cb1c4-ad97-d91a-6731-e7b5f38951a6
2026-10-10 07:00:49.614174,92.294,11,1g.11gb,yolo-inference-755b67b9bb-tpwv7,default,yolo,580.178.04,GPU-d59cb1c4-ad97-d91a-6731-e7b5f38951a6
2026-10-10 07:00:49.614174,92.233,12,1g.11gb,yolo-inference-755b67b9bb-cmfkj,default,yolo,580.178.04,GPU-d59cb1c4-ad97-d91a-6731-e7b5f38951a6
2026-10-10 07:00:49.614174,92.304,13,1g.11gb,yolo-inference-755b67b9bb-7kvtl,default,yolo,580.178.04,GPU-d59cb1c4-ad97-d91a-6731-e7b5f38951a6
2026-10-10 07:00:49.614174,92.348,7,1g.11gb,yolo-inference-755b67b9bb-6w2jk,default,yolo,580.178.04,GPU-d59cb1c4-ad97-d91a-6731-e7b5f38951a6
2026-10-10 07:00:49.614174,92.233,8,1g.11gb,yolo-inference-755b67b9bb-zbflb,default,yolo,580.178.04,GPU-d59cb1c4-ad97-d91a-6731-e7b5f38951a6
2026-10-10 07:00:49.614174,92.209,9,1g.11gb,yolo-inference-755b67b9bb-6z9g8,default,yolo,580.178.04,GPU-d59cb1c4-ad97-d91a-6731-e7b5f38951a6
2026-10-10 07:00:54.614217,92.252,10,1g.11gb,yolo-inference-755b67b9bb-jvw65,default,yolo,580.178.04,GPU-d59cb1c4-ad97-d91a-6731-e7b5f38951a6
2026-10-10 07:00:54.614217,92.294,11,1g.11gb,yolo-inference-755b67b9bb-tpwv7,default,yolo,580.178.04,GPU-d59cb1c4-ad97-d91a-6731-e7b5f38951a6
2026-10-10 07:00:54.614217,92.233,12,1g.11gb,yolo-inference-755b67b9bb-cmfkj,default,yolo,580.178.04,GPU-d59cb1c4-ad97-d91a-6731-e7b5f38951a6
2026-10-10 07:00:54.614217,92.304,13,1g.11gb,yolo-inference-755b67b9bb-7kvtl,default,yolo,580.178.04,GPU-d59cb1c4-ad97-d91a-6731-e7b5f38951a6
2026-10-10 07:00:54.614217,92.348,7,1g.11gb,yolo-inference-755b67b9bb-6w2jk,default,yolo,580.178.04,GPU-d59cb1c4-ad97-d91a-6731-e7b5f38951a6
2026-10-10 07:00:54.614217,92.233,8,1g.11gb,yolo-inference-755b67b9bb-zbflb,default,yolo,580.178.04,GPU-d59cb1c4-ad97-d91a-6731-e7b5f38951a6
2026-10-10 07:00:54.614217,92.209,9,1g.11gb,yolo-inference-755b67b9bb-6z9g8,default,yolo,580.178.04,GPU-d59cb1c4-ad97-d91a-6731-e7b5f38951a6
2026-10-10 07:00:59.610974,92.252,10,1g.11gb,yolo-inference-755b67b9bb-jvw65,default,yolo,580.178.04,GPU-d59cb1c4-ad97-d91a-6731-e7b5f38951a6
2026-10-10 07:00:59.610974,92.294,11,1g.11gb,yolo-inference-755b67b9bb-tpwv7,default,yolo,580.178.04,GPU-d59cb1c4-ad97-d91a-6731-e7b5f38951a6
2026-10-10 07:00:59.610974,92.233,12,1g.11gb,yolo-inference-755b67b9bb-cmfkj,default,yolo,580.178.04,GPU-d59cb1c4-ad97-d91a-6731-e7b5f38951a6
2026-10-10 07:00:59.610974,92.304,13,1g.11gb,yolo-inference-755b67b9bb-7kvtl,default,yolo,580.178.04,GPU-d59cb1c4-ad97-d91a-6731-e7b5f38951a6
2026-10-10 07:00:59.610974,92.348,7,1g.11gb,yolo-inference-755b67b9bb-6w2jk,default,yolo,580.178.04,GPU-d59cb1c4-ad97-d91a-6731-e7b5f38951a6
2026-10-10 07:00:59.610974,92.233,8,1g.11gb,yolo-inference-755b67b9bb-zbflb,default,yolo,580.178.04,GPU-d59cb1c4-ad97-d91a-6731-e7b5f38951a6
2026-10-10 07:00:59.610974,92.209,9,1g.11gb,yolo-inference-755b67b9bb-6z9g8,default,yolo,580.178.04,GPU-d59cb1c4-ad97-d91a-6731-e7b5f38951a6
2026-10-10 07:01:04.614161,92.252,10,1g.11gb,yolo-inference-755b67b9bb-jvw65,default,yolo,580.178.04,GPU-d59cb1c4-ad97-d91a-6731-e7b5f38951a6
2026-10-10 07:01:04.614161,92.294,11,1g.11gb,yolo-inference-755b67b9bb-tpwv7,default,yolo,580.178.04,GPU-d59cb1c4-ad97-d91a-6731-e7b5f38951a6
2026-10-10 07:01:04.614161,92.233,12,1g.11gb,yolo-inference-755b67b9bb-cmfkj,default,yolo,580.178.04,GPU-d59cb1c4-ad97-d91a-6731-e7b5f38951a6
2026-10-10 07:01:04.614161,92.304,13,1g.11gb,yolo-inference-755b67b9bb-7kvtl,default,yolo,580.178.04,GPU-d59cb1c4-ad97-d91a-6731-e7b5f38951a6
2026-10-10 07:01:04.614161,92.348,7,1g.11gb,yolo-inference-755b67b9bb-6w2jk,default,yolo,580.178.04,GPU-d59cb1c4-ad97-d91a-6731-e7b5f38951a6
2026-10-10 07:01:04.614161,92.233,8,1g.11gb,yolo-inference-755b67b9bb-zbflb,default,yolo,580.178.04,GPU-d59cb1c4-ad97-d91a-6731-e7b5f38951a6
2026-10-10 07:01:04.614161,92.209,9,1g.11gb,yolo-inference-755b67b9bb-6z9g8,default,yolo,580.178.04,GPU-d59cb1c4-ad97-d91a-6731-e7b5f38951a6
2026-10-10 07:01:09.614190,92.252,10,1g.11gb,yolo-inference-755b67b9bb-jvw65,default,yolo,580.178.04,GPU-d59cb1c4-ad97-d91a-6731-e7b5f38951a6
2026-10-10 07:01:09.614190,92.294,11,1g.11gb,yolo-inference-755b67b9bb-tpwv7,default,yolo,580.178.04,GPU-d59cb1c4-ad97-d91a-6731-e7b5f38951a6
2026-10-10 07:01:09.614190,92.233,12,1g.11gb,yolo-inference-755b67b9bb-cmfkj,default,yolo,580.178.04,GPU-d59cb1c4-ad97-d91a-6731-e7b5f38951a6
2026-10-10 07:01:09.614190,92.304,13,1g.11gb,yolo-inference-755b67b9bb-7kvtl,default,yolo,580.178.04,GPU-d59cb1c4-ad97-d91a-6731-e7b5f38951a6
2026-10-10 07:01:09.614190,92.348,7,1g.11gb,yolo-inference-755b67b9bb-6w2jk,default,yolo,580.178.04,GPU-d59cb1c4-ad97-d91a-6731-e7b5f38951a6
2026-10-10 07:01:09.614190,92.233,8,1g.11gb,yolo-inference-755b67b9bb-zbflb,default,yolo,580.178.04,GPU-d59cb1c4-ad97-d91a-6731-e7b5f38951a6
2026-10-10 07:01:09.614190,92.209,9,1g.11gb,yolo-inference-755b67b9bb-6z9g8,default,yolo,580.178.04,GPU-d59cb1c4-ad97-d91a-6731-e7b5f38951a6
2026-10-10 07:01:14.612185,92.265,10,1g.11gb,yolo-inference-755b67b9bb-jvw65,default,yolo,580.178.04,GPU-d59cb1c4-ad97-d91a-6731-e7b5f38951a6
2026-10-10 07:01:14.612185,92.24,11,1g.11gb,yolo-inference-755b67b9bb-tpwv7,default,yolo,580.178.04,GPU-d59cb1c4-ad97-d91a-6731-e7b5f38951a6
2026-10-10 07:01:14.612185,92.283,12,1g.11gb,yolo-inference-755b67b9bb-cmfkj,default,yolo,580.178.04,GPU-d59cb1c4-ad97-d91a-6731-e7b5f38951a6
2026-10-10 07:01:14.612185,92.153,13,1g.11gb,yolo-inference-755b67b9bb-7kvtl,default,yolo,580.178.04,GPU-d59cb1c4-ad97-d91a-6731-e7b5f38951a6
2026-10-10 07:01:14.612185,92.148,7,1g.11gb,yolo-inference-755b67b9bb-6w2jk,default,yolo,580.178.04,GPU-d59cb1c4-ad97-d91a-6731-e7b5f38951a6
2026-10-10 07:01:14.612185,92.283,8,1g.11gb,yolo-inference-755b67b9bb-zbflb,default,yolo,580.178.04,GPU-d59cb1c4-ad97-d91a-6731-e7b5f38951a6
2026-10-10 07:01:14.612185,92.257,9,1g.11gb,yolo-inference-755b67b9bb-6z9g8,default,yolo,580.178.04,GPU-d59cb1c4-ad97-d91a-6731-e7b5f38951a6
2026-10-10 07:01:19.614184,92.265,10,1g.11gb,yolo-inference-755b67b9bb-jvw65,default,yolo,580.178.04,GPU-d59cb1c4-ad97-d91a-6731-e7b5f38951a6
2026-10-10 07:01:19.614184,92.24,11,1g.11gb,yolo-inference-755b67b9bb-tpwv7,default,yolo,580.178.04,GPU-d59cb1c4-ad97-d91a-6731-e7b5f38951a6
2026-10-10 07:01:19.614184,92.283,12,1g.11gb,yolo-inference-755b67b9bb-cmfkj,default,yolo,580.178.04,GPU-d59cb1c4-ad97-d91a-6731-e7b5f38951a6
2026-10-10 07:01:19.614184,92.153,13,1g.11gb,yolo-inference-755b67b9bb-7kvtl,default,yolo,580.178.04,GPU-d59cb1c4-ad97-d91a-6731-e7b5f38951a6
2026-10-10 07:01:19.614184,92.148,7,1g.11gb,yolo-inference-755b67b9bb-6w2jk,default,yolo,580.178.04,GPU-d59cb1c4-ad97-d91a-6731-e7b5f38951a6
2026-10-10 07:01:19.614184,92.283,8,1g.11gb,yolo-inference-755b67b9bb-zbflb,default,yolo,580.178.04,GPU-d59cb1c4-ad97-d91a-6731-e7b5f38951a6
2026-10-10 07:01:19.614184,92.257,9,1g.11gb,yolo-inference-755b67b9bb-6z9g8,default,yolo,580.178.04,GPU-d59cb1c4-ad97-d91a-6731-e7b5f38951a6
2026-10-10 07:01:24.611363,92.265,10,1g.11gb,yolo-inference-755b67b9bb-jvw65,default,yolo,580.178.04,GPU-d59cb1c4-ad97-d91a-6731-e7b5f38951a6
2026-10-10 07:01:24.611363,92.24,11,1g.11gb,yolo-inference-755b67b9bb-tpwv7,default,yolo,580.178.04,GPU-d59cb1c4-ad97-d91a-6731-e7b5f38951a6
2026-10-10 07:01:24.611363,92.283,12,1g.11gb,yolo-inference-755b67b9bb-cmfkj,default,yolo,580.178.04,GPU-d59cb1c4-ad97-d91a-6731-e7b5f38951a6
2026-10-10 07:01:24.611363,92.153,13,1g.11gb,yolo-inference-755b67b9bb-7kvtl,default,yolo,580.178.04,GPU-d59cb1c4-ad97-d91a-6731-e7b5f38951a6
2026-10-10 07:01:24.611363,92.148,7,1g.11gb,yolo-inference-755b67b9bb-6w2jk,default,yolo,580.178.04,GPU-d59cb1c4-ad97-d91a-6731-e7b5f38951a6
2026-10-10 07:01:24.611363,92.283,8,1g.11gb,yolo-inference-755b67b9bb-zbflb,default,yolo,580.178.04,GPU-d59cb1c4-ad97-d91a-6731-e7b5f38951a6
2026-10-10 07:01:24.611363,92.257,9,1g.11gb,yolo-inference-755b67b9bb-6z9g8,default,yolo,580.178.04,GPU-d59cb1c4-ad97-d91a-6731-e7b5f38951a6
2026-10-10 07:01:29.612730,92.265,10,1g.11gb,yolo-inference-755b67b9bb-jvw65,default,yolo,580.178.04,GPU-d59cb1c4-ad97-d91a-6731-e7b5f38951a6
2026-10-10 07:01:29.612730,92.24,11,1g.11gb,yolo-inference-755b67b9bb-tpwv7,default,yolo,580.178.04,GPU-d59cb1c4-ad97-d91a-6731-e7b5f38951a6
2026-10-10 07:01:29.612730,92.283,12,1g.11gb,yolo-inference-755b67b9bb-cmfkj,default,yolo,580.178.04,GPU-d59cb1c4-ad97-d91a-6731-e7b5f38951a6
2026-10-10 07:01:29.612730,92.153,13,1g.11gb,yolo-inference-755b67b9bb-7kvtl,default,yolo,580.178.04,GPU-d59cb1c4-ad97-d91a-6731-e7b5f38951a6
2026-10-10 07:01:29.612730,92.148,7,1g.11gb,yolo-inference-755b67b9bb-6w2jk,default,yolo,580.178.04,GPU-d59cb1c4-ad97-d91a-6731-e7b5f38951a6
2026-10-10 07:01:29.612730,92.283,8,1g.11gb,yolo-inference-755b67b9bb-zbflb,default,yolo,580.178.04,GPU-d59cb1c4-ad97-d91a-6731-e7b5f38951a6
2026-10-10 07:01:29.612730,92.257,9,1g.11gb,yolo-inference-755b67b9bb-6z9g8,default,yolo,580.178.04,GPU-d59cb1c4-ad97-d91a-6731-e7b5f38951a6
2026-10-10 07:01:34.614194,92.265,10,1g.11gb,yolo-inference-755b67b9bb-jvw65,default,yolo,580.178.04,GPU-d59cb1c4-ad97-d91a-6731-e7b5f38951a6
2026-10-10 07:01:34.614194,92.24,11,1g.11gb,yolo-inference-755b67b9bb-tpwv7,default,yolo,580.178.04,GPU-d59cb1c4-ad97-d91a-6731-e7b5f38951a6
2026-10-10 07:01:34.614194,92.283,12,1g.11gb,yolo-inference-755b67b9bb-cmfkj,default,yolo,580.178.04,GPU-d59cb1c4-ad97-d91a-6731-e7b5f38951a6
2026-10-10 07:01:34.614194,92.153,13,1g.11gb,yolo-inference-755b67b9bb-7kvtl,default,yolo,580.178.04,GPU-d59cb1c4-ad97-d91a-6731-e7b5f38951a6
2026-10-10 07:01:34.614194,92.148,7,1g.11gb,yolo-inference-755b67b9bb-6w2jk,default,yolo,580.178.04,GPU-d59cb1c4-ad97-d91a-6731-e7b5f38951a6
2026-10-10 07:01:34.614194,92.283,8,1g.11gb,yolo-inference-755b67b9bb-zbflb,default,yolo,580.178.04,GPU-d59cb1c4-ad97-d91a-6731-e7b5f38951a6
2026-10-10 07:01:34.614194,92.257,9,1g.11gb,yolo-inference-755b67b9bb-6z9g8,default,yolo,580.178.04,GPU-d59cb1c4-ad97-d91a-6731-e7b5f38951a6
2026-10-10 07:01:39.611891,92.265,10,1g.11gb,yolo-inference-755b67b9bb-jvw65,default,yolo,580.178.04,GPU-d59cb1c4-ad97-d91a-6731-e7b5f38951a6
2026-10-10 07:01:39.611891,92.24,11,1g.11gb,yolo-inference-755b67b9bb-tpwv7,default,yolo,580.178.04,GPU-d59cb1c4-ad97-d91a-6731-e7b5f38951a6
2026-10-10 07:01:39.611891,92.283,12,1g.11gb,yolo-inference-755b67b9bb-cmfkj,default,yolo,580.178.04,GPU-d59cb1c4-ad97-d91a-6731-e7b5f38951a6
2026-10-10 07:01:39.611891,92.153,13,1g.11gb,yolo-inference-755b67b9bb-7kvtl,default,yolo,580.178.04,GPU-d59cb1c4-ad97-d91a-6731-e7b5f38951a6
2026-10-10 07:01:39.611891,92.148,7,1g.11gb,yolo-inference-755b67b9bb-6w2jk,default,yolo,580.178.04,GPU-d59cb1c4-ad97-d91a-6731-e7b5f38951a6
2026-10-10 07:01:39.611891,92.283,8,1g.11gb,yolo-inference-755b67b9bb-zbflb,default,yolo,580.178.04,GPU-d59cb1c4-ad97-d91a-6731-e7b5f38951a6
2026-10-10 07:01:39.611891,92.257,9,1g.11gb,yolo-inference-755b67b9bb-6z9g8,default,yolo,580.178.04,GPU-d59cb1c4-ad97-d91a-6731-e7b5f38951a6
2026-10-10 07:01:44.609566,92.313,10,1g.11gb,yolo-inference-755b67b9bb-jvw65,default,yolo,580.178.04,GPU-d59cb1c4-ad97-d91a-6731-e7b5f38951a6
2026-10-10 07:01:44.609566,92.259,11,1g.11gb,yolo-inference-755b67b9bb-tpwv7,default,yolo,580.178.04,GPU-d59cb1c4-ad97-d91a-6731-e7b5f38951a6
2026-10-10 07:01:44.609566,92.473,12,1g.11gb,yolo-inference-755b67b9bb-cmfkj,default,yolo,580.178.04,GPU-d59cb1c4-ad97-d91a-6731-e7b5f38951a6
2026-10-10 07:01:44.609566,92.115,13,1g.11gb,yolo-inference-755b67b9bb-7kvtl,default,yolo,580.178.04,GPU-d59cb1c4-ad97-d91a-6731-e7b5f38951a6
2026-10-10 07:01:44.609566,92.61,7,1g.11gb,yolo-inference-755b67b9bb-6w2jk,default,yolo,580.178.04,GPU-d59cb1c4-ad97-d91a-6731-e7b5f38951a6
2026-10-10 07:01:44.609566,92.473,8,1g.11gb,yolo-inference-755b67b9bb-zbflb,default,yolo,580.178.04,GPU-d59cb1c4-ad97-d91a-6731-e7b5f38951a6
2026-10-10 07:01:44.609566,92.307,9,1g.11gb,yolo-inference-755b67b9bb-6z9g8,default,yolo,580.178.04,GPU-d59cb1c4-ad97-d91a-6731-e7b5f38951a6
2026-10-10 07:01:49.611376,92.313,10,1g.11gb,yolo-inference-755b67b9bb-jvw65,default,yolo,580.178.04,GPU-d59cb1c4-ad97-d91a-6731-e7b5f38951a6
2026-10-10 07:01:49.611376,92.259,11,1g.11gb,yolo-inference-755b67b9bb-tpwv7,default,yolo,580.178.04,GPU-d59cb1c4-ad97-d91a-6731-e7b5f38951a6
2026-10-10 07:01:49.611376,92.473,12,1g.11gb,yolo-inference-755b67b9bb-cmfkj,default,yolo,580.178.04,GPU-d59cb1c4-ad97-d91a-6731-e7b5f38951a6
2026-10-10 07:01:49.611376,92.115,13,1g.11gb,yolo-inference-755b67b9bb-7kvtl,default,yolo,580.178.04,GPU-d59cb1c4-ad97-d91a-6731-e7b5f38951a6
2026-10-10 07:01:49.611376,92.61,7,1g.11gb,yolo-inference-755b67b9bb-6w2jk,default,yolo,580.178.04,GPU-d59cb1c4-ad97-d91a-6731-e7b5f38951a6
2026-10-10 07:01:49.611376,92.473,8,1g.11gb,yolo-inference-755b67b9bb-zbflb,default,yolo,580.178.04,GPU-d59cb1c4-ad97-d91a-6731-e7b5f38951a6
2026-10-10 07:01:49.611376,92.307,9,1g.11gb,yolo-inference-755b67b9bb-6z9g8,default,yolo,580.178.04,GPU-d59cb1c4-ad97-d91a-6731-e7b5f38951a6
2026-10-10 07:01:54.613666,92.313,10,1g.11gb,yolo-inference-755b67b9bb-jvw65,default,yolo,580.178.04,GPU-d59cb1c4-ad97-d91a-6731-e7b5f38951a6
2026-10-10 07:01:54.613666,92.259,11,1g.11gb,yolo-inference-755b67b9bb-tpwv7,default,yolo,580.178.04,GPU-d59cb1c4-ad97-d91a-6731-e7b5f38951a6
2026-10-10 07:01:54.613666,92.473,12,1g.11gb,yolo-inference-755b67b9bb-cmfkj,default,yolo,580.178.04,GPU-d59cb1c4-ad97-d91a-6731-e7b5f38951a6
2026-10-10 07:01:54.613666,92.115,13,1g.11gb,yolo-inference-755b67b9bb-7kvtl,default,yolo,580.178.04,GPU-d59cb1c4-ad97-d91a-6731-e7b5f38951a6
2026-10-10 07:01:54.613666,92.61,7,1g.11gb,yolo-inference-755b67b9bb-6w2jk,default,yolo,580.178.04,GPU-d59cb1c4-ad97-d91a-6731-e7b5f38951a6
2026-10-10 07:01:54.613666,92.473,8,1g.11gb,yolo-inference-755b67b9bb-zbflb,default,yolo,580.178.04,GPU-d59cb1c4-ad97-d91a-6731-e7b5f38951a6
2026-10-10 07:01:54.613666,92.307,9,1g.11gb,yolo-inference-755b67b9bb-6z9g8,default,yolo,580.178.04,GPU-d59cb1c4-ad97-d91a-6731-e7b5f38951a6
2026-10-10 07:01:59.609527,92.313,10,1g.11gb,yolo-inference-755b67b9bb-jvw65,default,yolo,580.178.04,GPU-d59cb1c4-ad97-d91a-6731-e7b5f38951a6
2026-10-10 07:01:59.609527,92.259,11,1g.11gb,yolo-inference-755b67b9bb-tpwv7,default,yolo,580.178.04,GPU-d59cb1c4-ad97-d91a-6731-e7b5f38951a6
2026-10-10 07:01:59.609527,92.473,12,1g.11gb,yolo-inference-755b67b9bb-cmfkj,default,yolo,580.178.04,GPU-d59cb1c4-ad97-d91a-6731-e7b5f38951a6
2026-10-10 07:01:59.609527,92.115,13,1g.11gb,yolo-inference-755b67b9bb-7kvtl,default,yolo,580.178.04,GPU-d59cb1c4-ad97-d91a-6731-e7b5f38951a6
2026-10-10 07:01:59.609527,92.61,7,1g.11gb,yolo-inference-755b67b9bb-6w2jk,default,yolo,580.178.04,GPU-d59cb1c4-ad97-d91a-6731-e7b5f38951a6
2026-10-10 07:01:59.609527,92.473,8,1g.11gb,yolo-inference-755b67b9bb-zbflb,default,yolo,580.178.04,GPU-d59cb1c4-ad97-d91a-6731-e7b5f38951a6
2026-10-10 07:01:59.609527,92.307,9,1g.11gb,yolo-inference-755b67b9bb-6z9g8,default,yolo,580.178.04,GPU-d59cb1c4-ad97-d91a-6731-e7b5f38951a6
2026-10-10 07:02:04.614225,92.313,10,1g.11gb,yolo-inference-755b67b9bb-jvw65,default,yolo,580.178.04,GPU-d59cb1c4-ad97-d91a-6731-e7b5f38951a6
2026-10-10 07:02:04.614225,92.259,11,1g.11gb,yolo-inference-755b67b9bb-tpwv7,default,yolo,580.178.04,GPU-d59cb1c4-ad97-d91a-6731-e7b5f38951a6
2026-10-10 07:02:04.614225,92.473,12,1g.11gb,yolo-inference-755b67b9bb-cmfkj,default,yolo,580.178.04,GPU-d59cb1c4-ad97-d91a-6731-e7b5f38951a6
2026-10-10 07:02:04.614225,92.115,13,1g.11gb,yolo-inference-755b67b9bb-7kvtl,default,yolo,580.178.04,GPU-d59cb1c4-ad97-d91a-6731-e7b5f38951a6
2026-10-10 07:02:04.614225,92.61,7,1g.11gb,yolo-inference-755b67b9bb-6w2jk,default,yolo,580.178.04,GPU-d59cb1c4-ad97-d91a-6731-e7b5f38951a6
2026-10-10 07:02:04.614225,92.473,8,1g.11gb,yolo-inference-755b67b9bb-zbflb,default,yolo,580.178.04,GPU-d59cb1c4-ad97-d91a-6731-e7b5f38951a6
2026-10-10 07:02:04.614225,92.307,9,1g.11gb,yolo-inference-755b67b9bb-6z9g8,default,yolo,580.178.04,GPU-d59cb1c4-ad97-d91a-6731-e7b5f38951a6
2026-10-10 07:02:09.614222,92.313,10,1g.11gb,yolo-inference-755b67b9bb-jvw65,default,yolo,580.178.04,GPU-d59cb1c4-ad97-d91a-6731-e7b5f38951a6
2026-10-10 07:02:09.614222,92.259,11,1g.11gb,yolo-inference-755b67b9bb-tpwv7,default,yolo,580.178.04,GPU-d59cb1c4-ad97-d91a-6731-e7b5f38951a6
2026-10-10 07:02:09.614222,92.473,12,1g.11gb,yolo-inference-755b67b9bb-cmfkj,default,yolo,580.178.04,GPU-d59cb1c4-ad97-d91a-6731-e7b5f38951a6
2026-10-10 07:02:09.614222,92.115,13,1g.11gb,yolo-inference-755b67b9bb-7kvtl,default,yolo,580.178.04,GPU-d59cb1c4-ad97-d91a-6731-e7b5f38951a6
2026-10-10 07:02:09.614222,92.61,7,1g.11gb,yolo-inference-755b67b9bb-6w2jk,default,yolo,580.178.04,GPU-d59cb1c4-ad97-d91a-6731-e7b5f38951a6
2026-10-10 07:02:09.614222,92.473,8,1g.11gb,yolo-inference-755b67b9bb-zbflb,default,yolo,580.178.04,GPU-d59cb1c4-ad97-d91a-6731-e7b5f38951a6
2026-10-10 07:02:09.614222,92.307,9,1g.11gb,yolo-inference-755b67b9bb-6z9g8,default,yolo,580.178.04,GPU-d59cb1c4-ad97-d91a-6731-e7b5f38951a6
2026-10-10 07:02:14.611952,92.454,10,1g.11gb,yolo-inference-755b67b9bb-jvw65,default,yolo,580.178.04,GPU-d59cb1c4-ad97-d91a-6731-e7b5f38951a6
2026-10-10 07:02:14.611952,92.525,11,1g.11gb,yolo-inference-755b67b9bb-tpwv7,default,yolo,580.178.04,GPU-d59cb1c4-ad97-d91a-6731-e7b5f38951a6
2026-10-10 07:02:14.611952,92.467,12,1g.11gb,yolo-inference-755b67b9bb-cmfkj,default,yolo,580.178.04,GPU-d59cb1c4-ad97-d91a-6731-e7b5f38951a6
2026-10-10 07:02:14.611952,92.567,13,1g.11gb,yolo-inference-755b67b9bb-7kvtl,default,yolo,580.178.04,GPU-d59cb1c4-ad97-d91a-6731-e7b5f38951a6
2026-10-10 07:02:14.611952,92.366,7,1g.11gb,yolo-inference-755b67b9bb-6w2jk,default,yolo,580.178.04,GPU-d59cb1c4-ad97-d91a-6731-e7b5f38951a6
2026-10-10 07:02:14.611952,92.467,8,1g.11gb,yolo-inference-755b67b9bb-zbflb,default,yolo,580.178.04,GPU-d59cb1c4-ad97-d91a-6731-e7b5f38951a6
2026-10-10 07:02:14.611952,92.438,9,1g.11gb,yolo-inference-755b67b9bb-6z9g8,default,yolo,580.178.04,GPU-d59cb1c4-ad97-d91a-6731-e7b5f38951a6
2026-10-10 07:02:19.614274,92.454,10,1g.11gb,yolo-inference-755b67b9bb-jvw65,default,yolo,580.178.04,GPU-d59cb1c4-ad97-d91a-6731-e7b5f38951a6
2026-10-10 07:02:19.614274,92.525,11,1g.11gb,yolo-inference-755b67b9bb-tpwv7,default,yolo,580.178.04,GPU-d59cb1c4-ad97-d91a-6731-e7b5f38951a6
2026-10-10 07:02:19.614274,92.467,12,1g.11gb,yolo-inference-755b67b9bb-cmfkj,default,yolo,580.178.04,GPU-d59cb1c4-ad97-d91a-6731-e7b5f38951a6
2026-10-10 07:02:19.614274,92.567,13,1g.11gb,yolo-inference-755b67b9bb-7kvtl,default,yolo,580.178.04,GPU-d59cb1c4-ad97-d91a-6731-e7b5f38951a6
2026-10-10 07:02:19.614274,92.366,7,1g.11gb,yolo-inference-755b67b9bb-6w2jk,default,yolo,580.178.04,GPU-d59cb1c4-ad97-d91a-6731-e7b5f38951a6
2026-10-10 07:02:19.614274,92.467,8,1g.11gb,yolo-inference-755b67b9bb-zbflb,default,yolo,580.178.04,GPU-d59cb1c4-ad97-d91a-6731-e7b5f38951a6
2026-10-10 07:02:19.614274,92.438,9,1g.11gb,yolo-inference-755b67b9bb-6z9g8,default,yolo,580.178.04,GPU-d59cb1c4-ad97-d91a-6731-e7b5f38951a6
2026-10-10 07:02:24.614181,92.454,10,1g.11gb,yolo-inference-755b67b9bb-jvw65,default,yolo,580.178.04,GPU-d59cb1c4-ad97-d91a-6731-e7b5f38951a6
2026-10-10 07:02:24.614181,92.525,11,1g.11gb,yolo-inference-755b67b9bb-tpwv7,default,yolo,580.178.04,GPU-d59cb1c4-ad97-d91a-6731-e7b5f38951a6
2026-10-10 07:02:24.614181,92.467,12,1g.11gb,yolo-inference-755b67b9bb-cmfkj,default,yolo,580.178.04,GPU-d59cb1c4-ad97-d91a-6731-e7b5f38951a6
2026-10-10 07:02:24.614181,92.567,13,1g.11gb,yolo-inference-755b67b9bb-7kvtl,default,yolo,580.178.04,GPU-d59cb1c4-ad97-d91a-6731-e7b5f38951a6
2026-10-10 07:02:24.614181,92.366,7,1g.11gb,yolo-inference-755b67b9bb-6w2jk,default,yolo,580.178.04,GPU-d59cb1c4-ad97-d91a-6731-e7b5f38951a6
2026-10-10 07:02:24.614181,92.467,8,1g.11gb,yolo-inference-755b67b9bb-zbflb,default,yolo,580.178.04,GPU-d59cb1c4-ad97-d91a-6731-e7b5f38951a6
2026-10-10 07:02:24.614181,92.438,9,1g.11gb,yolo-inference-755b67b9bb-6z9g8,default,yolo,580.178.04,GPU-d59cb1c4-ad97-d91a-6731-e7b5f38951a6
2026-10-10 07:02:29.610461,92.454,10,1g.11gb,yolo-inference-755b67b9bb-jvw65,default,yolo,580.178.04,GPU-d59cb1c4-ad97-d91a-6731-e7b5f38951a6
2026-10-10 07:02:29.610461,92.525,11,1g.11gb,yolo-inference-755b67b9bb-tpwv7,default,yolo,580.178.04,GPU-d59cb1c4-ad97-d91a-6731-e7b5f38951a6
2026-10-10 07:02:29.610461,92.467,12,1g.11gb,yolo-inference-755b67b9bb-cmfkj,default,yolo,580.178.04,GPU-d59cb1c4-ad97-d91a-6731-e7b5f38951a6
2026-10-10 07:02:29.610461,92.567,13,1g.11gb,yolo-inference-755b67b9bb-7kvtl,default,yolo,580.178.04,GPU-d59cb1c4-ad97-d91a-6731-e7b5f38951a6
2026-10-10 07:02:29.610461,92.366,7,1g.11gb,yolo-inference-755b67b9bb-6w2jk,default,yolo,580.178.04,GPU-d59cb1c4-ad97-d91a-6731-e7b5f38951a6
2026-10-10 07:02:29.610461,92.467,8,1g.11gb,yolo-inference-755b67b9bb-zbflb,default,yolo,580.178.04,GPU-d59cb1c4-ad97-d91a-6731-e7b5f38951a6
2026-10-10 07:02:29.610461,92.438,9,1g.11gb,yolo-inference-755b67b9bb-6z9g8,default,yolo,580.178.04,GPU-d59cb1c4-ad97-d91a-6731-e7b5f38951a6
2026-10-10 07:02:34.614154,92.454,10,1g.11gb,yolo-inference-755b67b9bb-jvw65,default,yolo,580.178.04,GPU-d59cb1c4-ad97-d91a-6731-e7b5f38951a6
2026-10-10 07:02:34.614154,92.525,11,1g.11gb,yolo-inference-755b67b9bb-tpwv7,default,yolo,580.178.04,GPU-d59cb1c4-ad97-d91a-6731-e7b5f38951a6
2026-10-10 07:02:34.614154,92.467,12,1g.11gb,yolo-inference-755b67b9bb-cmfkj,default,yolo,580.178.04,GPU-d59cb1c4-ad97-d91a-6731-e7b5f38951a6
2026-10-10 07:02:34.614154,92.567,13,1g.11gb,yolo-inference-755b67b9bb-7kvtl,default,yolo,580.178.04,GPU-d59cb1c4-ad97-d91a-6731-e7b5f38951a6
2026-10-10 07:02:34.614154,92.366,7,1g.11gb,yolo-inference-755b67b9bb-6w2jk,default,yolo,580.178.04,GPU-d59cb1c4-ad97-d91a-6731-e7b5f38951a6
2026-10-10 07:02:34.614154,92.467,8,1g.11gb,yolo-inference-755b67b9bb-zbflb,default,yolo,580.178.04,GPU-d59cb1c4-ad97-d91a-6731-e7b5f38951a6
2026-10-10 07:02:34.614154,92.438,9,1g.11gb,yolo-inference-755b67b9bb-6z9g8,default,yolo,580.178.04,GPU-d59cb1c4-ad97-d91a-6731-e7b5f38951a6
2026-10-10 07:02:39.614205,92.454,10,1g.11gb,yolo-inference-755b67b9bb-jvw65,default,yolo,580.178.04,GPU-d59cb1c4-ad97-d91a-6731-e7b5f38951a6
2026-10-10 07:02:39.614205,92.525,11,1g.11gb,yolo-inference-755b67b9bb-tpwv7,default,yolo,580.178.04,GPU-d59cb1c4-ad97-d91a-6731-e7b5f38951a6
2026-10-10 07:02:39.614205,92.467,12,1g.11gb,yolo-inference-755b67b9bb-cmfkj,default,yolo,580.178.04,GPU-d59cb1c4-ad97-d91a-6731-e7b5f38951a6
2026-10-10 07:02:39.614205,92.567,13,1g.11gb,yolo-inference-755b67b9bb-7kvtl,default,yolo,580.178.04,GPU-d59cb1c4-ad97-d91a-6731-e7b5f38951a6
2026-10-10 07:02:39.614205,92.366,7,1g.11gb,yolo-inference-755b67b9bb-6w2jk,default,yolo,580.178.04,GPU-d59cb1c4-ad97-d91a-6731-e7b5f38951a6
2026-10-10 07:02:39.614205,92.467,8,1g.11gb,yolo-inference-755b67b9bb-zbflb,default,yolo,580.178.04,GPU-d59cb1c4-ad97-d91a-6731-e7b5f38951a6
2026-10-10 07:02:39.614205,92.438,9,1g.11gb,yolo-inference-755b67b9bb-6z9g8,default,yolo,580.178.04,GPU-d59cb1c4-ad97-d91a-6731-e7b5f38951a6
2026-10-10 07:02:44.611553,92.299,10,1g.11gb,yolo-inference-755b67b9bb-jvw65,default,yolo,580.178.04,GPU-d59cb1c4-ad97-d91a-6731-e7b5f38951a6
2026-10-10 07:02:44.611553,92.317,11,1g.11gb,yolo-inference-755b67b9bb-tpwv7,default,yolo,580.178.04,GPU-d59cb1c4-ad97-d91a-6731-e7b5f38951a6
2026-10-10 07:02:44.611553,92.097,12,1g.11gb,yolo-inference-755b67b9bb-cmfkj,default,yolo,580.178.04,GPU-d59cb1c4-ad97-d91a-6731-e7b5f38951a6
2026-10-10 07:02:44.611553,92.374,13,1g.11gb,yolo-inference-755b67b9bb-7kvtl,default,yolo,580.178.04,GPU-d59cb1c4-ad97-d91a-6731-e7b5f38951a6
2026-10-10 07:02:44.611553,92.203,7,1g.11gb,yolo-inference-755b67b9bb-6w2jk,default,yolo,580.178.04,GPU-d59cb1c4-ad97-d91a-6731-e7b5f38951a6
2026-10-10 07:02:44.611553,92.069,8,1g.11gb,yolo-inference-755b67b9bb-zbflb,default,yolo,580.178.04,GPU-d59cb1c4-ad97-d91a-6731-e7b5f38951a6
2026-10-10 07:02:44.611553,92.317,9,1g.11gb,yolo-inference-755b67b9bb-6z9g8,default,yolo,580.178.04,GPU-d59cb1c4-ad97-d91a-6731-e7b5f38951a6
2026-10-10 07:02:49.610056,92.299,10,1g.11gb,yolo-inference-755b67b9bb-jvw65,default,yolo,580.178.04,GPU-d59cb1c4-ad97-d91a-6731-e7b5f38951a6
2026-10-10 07:02:49.610056,92.317,11,1g.11gb,yolo-inference-755b67b9bb-tpwv7,default,yolo,580.178.04,GPU-d59cb1c4-ad97-d91a-6731-e7b5f38951a6
2026-10-10 07:02:49.610056,92.097,12,1g.11gb,yolo-inference-755b67b9bb-cmfkj,default,yolo,580.178.04,GPU-d59cb1c4-ad97-d91a-6731-e7b5f38951a6
2026-10-10 07:02:49.610056,92.374,13,1g.11gb,yolo-inference-755b67b9bb-7kvtl,default,yolo,580.178.04,GPU-d59cb1c4-ad97-d91a-6731-e7b5f38951a6
2026-10-10 07:02:49.610056,92.203,7,1g.11gb,yolo-inference-755b67b9bb-6w2jk,default,yolo,580.178.04,GPU-d59cb1c4-ad97-d91a-6731-e7b5f38951a6
2026-10-10 07:02:49.610056,92.069,8,1g.11gb,yolo-inference-755b67b9bb-zbflb,default,yolo,580.178.04,GPU-d59cb1c4-ad97-d91a-6731-e7b5f38951a6
2026-10-10 07:02:49.610056,92.317,9,1g.11gb,yolo-inference-755b67b9bb-6z9g8,default,yolo,580.178.04,GPU-d59cb1c4-ad97-d91a-6731-e7b5f38951a6
2026-10-10 07:02:54.614227,92.299,10,1g.11gb,yolo-inference-755b67b9bb-jvw65,default,yolo,580.178.04,GPU-d59cb1c4-ad97-d91a-6731-e7b5f38951a6
2026-10-10 07:02:54.614227,92.317,11,1g.11gb,yolo-inference-755b67b9bb-tpwv7,default,yolo,580.178.04,GPU-d59cb1c4-ad97-d91a-6731-e7b5f38951a6
2026-10-10 07:02:54.614227,92.097,12,1g.11gb,yolo-inference-755b67b9bb-cmfkj,default,yolo,580.178.04,GPU-d59cb1c4-ad97-d91a-6731-e7b5f38951a6
2026-10-10 07:02:54.614227,92.374,13,1g.11gb,yolo-inference-755b67b9bb-7kvtl,default,yolo,580.178.04,GPU-d59cb1c4-ad97-d91a-6731-e7b5f38951a6
2026-10-10 07:02:54.614227,92.203,7,1g.11gb,yolo-inference-755b67b9bb-6w2jk,default,yolo,580.178.04,GPU-d59cb1c4-ad97-d91a-6731-e7b5f38951a6
2026-10-10 07:02:54.614227,92.069,8,1g.11gb,yolo-inference-755b67b9bb-zbflb,default,yolo,580.178.04,GPU-d59cb1c4-ad97-d91a-6731-e7b5f38951a6
2026-10-10 07:02:54.614227,92.317,9,1g.11gb,yolo-inference-755b67b9bb-6z9g8,default,yolo,580.178.04,GPU-d59cb1c4-ad97-d91a-6731-e7b5f38951a6
2026-10-10 07:02:59.613765,92.299,10,1g.11gb,yolo-inference-755b67b9bb-jvw65,default,yolo,580.178.04,GPU-d59cb1c4-ad97-d91a-6731-e7b5f38951a6
2026-10-10 07:02:59.613765,92.317,11,1g.11gb,yolo-inference-755b67b9bb-tpwv7,default,yolo,580.178.04,GPU-d59cb1c4-ad97-d91a-6731-e7b5f38951a6
2026-10-10 07:02:59.613765,92.097,12,1g.11gb,yolo-inference-755b67b9bb-cmfkj,default,yolo,580.178.04,GPU-d59cb1c4-ad97-d91a-6731-e7b5f38951a6
2026-10-10 07:02:59.613765,92.374,13,1g.11gb,yolo-inference-755b67b9bb-7kvtl,default,yolo,580.178.04,GPU-d59cb1c4-ad97-d91a-6731-e7b5f38951a6
2026-10-10 07:02:59.613765,92.203,7,1g.11gb,yolo-inference-755b67b9bb-6w2jk,default,yolo,580.178.04,GPU-d59cb1c4-ad97-d91a-6731-e7b5f38951a6
2026-10-10 07:02:59.613765,92.069,8,1g.11gb,yolo-inference-755b67b9bb-zbflb,default,yolo,580.178.04,GPU-d59cb1c4-ad97-d91a-6731-e7b5f38951a6
2026-10-10 07:02:59.613765,92.317,9,1g.11gb,yolo-inference-755b67b9bb-6z9g8,default,yolo,580.178.04,GPU-d59cb1c4-ad97-d91a-6731-e7b5f38951a6
2026-10-10 07:03:04.611837,92.299,10,1g.11gb,yolo-inference-755b67b9bb-jvw65,default,yolo,580.178.04,GPU-d59cb1c4-ad97-d91a-6731-e7b5f38951a6
2026-10-10 07:03:04.611837,92.317,11,1g.11gb,yolo-inference-755b67b9bb-tpwv7,default,yolo,580.178.04,GPU-d59cb1c4-ad97-d91a-6731-e7b5f38951a6
2026-10-10 07:03:04.611837,92.097,12,1g.11gb,yolo-inference-755b67b9bb-cmfkj,default,yolo,580.178.04,GPU-d59cb1c4-ad97-d91a-6731-e7b5f38951a6
2026-10-10 07:03:04.611837,92.374,13,1g.11gb,yolo-inference-755b67b9bb-7kvtl,default,yolo,580.178.04,GPU-d59cb1c4-ad97-d91a-6731-e7b5f38951a6
2026-10-10 07:03:04.611837,92.203,7,1g.11gb,yolo-inference-755b67b9bb-6w2jk,default,yolo,580.178.04,GPU-d59cb1c4-ad97-d91a-6731-e7b5f38951a6
2026-10-10 07:03:04.611837,92.069,8,1g.11gb,yolo-inference-755b67b9bb-zbflb,default,yolo,580.178.04,GPU-d59cb1c4-ad97-d91a-6731-e7b5f38951a6
2026-10-10 07:03:04.611837,92.317,9,1g.11gb,yolo-inference-755b67b9bb-6z9g8,default,yolo,580.178.04,GPU-d59cb1c4-ad97-d91a-6731-e7b5f38951a6
2026-10-10 07:03:09.614184,92.299,10,1g.11gb,yolo-inference-755b67b9bb-jvw65,default,yolo,580.178.04,GPU-d59cb1c4-ad97-d91a-6731-e7b5f38951a6
2026-10-10 07:03:09.614184,92.317,11,1g.11gb,yolo-inference-755b67b9bb-tpwv7,default,yolo,580.178.04,GPU-d59cb1c4-ad97-d91a-6731-e7b5f38951a6
2026-10-10 07:03:09.614184,92.097,12,1g.11gb,yolo-inference-755b67b9bb-cmfkj,default,yolo,580.178.04,GPU-d59cb1c4-ad97-d91a-6731-e7b5f38951a6
2026-10-10 07:03:09.614184,92.374,13,1g.11gb,yolo-inference-755b67b9bb-7kvtl,default,yolo,580.178.04,GPU-d59cb1c4-ad97-d91a-6731-e7b5f38951a6
2026-10-10 07:03:09.614184,92.203,7,1g.11gb,yolo-inference-755b67b9bb-6w2jk,default,yolo,580.178.04,GPU-d59cb1c4-ad97-d91a-6731-e7b5f38951a6
2026-10-10 07:03:09.614184,92.069,8,1g.11gb,yolo-inference-755b67b9bb-zbflb,default,yolo,580.178.04,GPU-d59cb1c4-ad97-d91a-6731-e7b5f38951a6
2026-10-10 07:03:09.614184,92.317,9,1g.11gb,yolo-inference-755b67b9bb-6z9g8,default,yolo,580.178.04,GPU-d59cb1c4-ad97-d91a-6731-e7b5f38951a6
2026-10-10 07:03:14.613356,92.41,10,1g.11gb,yolo-inference-755b67b9bb-jvw65,default,yolo,580.178.04,GPU-d59cb1c4-ad97-d91a-6731-e7b5f38951a6
2026-10-10 07:03:14.613356,92.561,11,1g.11gb,yolo-inference-755b67b9bb-tpwv7,default,yolo,580.178.04,GPU-d59cb1c4-ad97-d91a-6731-e7b5f38951a6
2026-10-10 07:03:14.613356,92.687,12,1g.11gb,yolo-inference-755b67b9bb-cmfkj,default,yolo,580.178.04,GPU-d59cb1c4-ad97-d91a-6731-e7b5f38951a6
2026-10-10 07:03:14.613356,92.473,13,1g.11gb,yolo-inference-755b67b9bb-7kvtl,default,yolo,580.178.04,GPU-d59cb1c4-ad97-d91a-6731-e7b5f38951a6
2026-10-10 07:03:14.613356,92.612,7,1g.11gb,yolo-inference-755b67b9bb-6w2jk,default,yolo,580.178.04,GPU-d59cb1c4-ad97-d91a-6731-e7b5f38951a6
2026-10-10 07:03:14.613356,92.689,8,1g.11gb,yolo-inference-755b67b9bb-zbflb,default,yolo,580.178.04,GPU-d59cb1c4-ad97-d91a-6731-e7b5f38951a6
2026-10-10 07:03:14.613356,92.561,9,1g.11gb,yolo-inference-755b67b9bb-6z9g8,default,yolo,580.178.04,GPU-d59cb1c4-ad97-d91a-6731-e7b5f38951a6
2026-10-10 07:03:19.614187,92.41,10,1g.11gb,yolo-inference-755b67b9bb-jvw65,default,yolo,580.178.04,GPU-d59cb1c4-ad97-d91a-6731-e7b5f38951a6
2026-10-10 07:03:19.614187,92.561,11,1g.11gb,yolo-inference-755b67b9bb-tpwv7,default,yolo,580.178.04,GPU-d59cb1c4-ad97-d91a-6731-e7b5f38951a6
2026-10-10 07:03:19.614187,92.687,12,1g.11gb,yolo-inference-755b67b9bb-cmfkj,default,yolo,580.178.04,GPU-d59cb1c4-ad97-d91a-6731-e7b5f38951a6
2026-10-10 07:03:19.614187,92.473,13,1g.11gb,yolo-inference-755b67b9bb-7kvtl,default,yolo,580.178.04,GPU-d59cb1c4-ad97-d91a-6731-e7b5f38951a6
2026-10-10 07:03:19.614187,92.612,7,1g.11gb,yolo-inference-755b67b9bb-6w2jk,default,yolo,580.178.04,GPU-d59cb1c4-ad97-d91a-6731-e7b5f38951a6
2026-10-10 07:03:19.614187,92.689,8,1g.11gb,yolo-inference-755b67b9bb-zbflb,default,yolo,580.178.04,GPU-d59cb1c4-ad97-d91a-6731-e7b5f38951a6
2026-10-10 07:03:19.614187,92.561,9,1g.11gb,yolo-inference-755b67b9bb-6z9g8,default,yolo,580.178.04,GPU-d59cb1c4-ad97-d91a-6731-e7b5f38951a6
2026-10-10 07:03:24.610179,92.41,10,1g.11gb,yolo-inference-755b67b9bb-jvw65,default,yolo,580.178.04,GPU-d59cb1c4-ad97-d91a-6731-e7b5f38951a6
2026-10-10 07:03:24.610179,92.561,11,1g.11gb,yolo-inference-755b67b9bb-tpwv7,default,yolo,580.178.04,GPU-d59cb1c4-ad97-d91a-6731-e7b5f38951a6
2026-10-10 07:03:24.610179,92.687,12,1g.11gb,yolo-inference-755b67b9bb-cmfkj,default,yolo,580.178.04,GPU-d59cb1c4-ad97-d91a-6731-e7b5f38951a6
2026-10-10 07:03:24.610179,92.473,13,1g.11gb,yolo-inference-755b67b9bb-7kvtl,default,yolo,580.178.04,GPU-d59cb1c4-ad97-d91a-6731-e7b5f38951a6
2026-10-10 07:03:24.610179,92.612,7,1g.11gb,yolo-inference-755b67b9bb-6w2jk,default,yolo,580.178.04,GPU-d59cb1c4-ad97-d91a-6731-e7b5f38951a6
2026-10-10 07:03:24.610179,92.689,8,1g.11gb,yolo-inference-755b67b9bb-zbflb,default,yolo,580.178.04,GPU-d59cb1c4-ad97-d91a-6731-e7b5f38951a6
2026-10-10 07:03:24.610179,92.561,9,1g.11gb,yolo-inference-755b67b9bb-6z9g8,default,yolo,580.178.04,GPU-d59cb1c4-ad97-d91a-6731-e7b5f38951a6
2026-10-10 07:03:29.614180,92.41,10,1g.11gb,yolo-inference-755b67b9bb-jvw65,default,yolo,580.178.04,GPU-d59cb1c4-ad97-d91a-6731-e7b5f38951a6
2026-10-10 07:03:29.614180,92.561,11,1g.11gb,yolo-inference-755b67b9bb-tpwv7,default,yolo,580.178.04,GPU-d59cb1c4-ad97-d91a-6731-e7b5f38951a6
2026-10-10 07:03:29.614180,92.687,12,1g.11gb,yolo-inference-755b67b9bb-cmfkj,default,yolo,580.178.04,GPU-d59cb1c4-ad97-d91a-6731-e7b5f38951a6
2026-10-10 07:03:29.614180,92.473,13,1g.11gb,yolo-inference-755b67b9bb-7kvtl,default,yolo,580.178.04,GPU-d59cb1c4-ad97-d91a-6731-e7b5f38951a6
2026-10-10 07:03:29.614180,92.612,7,1g.11gb,yolo-inference-755b67b9bb-6w2jk,default,yolo,580.178.04,GPU-d59cb1c4-ad97-d91a-6731-e7b5f38951a6
2026-10-10 07:03:29.614180,92.689,8,1g.11gb,yolo-inference-755b67b9bb-zbflb,default,yolo,580.178.04,GPU-d59cb1c4-ad97-d91a-6731-e7b5f38951a6
2026-10-10 07:03:29.614180,92.561,9,1g.11gb,yolo-inference-755b67b9bb-6z9g8,default,yolo,580.178.04,GPU-d59cb1c4-ad97-d91a-6731-e7b5f38951a6
2026-10-10 07:03:34.614188,92.41,10,1g.11gb,yolo-inference-755b67b9bb-jvw65,default,yolo,580.178.04,GPU-d59cb1c4-ad97-d91a-6731-e7b5f38951a6
2026-10-10 07:03:34.614188,92.561,11,1g.11gb,yolo-inference-755b67b9bb-tpwv7,default,yolo,580.178.04,GPU-d59cb1c4-ad97-d91a-6731-e7b5f38951a6
2026-10-10 07:03:34.614188,92.687,12,1g.11gb,yolo-inference-755b67b9bb-cmfkj,default,yolo,580.178.04,GPU-d59cb1c4-ad97-d91a-6731-e7b5f38951a6
2026-10-10 07:03:34.614188,92.473,13,1g.11gb,yolo-inference-755b67b9bb-7kvtl,default,yolo,580.178.04,GPU-d59cb1c4-ad97-d91a-6731-e7b5f38951a6
2026-10-10 07:03:34.614188,92.612,7,1g.11gb,yolo-inference-755b67b9bb-6w2jk,default,yolo,580.178.04,GPU-d59cb1c4-ad97-d91a-6731-e7b5f38951a6
2026-10-10 07:03:34.614188,92.689,8,1g.11gb,yolo-inference-755b67b9bb-zbflb,default,yolo,580.178.04,GPU-d59cb1c4-ad97-d91a-6731-e7b5f38951a6
2026-10-10 07:03:34.614188,92.561,9,1g.11gb,yolo-inference-755b67b9bb-6z9g8,default,yolo,580.178.04,GPU-d59cb1c4-ad97-d91a-6731-e7b5f38951a6
2026-10-10 07:03:39.609675,92.41,10,1g.11gb,yolo-inference-755b67b9bb-jvw65,default,yolo,580.178.04,GPU-d59cb1c4-ad97-d91a-6731-e7b5f38951a6
2026-10-10 07:03:39.609675,92.561,11,1g.11gb,yolo-inference-755b67b9bb-tpwv7,default,yolo,580.178.04,GPU-d59cb1c4-ad97-d91a-6731-e7b5f38951a6
2026-10-10 07:03:39.609675,92.687,12,1g.11gb,yolo-inference-755b67b9bb-cmfkj,default,yolo,580.178.04,GPU-d59cb1c4-ad97-d91a-6731-e7b5f38951a6
2026-10-10 07:03:39.609675,92.473,13,1g.11gb,yolo-inference-755b67b9bb-7kvtl,default,yolo,580.178.04,GPU-d59cb1c4-ad97-d91a-6731-e7b5f38951a6
2026-10-10 07:03:39.609675,92.612,7,1g.11gb,yolo-inference-755b67b9bb-6w2jk,default,yolo,580.178.04,GPU-d59cb1c4-ad97-d91a-6731-e7b5f38951a6
2026-10-10 07:03:39.609675,92.689,8,1g.11gb,yolo-inference-755b67b9bb-zbflb,default,yolo,580.178.04,GPU-d59cb1c4-ad97-d91a-6731-e7b5f38951a6
2026-10-10 07:03:39.609675,92.561,9,1g.11gb,yolo-inference-755b67b9bb-6z9g8,default,yolo,580.178.04,GPU-d59cb1c4-ad97-d91a-6731-e7b5f38951a6
2026-10-10 07:03:44.614188,92.381,10,1g.11gb,yolo-inference-755b67b9bb-jvw65,default,yolo,580.178.04,GPU-d59cb1c4-ad97-d91a-6731-e7b5f38951a6
2026-10-10 07:03:44.614188,92.272,11,1g.11gb,yolo-inference-755b67b9bb-tpwv7,default,yolo,580.178.04,GPU-d59cb1c4-ad97-d91a-6731-e7b5f38951a6
2026-10-10 07:03:44.614188,92.473,12,1g.11gb,yolo-inference-755b67b9bb-cmfkj,default,yolo,580.178.04,GPU-d59cb1c4-ad97-d91a-6731-e7b5f38951a6
2026-10-10 07:03:44.614188,92.239,13,1g.11gb,yolo-inference-755b67b9bb-7kvtl,default,yolo,580.178.04,GPU-d59cb1c4-ad97-d91a-6731-e7b5f38951a6
2026-10-10 07:03:44.614188,92.341,7,1g.11gb,yolo-inference-755b67b9bb-6w2jk,default,yolo,580.178.04,GPU-d59cb1c4-ad97-d91a-6731-e7b5f38951a6
2026-10-10 07:03:44.614188,92.473,8,1g.11gb,yolo-inference-755b67b9bb-zbflb,default,yolo,580.178.04,GPU-d59cb1c4-ad97-d91a-6731-e7b5f38951a6
2026-10-10 07:03:44.614188,92.272,9,1g.11gb,yolo-inference-755b67b9bb-6z9g8,default,yolo,580.178.04,GPU-d59cb1c4-ad97-d91a-6731-e7b5f38951a6
2026-10-10 07:03:49.609662,92.381,10,1g.11gb,yolo-inference-755b67b9bb-jvw65,default,yolo,580.178.04,GPU-d59cb1c4-ad97-d91a-6731-e7b5f38951a6
2026-10-10 07:03:49.609662,92.272,11,1g.11gb,yolo-inference-755b67b9bb-tpwv7,default,yolo,580.178.04,GPU-d59cb1c4-ad97-d91a-6731-e7b5f38951a6
2026-10-10 07:03:49.609662,92.473,12,1g.11gb,yolo-inference-755b67b9bb-cmfkj,default,yolo,580.178.04,GPU-d59cb1c4-ad97-d91a-6731-e7b5f38951a6
2026-10-10 07:03:49.609662,92.239,13,1g.11gb,yolo-inference-755b67b9bb-7kvtl,default,yolo,580.178.04,GPU-d59cb1c4-ad97-d91a-6731-e7b5f38951a6
2026-10-10 07:03:49.609662,92.341,7,1g.11gb,yolo-inference-755b67b9bb-6w2jk,default,yolo,580.178.04,GPU-d59cb1c4-ad97-d91a-6731-e7b5f38951a6
2026-10-10 07:03:49.609662,92.473,8,1g.11gb,yolo-inference-755b67b9bb-zbflb,default,yolo,580.178.04,GPU-d59cb1c4-ad97-d91a-6731-e7b5f38951a6
2026-10-10 07:03:49.609662,92.272,9,1g.11gb,yolo-inference-755b67b9bb-6z9g8,default,yolo,580.178.04,GPU-d59cb1c4-ad97-d91a-6731-e7b5f38951a6
2026-10-10 07:03:54.614201,92.381,10,1g.11gb,yolo-inference-755b67b9bb-jvw65,default,yolo,580.178.04,GPU-d59cb1c4-ad97-d91a-6731-e7b5f38951a6
2026-10-10 07:03:54.614201,92.272,11,1g.11gb,yolo-inference-755b67b9bb-tpwv7,default,yolo,580.178.04,GPU-d59cb1c4-ad97-d91a-6731-e7b5f38951a6
2026-10-10 07:03:54.614201,92.473,12,1g.11gb,yolo-inference-755b67b9bb-cmfkj,default,yolo,580.178.04,GPU-d59cb1c4-ad97-d91a-6731-e7b5f38951a6
2026-10-10 07:03:54.614201,92.239,13,1g.11gb,yolo-inference-755b67b9bb-7kvtl,default,yolo,580.178.04,GPU-d59cb1c4-ad97-d91a-6731-e7b5f38951a6
2026-10-10 07:03:54.614201,92.341,7,1g.11gb,yolo-inference-755b67b9bb-6w2jk,default,yolo,580.178.04,GPU-d59cb1c4-ad97-d91a-6731-e7b5f38951a6
2026-10-10 07:03:54.614201,92.473,8,1g.11gb,yolo-inference-755b67b9bb-zbflb,default,yolo,580.178.04,GPU-d59cb1c4-ad97-d91a-6731-e7b5f38951a6
2026-10-10 07:03:54.614201,92.272,9,1g.11gb,yolo-inference-755b67b9bb-6z9g8,default,yolo,580.178.04,GPU-d59cb1c4-ad97-d91a-6731-e7b5f38951a6
2026-10-10 07:03:59.614207,92.381,10,1g.11gb,yolo-inference-755b67b9bb-jvw65,default,yolo,580.178.04,GPU-d59cb1c4-ad97-d91a-6731-e7b5f38951a6
2026-10-10 07:03:59.614207,92.272,11,1g.11gb,yolo-inference-755b67b9bb-tpwv7,default,yolo,580.178.04,GPU-d59cb1c4-ad97-d91a-6731-e7b5f38951a6
2026-10-10 07:03:59.614207,92.473,12,1g.11gb,yolo-inference-755b67b9bb-cmfkj,default,yolo,580.178.04,GPU-d59cb1c4-ad97-d91a-6731-e7b5f38951a6
2026-10-10 07:03:59.614207,92.239,13,1g.11gb,yolo-inference-755b67b9bb-7kvtl,default,yolo,580.178.04,GPU-d59cb1c4-ad97-d91a-6731-e7b5f38951a6
2026-10-10 07:03:59.614207,92.341,7,1g.11gb,yolo-inference-755b67b9bb-6w2jk,default,yolo,580.178.04,GPU-d59cb1c4-ad97-d91a-6731-e7b5f38951a6
2026-10-10 07:03:59.614207,92.473,8,1g.11gb,yolo-inference-755b67b9bb-zbflb,default,yolo,580.178.04,GPU-d59cb1c4-ad97-d91a-6731-e7b5f38951a6
2026-10-10 07:03:59.614207,92.272,9,1g.11gb,yolo-inference-755b67b9bb-6z9g8,default,yolo,580.178.04,GPU-d59cb1c4-ad97-d91a-6731-e7b5f38951a6
2026-10-10 07:04:04.610226,92.381,10,1g.11gb,yolo-inference-755b67b9bb-jvw65,default,yolo,580.178.04,GPU-d59cb1c4-ad97-d91a-6731-e7b5f38951a6
2026-10-10 07:04:04.610226,92.272,11,1g.11gb,yolo-inference-755b67b9bb-tpwv7,default,yolo,580.178.04,GPU-d59cb1c4-ad97-d91a-6731-e7b5f38951a6
2026-10-10 07:04:04.610226,92.473,12,1g.11gb,yolo-inference-755b67b9bb-cmfkj,default,yolo,580.178.04,GPU-d59cb1c4-ad97-d91a-6731-e7b5f38951a6
2026-10-10 07:04:04.610226,92.239,13,1g.11gb,yolo-inference-755b67b9bb-7kvtl,default,yolo,580.178.04,GPU-d59cb1c4-ad97-d91a-6731-e7b5f38951a6
2026-10-10 07:04:04.610226,92.341,7,1g.11gb,yolo-inference-755b67b9bb-6w2jk,default,yolo,580.178.04,GPU-d59cb1c4-ad97-d91a-6731-e7b5f38951a6
2026-10-10 07:04:04.610226,92.473,8,1g.11gb,yolo-inference-755b67b9bb-zbflb,default,yolo,580.178.04,GPU-d59cb1c4-ad97-d91a-6731-e7b5f38951a6
2026-10-10 07:04:04.610226,92.272,9,1g.11gb,yolo-inference-755b67b9bb-6z9g8,default,yolo,580.178.04,GPU-d59cb1c4-ad97-d91a-6731-e7b5f38951a6
2026-10-10 07:04:09.614187,92.381,10,1g.11gb,yolo-inference-755b67b9bb-jvw65,default,yolo,580.178.04,GPU-d59cb1c4-ad97-d91a-6731-e7b5f38951a6
2026-10-10 07:04:09.614187,92.272,11,1g.11gb,yolo-inference-755b67b9bb-tpwv7,default,yolo,580.178.04,GPU-d59cb1c4-ad97-d91a-6731-e7b5f38951a6
2026-10-10 07:04:09.614187,92.473,12,1g.11gb,yolo-inference-755b67b9bb-cmfkj,default,yolo,580.178.04,GPU-d59cb1c4-ad97-d91a-6731-e7b5f38951a6
2026-10-10 07:04:09.614187,92.239,13,1g.11gb,yolo-inference-755b67b9bb-7kvtl,default,yolo,580.178.04,GPU-d59cb1c4-ad97-d91a-6731-e7b5f38951a6
2026-10-10 07:04:09.614187,92.341,7,1g.11gb,yolo-inference-755b67b9bb-6w2jk,default,yolo,580.178.04,GPU-d59cb1c4-ad97-d91a-6731-e7b5f38951a6
2026-10-10 07:04:09.614187,92.473,8,1g.11gb,yolo-inference-755b67b9bb-zbflb,default,yolo,580.178.04,GPU-d59cb1c4-ad97-d91a-6731-e7b5f38951a6
2026-10-10 07:04:09.614187,92.272,9,1g.11gb,yolo-inference-755b67b9bb-6z9g8,default,yolo,580.178.04,GPU-d59cb1c4-ad97-d91a-6731-e7b5f38951a6
2026-10-10 07:04:14.613510,92.441,10,1g.11gb,yolo-inference-755b67b9bb-jvw65,default,yolo,580.178.04,GPU-d59cb1c4-ad97-d91a-6731-e7b5f38951a6
2026-10-10 07:04:14.613510,92.202,11,1g.11gb,yolo-inference-755b67b9bb-tpwv7,default,yolo,580.178.04,GPU-d59cb1c4-ad97-d91a-6731-e7b5f38951a6
2026-10-10 07:04:14.613510,92.094,12,1g.11gb,yolo-inference-755b67b9bb-cmfkj,default,yolo,580.178.04,GPU-d59cb1c4-ad97-d91a-6731-e7b5f38951a6
2026-10-10 07:04:14.613510,92.259,13,1g.11gb,yolo-inference-755b67b9bb-7kvtl,default,yolo,580.178.04,GPU-d59cb1c4-ad97-d91a-6731-e7b5f38951a6
2026-10-10 07:04:14.613510,92.428,7,1g.11gb,yolo-inference-755b67b9bb-6w2jk,default,yolo,580.178.04,GPU-d59cb1c4-ad97-d91a-6731-e7b5f38951a6
2026-10-10 07:04:14.613510,92.094,8,1g.11gb,yolo-inference-755b67b9bb-zbflb,default,yolo,580.178.04,GPU-d59cb1c4-ad97-d91a-6731-e7b5f38951a6
2026-10-10 07:04:14.613510,92.202,9,1g.11gb,yolo-inference-755b67b9bb-6z9g8,default,yolo,580.178.04,GPU-d59cb1c4-ad97-d91a-6731-e7b5f38951a6
2026-10-10 07:04:19.614134,92.441,10,1g.11gb,yolo-inference-755b67b9bb-jvw65,default,yolo,580.178.04,GPU-d59cb1c4-ad97-d91a-6731-e7b5f38951a6
2026-10-10 07:04:19.614134,92.202,11,1g.11gb,yolo-inference-755b67b9bb-tpwv7,default,yolo,580.178.04,GPU-d59cb1c4-ad97-d91a-6731-e7b5f38951a6
2026-10-10 07:04:19.614134,92.094,12,1g.11gb,yolo-inference-755b67b9bb-cmfkj,default,yolo,580.178.04,GPU-d59cb1c4-ad97-d91a-6731-e7b5f38951a6
2026-10-10 07:04:19.614134,92.259,13,1g.11gb,yolo-inference-755b67b9bb-7kvtl,default,yolo,580.178.04,GPU-d59cb1c4-ad97-d91a-6731-e7b5f38951a6
2026-10-10 07:04:19.614134,92.428,7,1g.11gb,yolo-inference-755b67b9bb-6w2jk,default,yolo,580.178.04,GPU-d59cb1c4-ad97-d91a-6731-e7b5f38951a6
2026-10-10 07:04:19.614134,92.094,8,1g.11gb,yolo-inference-755b67b9bb-zbflb,default,yolo,580.178.04,GPU-d59cb1c4-ad97-d91a-6731-e7b5f38951a6
2026-10-10 07:04:19.614134,92.202,9,1g.11gb,yolo-inference-755b67b9bb-6z9g8,default,yolo,580.178.04,GPU-d59cb1c4-ad97-d91a-6731-e7b5f38951a6
2026-10-10 07:04:24.614051,92.441,10,1g.11gb,yolo-inference-755b67b9bb-jvw65,default,yolo,580.178.04,GPU-d59cb1c4-ad97-d91a-6731-e7b5f38951a6
2026-10-10 07:04:24.614051,92.202,11,1g.11gb,yolo-inference-755b67b9bb-tpwv7,default,yolo,580.178.04,GPU-d59cb1c4-ad97-d91a-6731-e7b5f38951a6
2026-10-10 07:04:24.614051,92.094,12,1g.11gb,yolo-inference-755b67b9bb-cmfkj,default,yolo,580.178.04,GPU-d59cb1c4-ad97-d91a-6731-e7b5f38951a6
2026-10-10 07:04:24.614051,92.259,13,1g.11gb,yolo-inference-755b67b9bb-7kvtl,default,yolo,580.178.04,GPU-d59cb1c4-ad97-d91a-6731-e7b5f38951a6
2026-10-10 07:04:24.614051,92.428,7,1g.11gb,yolo-inference-755b67b9bb-6w2jk,default,yolo,580.178.04,GPU-d59cb1c4-ad97-d91a-6731-e7b5f38951a6
2026-10-10 07:04:24.614051,92.094,8,1g.11gb,yolo-inference-755b67b9bb-zbflb,default,yolo,580.178.04,GPU-d59cb1c4-ad97-d91a-6731-e7b5f38951a6
2026-10-10 07:04:24.614051,92.202,9,1g.11gb,yolo-inference-755b67b9bb-6z9g8,default,yolo,580.178.04,GPU-d59cb1c4-ad97-d91a-6731-e7b5f38951a6
2026-10-10 07:04:29.609725,92.441,10,1g.11gb,yolo-inference-755b67b9bb-jvw65,default,yolo,580.178.04,GPU-d59cb1c4-ad97-d91a-6731-e7b5f38951a6
2026-10-10 07:04:29.609725,92.202,11,1g.11gb,yolo-inference-755b67b9bb-tpwv7,default,yolo,580.178.04,GPU-d59cb1c4-ad97-d91a-6731-e7b5f38951a6
2026-10-10 07:04:29.609725,92.094,12,1g.11gb,yolo-inference-755b67b9bb-cmfkj,default,yolo,580.178.04,GPU-d59cb1c4-ad97-d91a-6731-e7b5f38951a6
2026-10-10 07:04:29.609725,92.259,13,1g.11gb,yolo-inference-755b67b9bb-7kvtl,default,yolo,580.178.04,GPU-d59cb1c4-ad97-d91a-6731-e7b5f38951a6
2026-10-10 07:04:29.609725,92.428,7,1g.11gb,yolo-inference-755b67b9bb-6w2jk,default,yolo,580.178.04,GPU-d59cb1c4-ad97-d91a-6731-e7b5f38951a6
2026-10-10 07:04:29.609725,92.094,8,1g.11gb,yolo-inference-755b67b9bb-zbflb,default,yolo,580.178.04,GPU-d59cb1c4-ad97-d91a-6731-e7b5f38951a6
2026-10-10 07:04:29.609725,92.202,9,1g.11gb,yolo-inference-755b67b9bb-6z9g8,default,yolo,580.178.04,GPU-d59cb1c4-ad97-d91a-6731-e7b5f38951a6
2026-10-10 07:04:34.613702,92.441,10,1g.11gb,yolo-inference-755b67b9bb-jvw65,default,yolo,580.178.04,GPU-d59cb1c4-ad97-d91a-6731-e7b5f38951a6
2026-10-10 07:04:34.613702,92.202,11,1g.11gb,yolo-inference-755b67b9bb-tpwv7,default,yolo,580.178.04,GPU-d59cb1c4-ad97-d91a-6731-e7b5f38951a6
2026-10-10 07:04:34.613702,92.094,12,1g.11gb,yolo-inference-755b67b9bb-cmfkj,default,yolo,580.178.04,GPU-d59cb1c4-ad97-d91a-6731-e7b5f38951a6
2026-10-10 07:04:34.613702,92.259,13,1g.11gb,yolo-inference-755b67b9bb-7kvtl,default,yolo,580.178.04,GPU-d59cb1c4-ad97-d91a-6731-e7b5f38951a6
2026-10-10 07:04:34.613702,92.428,7,1g.11gb,yolo-inference-755b67b9bb-6w2jk,default,yolo,580.178.04,GPU-d59cb1c4-ad97-d91a-6731-e7b5f38951a6
2026-10-10 07:04:34.613702,92.094,8,1g.11gb,yolo-inference-755b67b9bb-zbflb,default,yolo,580.178.04,GPU-d59cb1c4-ad97-d91a-6731-e7b5f38951a6
2026-10-10 07:04:34.613702,92.202,9,1g.11gb,yolo-inference-755b67b9bb-6z9g8,default,yolo,580.178.04,GPU-d59cb1c4-ad97-d91a-6731-e7b5f38951a6
2026-10-10 07:04:39.614189,92.441,10,1g.11gb,yolo-inference-755b67b9bb-jvw65,default,yolo,580.178.04,GPU-d59cb1c4-ad97-d91a-6731-e7b5f38951a6
2026-10-10 07:04:39.614189,92.202,11,1g.11gb,yolo-inference-755b67b9bb-tpwv7,default,yolo,580.178.04,GPU-d59cb1c4-ad97-d91a-6731-e7b5f38951a6
2026-10-10 07:04:39.614189,92.094,12,1g.11gb,yolo-inference-755b67b9bb-cmfkj,default,yolo,580.178.04,GPU-d59cb1c4-ad97-d91a-6731-e7b5f38951a6
2026-10-10 07:04:39.614189,92.259,13,1g.11gb,yolo-inference-755b67b9bb-7kvtl,default,yolo,580.178.04,GPU-d59cb1c4-ad97-d91a-6731-e7b5f38951a6
2026-10-10 07:04:39.614189,92.428,7,1g.11gb,yolo-inference-755b67b9bb-6w2jk,default,yolo,580.178.04,GPU-d59cb1c4-ad97-d91a-6731-e7b5f38951a6
2026-10-10 07:04:39.614189,92.094,8,1g.11gb,yolo-inference-755b67b9bb-zbflb,default,yolo,580.178.04,GPU-d59cb1c4-ad97-d91a-6731-e7b5f38951a6
2026-10-10 07:04:39.614189,92.202,9,1g.11gb,yolo-inference-755b67b9bb-6z9g8,default,yolo,580.178.04,GPU-d59cb1c4-ad97-d91a-6731-e7b5f38951a6
2026-10-10 07:04:44.612706,92.556,10,1g.11gb,yolo-inference-755b67b9bb-jvw65,default,yolo,580.178.04,GPU-d59cb1c4-ad97-d91a-6731-e7b5f38951a6
2026-10-10 07:04:44.612706,92.595,11,1g.11gb,yolo-inference-755b67b9bb-tpwv7,default,yolo,580.178.04,GPU-d59cb1c4-ad97-d91a-6731-e7b5f38951a6
2026-10-10 07:04:44.612706,92.774,12,1g.11gb,yolo-inference-755b67b9bb-cmfkj,default,yolo,580.178.04,GPU-d59cb1c4-ad97-d91a-6731-e7b5f38951a6
2026-10-10 07:04:44.612706,92.59,13,1g.11gb,yolo-inference-755b67b9bb-7kvtl,default,yolo,580.178.04,GPU-d59cb1c4-ad97-d91a-6731-e7b5f38951a6
2026-10-10 07:04:44.612706,92.738,7,1g.11gb,yolo-inference-755b67b9bb-6w2jk,default,yolo,580.178.04,GPU-d59cb1c4-ad97-d91a-6731-e7b5f38951a6
2026-10-10 07:04:44.612706,92.774,8,1g.11gb,yolo-inference-755b67b9bb-zbflb,default,yolo,580.178.04,GPU-d59cb1c4-ad97-d91a-6731-e7b5f38951a6
2026-10-10 07:04:44.612706,92.731,9,1g.11gb,yolo-inference-755b67b9bb-6z9g8,default,yolo,580.178.04,GPU-d59cb1c4-ad97-d91a-6731-e7b5f38951a6
2026-10-10 07:04:49.610328,92.556,10,1g.11gb,yolo-inference-755b67b9bb-jvw65,default,yolo,580.178.04,GPU-d59cb1c4-ad97-d91a-6731-e7b5f38951a6
2026-10-10 07:04:49.610328,92.595,11,1g.11gb,yolo-inference-755b67b9bb-tpwv7,default,yolo,580.178.04,GPU-d59cb1c4-ad97-d91a-6731-e7b5f38951a6
2026-10-10 07:04:49.610328,92.774,12,1g.11gb,yolo-inference-755b67b9bb-cmfkj,default,yolo,580.178.04,GPU-d59cb1c4-ad97-d91a-6731-e7b5f38951a6
2026-10-10 07:04:49.610328,92.59,13,1g.11gb,yolo-inference-755b67b9bb-7kvtl,default,yolo,580.178.04,GPU-d59cb1c4-ad97-d91a-6731-e7b5f38951a6
2026-10-10 07:04:49.610328,92.738,7,1g.11gb,yolo-inference-755b67b9bb-6w2jk,default,yolo,580.178.04,GPU-d59cb1c4-ad97-d91a-6731-e7b5f38951a6
2026-10-10 07:04:49.610328,92.774,8,1g.11gb,yolo-inference-755b67b9bb-zbflb,default,yolo,580.178.04,GPU-d59cb1c4-ad97-d91a-6731-e7b5f38951a6
2026-10-10 07:04:49.610328,92.731,9,1g.11gb,yolo-inference-755b67b9bb-6z9g8,default,yolo,580.178.04,GPU-d59cb1c4-ad97-d91a-6731-e7b5f38951a6
2026-10-10 07:04:54.612981,92.556,10,1g.11gb,yolo-inference-755b67b9bb-jvw65,default,yolo,580.178.04,GPU-d59cb1c4-ad97-d91a-6731-e7b5f38951a6
2026-10-10 07:04:54.612981,92.595,11,1g.11gb,yolo-inference-755b67b9bb-tpwv7,default,yolo,580.178.04,GPU-d59cb1c4-ad97-d91a-6731-e7b5f38951a6
2026-10-10 07:04:54.612981,92.774,12,1g.11gb,yolo-inference-755b67b9bb-cmfkj,default,yolo,580.178.04,GPU-d59cb1c4-ad97-d91a-6731-e7b5f38951a6
2026-10-10 07:04:54.612981,92.59,13,1g.11gb,yolo-inference-755b67b9bb-7kvtl,default,yolo,580.178.04,GPU-d59cb1c4-ad97-d91a-6731-e7b5f38951a6
2026-10-10 07:04:54.612981,92.738,7,1g.11gb,yolo-inference-755b67b9bb-6w2jk,default,yolo,580.178.04,GPU-d59cb1c4-ad97-d91a-6731-e7b5f38951a6
2026-10-10 07:04:54.612981,92.774,8,1g.11gb,yolo-inference-755b67b9bb-zbflb,default,yolo,580.178.04,GPU-d59cb1c4-ad97-d91a-6731-e7b5f38951a6
2026-10-10 07:04:54.612981,92.731,9,1g.11gb,yolo-inference-755b67b9bb-6z9g8,default,yolo,580.178.04,GPU-d59cb1c4-ad97-d91a-6731-e7b5f38951a6
2026-10-10 07:04:59.609671,92.556,10,1g.11gb,yolo-inference-755b67b9bb-jvw65,default,yolo,580.178.04,GPU-d59cb1c4-ad97-d91a-6731-e7b5f38951a6
2026-10-10 07:04:59.609671,92.595,11,1g.11gb,yolo-inference-755b67b9bb-tpwv7,default,yolo,580.178.04,GPU-d59cb1c4-ad97-d91a-6731-e7b5f38951a6
2026-10-10 07:04:59.609671,92.774,12,1g.11gb,yolo-inference-755b67b9bb-cmfkj,default,yolo,580.178.04,GPU-d59cb1c4-ad97-d91a-6731-e7b5f38951a6
2026-10-10 07:04:59.609671,92.59,13,1g.11gb,yolo-inference-755b67b9bb-7kvtl,default,yolo,580.178.04,GPU-d59cb1c4-ad97-d91a-6731-e7b5f38951a6
2026-10-10 07:04:59.609671,92.738,7,1g.11gb,yolo-inference-755b67b9bb-6w2jk,default,yolo,580.178.04,GPU-d59cb1c4-ad97-d91a-6731-e7b5f38951a6
2026-10-10 07:04:59.609671,92.774,8,1g.11gb,yolo-inference-755b67b9bb-zbflb,default,yolo,580.178.04,GPU-d59cb1c4-ad97-d91a-6731-e7b5f38951a6
2026-10-10 07:04:59.609671,92.731,9,1g.11gb,yolo-inference-755b67b9bb-6z9g8,default,yolo,580.178.04,GPU-d59cb1c4-ad97-d91a-6731-e7b5f38951a6
2026-10-10 07:05:04.614231,92.556,10,1g.11gb,yolo-inference-755b67b9bb-jvw65,default,yolo,580.178.04,GPU-d59cb1c4-ad97-d91a-6731-e7b5f38951a6
2026-10-10 07:05:04.614231,92.595,11,1g.11gb,yolo-inference-755b67b9bb-tpwv7,default,yolo,580.178.04,GPU-d59cb1c4-ad97-d91a-6731-e7b5f38951a6
2026-10-10 07:05:04.614231,92.774,12,1g.11gb,yolo-inference-755b67b9bb-cmfkj,default,yolo,580.178.04,GPU-d59cb1c4-ad97-d91a-6731-e7b5f38951a6
2026-10-10 07:05:04.614231,92.59,13,1g.11gb,yolo-inference-755b67b9bb-7kvtl,default,yolo,580.178.04,GPU-d59cb1c4-ad97-d91a-6731-e7b5f38951a6
2026-10-10 07:05:04.614231,92.738,7,1g.11gb,yolo-inference-755b67b9bb-6w2jk,default,yolo,580.178.04,GPU-d59cb1c4-ad97-d91a-6731-e7b5f38951a6
2026-10-10 07:05:04.614231,92.774,8,1g.11gb,yolo-inference-755b67b9bb-zbflb,default,yolo,580.178.04,GPU-d59cb1c4-ad97-d91a-6731-e7b5f38951a6
2026-10-10 07:05:04.614231,92.731,9,1g.11gb,yolo-inference-755b67b9bb-6z9g8,default,yolo,580.178.04,GPU-d59cb1c4-ad97-d91a-6731-e7b5f38951a6
2026-10-10 07:05:09.610226,92.556,10,1g.11gb,yolo-inference-755b67b9bb-jvw65,default,yolo,580.178.04,GPU-d59cb1c4-ad97-d91a-6731-e7b5f38951a6
2026-10-10 07:05:09.610226,92.595,11,1g.11gb,yolo-inference-755b67b9bb-tpwv7,default,yolo,580.178.04,GPU-d59cb1c4-ad97-d91a-6731-e7b5f38951a6
2026-10-10 07:05:09.610226,92.774,12,1g.11gb,yolo-inference-755b67b9bb-cmfkj,default,yolo,580.178.04,GPU-d59cb1c4-ad97-d91a-6731-e7b5f38951a6
2026-10-10 07:05:09.610226,92.59,13,1g.11gb,yolo-inference-755b67b9bb-7kvtl,default,yolo,580.178.04,GPU-d59cb1c4-ad97-d91a-6731-e7b5f38951a6
2026-10-10 07:05:09.610226,92.738,7,1g.11gb,yolo-inference-755b67b9bb-6w2jk,default,yolo,580.178.04,GPU-d59cb1c4-ad97-d91a-6731-e7b5f38951a6
2026-10-10 07:05:09.610226,92.774,8,1g.11gb,yolo-inference-755b67b9bb-zbflb,default,yolo,580.178.04,GPU-d59cb1c4-ad97-d91a-6731-e7b5f38951a6
2026-10-10 07:05:09.610226,92.731,9,1g.11gb,yolo-inference-755b67b9bb-6z9g8,default,yolo,580.178.04,GPU-d59cb1c4-ad97-d91a-6731-e7b5f38951a6
2026-10-10 07:05:14.614209,92.383,10,1g.11gb,yolo-inference-755b67b9bb-jvw65,default,yolo,580.178.04,GPU-d59cb1c4-ad97-d91a-6731-e7b5f38951a6
2026-10-10 07:05:14.614209,92.187,11,1g.11gb,yolo-inference-755b67b9bb-tpwv7,default,yolo,580.178.04,GPU-d59cb1c4-ad97-d91a-6731-e7b5f38951a6
2026-10-10 07:05:14.614209,92.032,12,1g.11gb,yolo-inference-755b67b9bb-cmfkj,default,yolo,580.178.04,GPU-d59cb1c4-ad97-d91a-6731-e7b5f38951a6
2026-10-10 07:05:14.614209,92.283,13,1g.11gb,yolo-inference-755b67b9bb-7kvtl,default,yolo,580.178.04,GPU-d59cb1c4-ad97-d91a-6731-e7b5f38951a6
2026-10-10 07:05:14.614209,92.08,7,1g.11gb,yolo-inference-755b67b9bb-6w2jk,default,yolo,580.178.04,GPU-d59cb1c4-ad97-d91a-6731-e7b5f38951a6
2026-10-10 07:05:14.614209,92.032,8,1g.11gb,yolo-inference-755b67b9bb-zbflb,default,yolo,580.178.04,GPU-d59cb1c4-ad97-d91a-6731-e7b5f38951a6
2026-10-10 07:05:14.614209,92.111,9,1g.11gb,yolo-inference-755b67b9bb-6z9g8,default,yolo,580.178.04,GPU-d59cb1c4-ad97-d91a-6731-e7b5f38951a6
2026-10-10 07:05:19.614182,92.383,10,1g.11gb,yolo-inference-755b67b9bb-jvw65,default,yolo,580.178.04,GPU-d59cb1c4-ad97-d91a-6731-e7b5f38951a6
2026-10-10 07:05:19.614182,92.187,11,1g.11gb,yolo-inference-755b67b9bb-tpwv7,default,yolo,580.178.04,GPU-d59cb1c4-ad97-d91a-6731-e7b5f38951a6
2026-10-10 07:05:19.614182,92.032,12,1g.11gb,yolo-inference-755b67b9bb-cmfkj,default,yolo,580.178.04,GPU-d59cb1c4-ad97-d91a-6731-e7b5f38951a6
2026-10-10 07:05:19.614182,92.283,13,1g.11gb,yolo-inference-755b67b9bb-7kvtl,default,yolo,580.178.04,GPU-d59cb1c4-ad97-d91a-6731-e7b5f38951a6
2026-10-10 07:05:19.614182,92.08,7,1g.11gb,yolo-inference-755b67b9bb-6w2jk,default,yolo,580.178.04,GPU-d59cb1c4-ad97-d91a-6731-e7b5f38951a6
2026-10-10 07:05:19.614182,92.032,8,1g.11gb,yolo-inference-755b67b9bb-zbflb,default,yolo,580.178.04,GPU-d59cb1c4-ad97-d91a-6731-e7b5f38951a6
2026-10-10 07:05:19.614182,92.111,9,1g.11gb,yolo-inference-755b67b9bb-6z9g8,default,yolo,580.178.04,GPU-d59cb1c4-ad97-d91a-6731-e7b5f38951a6
2026-10-10 07:05:24.614183,92.383,10,1g.11gb,yolo-inference-755b67b9bb-jvw65,default,yolo,580.178.04,GPU-d59cb1c4-ad97-d91a-6731-e7b5f38951a6
2026-10-10 07:05:24.614183,92.187,11,1g.11gb,yolo-inference-755b67b9bb-tpwv7,default,yolo,580.178.04,GPU-d59cb1c4-ad97-d91a-6731-e7b5f38951a6
2026-10-10 07:05:24.614183,92.032,12,1g.11gb,yolo-inference-755b67b9bb-cmfkj,default,yolo,580.178.04,GPU-d59cb1c4-ad97-d91a-6731-e7b5f38951a6
2026-10-10 07:05:24.614183,92.283,13,1g.11gb,yolo-inference-755b67b9bb-7kvtl,default,yolo,580.178.04,GPU-d59cb1c4-ad97-d91a-6731-e7b5f38951a6
2026-10-10 07:05:24.614183,92.08,7,1g.11gb,yolo-inference-755b67b9bb-6w2jk,default,yolo,580.178.04,GPU-d59cb1c4-ad97-d91a-6731-e7b5f38951a6
2026-10-10 07:05:24.614183,92.032,8,1g.11gb,yolo-inference-755b67b9bb-zbflb,default,yolo,580.178.04,GPU-d59cb1c4-ad97-d91a-6731-e7b5f38951a6
2026-10-10 07:05:24.614183,92.111,9,1g.11gb,yolo-inference-755b67b9bb-6z9g8,default,yolo,580.178.04,GPU-d59cb1c4-ad97-d91a-6731-e7b5f38951a6
2026-10-10 07:05:29.610492,92.383,10,1g.11gb,yolo-inference-755b67b9bb-jvw65,default,yolo,580.178.04,GPU-d59cb1c4-ad97-d91a-6731-e7b5f38951a6
2026-10-10 07:05:29.610492,92.187,11,1g.11gb,yolo-inference-755b67b9bb-tpwv7,default,yolo,580.178.04,GPU-d59cb1c4-ad97-d91a-6731-e7b5f38951a6
2026-10-10 07:05:29.610492,92.032,12,1g.11gb,yolo-inference-755b67b9bb-cmfkj,default,yolo,580.178.04,GPU-d59cb1c4-ad97-d91a-6731-e7b5f38951a6
2026-10-10 07:05:29.610492,92.283,13,1g.11gb,yolo-inference-755b67b9bb-7kvtl,default,yolo,580.178.04,GPU-d59cb1c4-ad97-d91a-6731-e7b5f38951a6
2026-10-10 07:05:29.610492,92.08,7,1g.11gb,yolo-inference-755b67b9bb-6w2jk,default,yolo,580.178.04,GPU-d59cb1c4-ad97-d91a-6731-e7b5f38951a6
2026-10-10 07:05:29.610492,92.032,8,1g.11gb,yolo-inference-755b67b9bb-zbflb,default,yolo,580.178.04,GPU-d59cb1c4-ad97-d91a-6731-e7b5f38951a6
2026-10-10 07:05:29.610492,92.111,9,1g.11gb,yolo-inference-755b67b9bb-6z9g8,default,yolo,580.178.04,GPU-d59cb1c4-ad97-d91a-6731-e7b5f38951a6
2026-10-10 07:05:34.614192,92.383,10,1g.11gb,yolo-inference-755b67b9bb-jvw65,default,yolo,580.178.04,GPU-d59cb1c4-ad97-d91a-6731-e7b5f38951a6
2026-10-10 07:05:34.614192,92.187,11,1g.11gb,yolo-inference-755b67b9bb-tpwv7,default,yolo,580.178.04,GPU-d59cb1c4-ad97-d91a-6731-e7b5f38951a6
2026-10-10 07:05:34.614192,92.032,12,1g.11gb,yolo-inference-755b67b9bb-cmfkj,default,yolo,580.178.04,GPU-d59cb1c4-ad97-d91a-6731-e7b5f38951a6
2026-10-10 07:05:34.614192,92.283,13,1g.11gb,yolo-inference-755b67b9bb-7kvtl,default,yolo,580.178.04,GPU-d59cb1c4-ad97-d91a-6731-e7b5f38951a6
2026-10-10 07:05:34.614192,92.08,7,1g.11gb,yolo-inference-755b67b9bb-6w2jk,default,yolo,580.178.04,GPU-d59cb1c4-ad97-d91a-6731-e7b5f38951a6
2026-10-10 07:05:34.614192,92.032,8,1g.11gb,yolo-inference-755b67b9bb-zbflb,default,yolo,580.178.04,GPU-d59cb1c4-ad97-d91a-6731-e7b5f38951a6
2026-10-10 07:05:34.614192,92.111,9,1g.11gb,yolo-inference-755b67b9bb-6z9g8,default,yolo,580.178.04,GPU-d59cb1c4-ad97-d91a-6731-e7b5f38951a6
2026-10-10 07:05:39.612747,92.383,10,1g.11gb,yolo-inference-755b67b9bb-jvw65,default,yolo,580.178.04,GPU-d59cb1c4-ad97-d91a-6731-e7b5f38951a6
2026-10-10 07:05:39.612747,92.187,11,1g.11gb,yolo-inference-755b67b9bb-tpwv7,default,yolo,580.178.04,GPU-d59cb1c4-ad97-d91a-6731-e7b5f38951a6
2026-10-10 07:05:39.612747,92.032,12,1g.11gb,yolo-inference-755b67b9bb-cmfkj,default,yolo,580.178.04,GPU-d59cb1c4-ad97-d91a-6731-e7b5f38951a6
2026-10-10 07:05:39.612747,92.283,13,1g.11gb,yolo-inference-755b67b9bb-7kvtl,default,yolo,580.178.04,GPU-d59cb1c4-ad97-d91a-6731-e7b5f38951a6
2026-10-10 07:05:39.612747,92.08,7,1g.11gb,yolo-inference-755b67b9bb-6w2jk,default,yolo,580.178.04,GPU-d59cb1c4-ad97-d91a-6731-e7b5f38951a6
2026-10-10 07:05:39.612747,92.032,8,1g.11gb,yolo-inference-755b67b9bb-zbflb,default,yolo,580.178.04,GPU-d59cb1c4-ad97-d91a-6731-e7b5f38951a6
2026-10-10 07:05:39.612747,92.111,9,1g.11gb,yolo-inference-755b67b9bb-6z9g8,default,yolo,580.178.04,GPU-d59cb1c4-ad97-d91a-6731-e7b5f38951a6
2026-10-10 07:05:44.614198,92.384,10,1g.11gb,yolo-inference-755b67b9bb-jvw65,default,yolo,580.178.04,GPU-d59cb1c4-ad97-d91a-6731-e7b5f38951a6
2026-10-10 07:05:44.614198,92.183,11,1g.11gb,yolo-inference-755b67b9bb-tpwv7,default,yolo,580.178.04,GPU-d59cb1c4-ad97-d91a-6731-e7b5f38951a6
2026-10-10 07:05:44.614198,92.212,12,1g.11gb,yolo-inference-755b67b9bb-cmfkj,default,yolo,580.178.04,GPU-d59cb1c4-ad97-d91a-6731-e7b5f38951a6
2026-10-10 07:05:44.614198,92.132,13,1g.11gb,yolo-inference-755b67b9bb-7kvtl,default,yolo,580.178.04,GPU-d59cb1c4-ad97-d91a-6731-e7b5f38951a6
2026-10-10 07:05:44.614198,92.434,7,1g.11gb,yolo-inference-755b67b9bb-6w2jk,default,yolo,580.178.04,GPU-d59cb1c4-ad97-d91a-6731-e7b5f38951a6
2026-10-10 07:05:44.614198,92.212,8,1g.11gb,yolo-inference-755b67b9bb-zbflb,default,yolo,580.178.04,GPU-d59cb1c4-ad97-d91a-6731-e7b5f38951a6
2026-10-10 07:05:44.614198,92.22,9,1g.11gb,yolo-inference-755b67b9bb-6z9g8,default,yolo,580.178.04,GPU-d59cb1c4-ad97-d91a-6731-e7b5f38951a6
2026-10-10 07:05:49.610408,92.384,10,1g.11gb,yolo-inference-755b67b9bb-jvw65,default,yolo,580.178.04,GPU-d59cb1c4-ad97-d91a-6731-e7b5f38951a6
2026-10-10 07:05:49.610408,92.183,11,1g.11gb,yolo-inference-755b67b9bb-tpwv7,default,yolo,580.178.04,GPU-d59cb1c4-ad97-d91a-6731-e7b5f38951a6
2026-10-10 07:05:49.610408,92.212,12,1g.11gb,yolo-inference-755b67b9bb-cmfkj,default,yolo,580.178.04,GPU-d59cb1c4-ad97-d91a-6731-e7b5f38951a6
2026-10-10 07:05:49.610408,92.132,13,1g.11gb,yolo-inference-755b67b9bb-7kvtl,default,yolo,580.178.04,GPU-d59cb1c4-ad97-d91a-6731-e7b5f38951a6
2026-10-10 07:05:49.610408,92.434,7,1g.11gb,yolo-inference-755b67b9bb-6w2jk,default,yolo,580.178.04,GPU-d59cb1c4-ad97-d91a-6731-e7b5f38951a6
2026-10-10 07:05:49.610408,92.212,8,1g.11gb,yolo-inference-755b67b9bb-zbflb,default,yolo,580.178.04,GPU-d59cb1c4-ad97-d91a-6731-e7b5f38951a6
2026-10-10 07:05:49.610408,92.22,9,1g.11gb,yolo-inference-755b67b9bb-6z9g8,default,yolo,580.178.04,GPU-d59cb1c4-ad97-d91a-6731-e7b5f38951a6
2026-10-10 07:05:54.610416,92.384,10,1g.11gb,yolo-inference-755b67b9bb-jvw65,default,yolo,580.178.04,GPU-d59cb1c4-ad97-d91a-6731-e7b5f38951a6
2026-10-10 07:05:54.610416,92.183,11,1g.11gb,yolo-inference-755b67b9bb-tpwv7,default,yolo,580.178.04,GPU-d59cb1c4-ad97-d91a-6731-e7b5f38951a6
2026-10-10 07:05:54.610416,92.212,12,1g.11gb,yolo-inference-755b67b9bb-cmfkj,default,yolo,580.178.04,GPU-d59cb1c4-ad97-d91a-6731-e7b5f38951a6
2026-10-10 07:05:54.610416,92.132,13,1g.11gb,yolo-inference-755b67b9bb-7kvtl,default,yolo,580.178.04,GPU-d59cb1c4-ad97-d91a-6731-e7b5f38951a6
2026-10-10 07:05:54.610416,92.434,7,1g.11gb,yolo-inference-755b67b9bb-6w2jk,default,yolo,580.178.04,GPU-d59cb1c4-ad97-d91a-6731-e7b5f38951a6
2026-10-10 07:05:54.610416,92.212,8,1g.11gb,yolo-inference-755b67b9bb-zbflb,default,yolo,580.178.04,GPU-d59cb1c4-ad97-d91a-6731-e7b5f38951a6
2026-10-10 07:05:54.610416,92.22,9,1g.11gb,yolo-inference-755b67b9bb-6z9g8,default,yolo,580.178.04,GPU-d59cb1c4-ad97-d91a-6731-e7b5f38951a6
2026-10-10 07:05:59.614202,92.384,10,1g.11gb,yolo-inference-755b67b9bb-jvw65,default,yolo,580.178.04,GPU-d59cb1c4-ad97-d91a-6731-e7b5f38951a6
2026-10-10 07:05:59.614202,92.183,11,1g.11gb,yolo-inference-755b67b9bb-tpwv7,default,yolo,580.178.04,GPU-d59cb1c4-ad97-d91a-6731-e7b5f38951a6
2026-10-10 07:05:59.614202,92.212,12,1g.11gb,yolo-inference-755b67b9bb-cmfkj,default,yolo,580.178.04,GPU-d59cb1c4-ad97-d91a-6731-e7b5f38951a6
2026-10-10 07:05:59.614202,92.132,13,1g.11gb,yolo-inference-755b67b9bb-7kvtl,default,yolo,580.178.04,GPU-d59cb1c4-ad97-d91a-6731-e7b5f38951a6
2026-10-10 07:05:59.614202,92.434,7,1g.11gb,yolo-inference-755b67b9bb-6w2jk,default,yolo,580.178.04,GPU-d59cb1c4-ad97-d91a-6731-e7b5f38951a6
2026-10-10 07:05:59.614202,92.212,8,1g.11gb,yolo-inference-755b67b9bb-zbflb,default,yolo,580.178.04,GPU-d59cb1c4-ad97-d91a-6731-e7b5f38951a6
2026-10-10 07:05:59.614202,92.22,9,1g.11gb,yolo-inference-755b67b9bb-6z9g8,default,yolo,580.178.04,GPU-d59cb1c4-ad97-d91a-6731-e7b5f38951a6
2026-10-10 07:06:04.613278,92.384,10,1g.11gb,yolo-inference-755b67b9bb-jvw65,default,yolo,580.178.04,GPU-d59cb1c4-ad97-d91a-6731-e7b5f38951a6
2026-10-10 07:06:04.613278,92.183,11,1g.11gb,yolo-inference-755b67b9bb-tpwv7,default,yolo,580.178.04,GPU-d59cb1c4-ad97-d91a-6731-e7b5f38951a6
2026-10-10 07:06:04.613278,92.212,12,1g.11gb,yolo-inference-755b67b9bb-cmfkj,default,yolo,580.178.04,GPU-d59cb1c4-ad97-d91a-6731-e7b5f38951a6
2026-10-10 07:06:04.613278,92.132,13,1g.11gb,yolo-inference-755b67b9bb-7kvtl,default,yolo,580.178.04,GPU-d59cb1c4-ad97-d91a-6731-e7b5f38951a6
2026-10-10 07:06:04.613278,92.434,7,1g.11gb,yolo-inference-755b67b9bb-6w2jk,default,yolo,580.178.04,GPU-d59cb1c4-ad97-d91a-6731-e7b5f38951a6
2026-10-10 07:06:04.613278,92.212,8,1g.11gb,yolo-inference-755b67b9bb-zbflb,default,yolo,580.178.04,GPU-d59cb1c4-ad97-d91a-6731-e7b5f38951a6
2026-10-10 07:06:04.613278,92.22,9,1g.11gb,yolo-inference-755b67b9bb-6z9g8,default,yolo,580.178.04,GPU-d59cb1c4-ad97-d91a-6731-e7b5f38951a6
2026-10-10 07:06:09.609655,92.384,10,1g.11gb,yolo-inference-755b67b9bb-jvw65,default,yolo,580.178.04,GPU-d59cb1c4-ad97-d91a-6731-e7b5f38951a6
2026-10-10 07:06:09.609655,92.183,11,1g.11gb,yolo-inference-755b67b9bb-tpwv7,default,yolo,580.178.04,GPU-d59cb1c4-ad97-d91a-6731-e7b5f38951a6
2026-10-10 07:06:09.609655,92.212,12,1g.11gb,yolo-inference-755b67b9bb-cmfkj,default,yolo,580.178.04,GPU-d59cb1c4-ad97-d91a-6731-e7b5f38951a6
2026-10-10 07:06:09.609655,92.132,13,1g.11gb,yolo-inference-755b67b9bb-7kvtl,default,yolo,580.178.04,GPU-d59cb1c4-ad97-d91a-6731-e7b5f38951a6
2026-10-10 07:06:09.609655,92.434,7,1g.11gb,yolo-inference-755b67b9bb-6w2jk,default,yolo,580.178.04,GPU-d59cb1c4-ad97-d91a-6731-e7b5f38951a6
2026-10-10 07:06:09.609655,92.212,8,1g.11gb,yolo-inference-755b67b9bb-zbflb,default,yolo,580.178.04,GPU-d59cb1c4-ad97-d91a-6731-e7b5f38951a6
2026-10-10 07:06:09.609655,92.22,9,1g.11gb,yolo-inference-755b67b9bb-6z9g8,default,yolo,580.178.04,GPU-d59cb1c4-ad97-d91a-6731-e7b5f38951a6
2026-10-10 07:06:14.612717,92.392,10,1g.11gb,yolo-inference-755b67b9bb-jvw65,default,yolo,580.178.04,GPU-d59cb1c4-ad97-d91a-6731-e7b5f38951a6
2026-10-10 07:06:14.612717,92.469,11,1g.11gb,yolo-inference-755b67b9bb-tpwv7,default,yolo,580.178.04,GPU-d59cb1c4-ad97-d91a-6731-e7b5f38951a6
2026-10-10 07:06:14.612717,92.501,12,1g.11gb,yolo-inference-755b67b9bb-cmfkj,default,yolo,580.178.04,GPU-d59cb1c4-ad97-d91a-6731-e7b5f38951a6
2026-10-10 07:06:14.612717,92.499,13,1g.11gb,yolo-inference-755b67b9bb-7kvtl,default,yolo,580.178.04,GPU-d59cb1c4-ad97-d91a-6731-e7b5f38951a6
2026-10-10 07:06:14.612717,92.213,7,1g.11gb,yolo-inference-755b67b9bb-6w2jk,default,yolo,580.178.04,GPU-d59cb1c4-ad97-d91a-6731-e7b5f38951a6
2026-10-10 07:06:14.612717,92.501,8,1g.11gb,yolo-inference-755b67b9bb-zbflb,default,yolo,580.178.04,GPU-d59cb1c4-ad97-d91a-6731-e7b5f38951a6
2026-10-10 07:06:14.612717,92.379,9,1g.11gb,yolo-inference-755b67b9bb-6z9g8,default,yolo,580.178.04,GPU-d59cb1c4-ad97-d91a-6731-e7b5f38951a6
2026-10-10 07:06:19.614242,92.392,10,1g.11gb,yolo-inference-755b67b9bb-jvw65,default,yolo,580.178.04,GPU-d59cb1c4-ad97-d91a-6731-e7b5f38951a6
2026-10-10 07:06:19.614242,92.469,11,1g.11gb,yolo-inference-755b67b9bb-tpwv7,default,yolo,580.178.04,GPU-d59cb1c4-ad97-d91a-6731-e7b5f38951a6
2026-10-10 07:06:19.614242,92.501,12,1g.11gb,yolo-inference-755b67b9bb-cmfkj,default,yolo,580.178.04,GPU-d59cb1c4-ad97-d91a-6731-e7b5f38951a6
2026-10-10 07:06:19.614242,92.499,13,1g.11gb,yolo-inference-755b67b9bb-7kvtl,default,yolo,580.178.04,GPU-d59cb1c4-ad97-d91a-6731-e7b5f38951a6
2026-10-10 07:06:19.614242,92.213,7,1g.11gb,yolo-inference-755b67b9bb-6w2jk,default,yolo,580.178.04,GPU-d59cb1c4-ad97-d91a-6731-e7b5f38951a6
2026-10-10 07:06:19.614242,92.501,8,1g.11gb,yolo-inference-755b67b9bb-zbflb,default,yolo,580.178.04,GPU-d59cb1c4-ad97-d91a-6731-e7b5f38951a6
2026-10-10 07:06:19.614242,92.379,9,1g.11gb,yolo-inference-755b67b9bb-6z9g8,default,yolo,580.178.04,GPU-d59cb1c4-ad97-d91a-6731-e7b5f38951a6
2026-10-10 07:06:24.614214,92.392,10,1g.11gb,yolo-inference-755b67b9bb-jvw65,default,yolo,580.178.04,GPU-d59cb1c4-ad97-d91a-6731-e7b5f38951a6
2026-10-10 07:06:24.614214,92.469,11,1g.11gb,yolo-inference-755b67b9bb-tpwv7,default,yolo,580.178.04,GPU-d59cb1c4-ad97-d91a-6731-e7b5f38951a6
2026-10-10 07:06:24.614214,92.501,12,1g.11gb,yolo-inference-755b67b9bb-cmfkj,default,yolo,580.178.04,GPU-d59cb1c4-ad97-d91a-6731-e7b5f38951a6
2026-10-10 07:06:24.614214,92.499,13,1g.11gb,yolo-inference-755b67b9bb-7kvtl,default,yolo,580.178.04,GPU-d59cb1c4-ad97-d91a-6731-e7b5f38951a6
2026-10-10 07:06:24.614214,92.213,7,1g.11gb,yolo-inference-755b67b9bb-6w2jk,default,yolo,580.178.04,GPU-d59cb1c4-ad97-d91a-6731-e7b5f38951a6
2026-10-10 07:06:24.614214,92.501,8,1g.11gb,yolo-inference-755b67b9bb-zbflb,default,yolo,580.178.04,GPU-d59cb1c4-ad97-d91a-6731-e7b5f38951a6
2026-10-10 07:06:24.614214,92.379,9,1g.11gb,yolo-inference-755b67b9bb-6z9g8,default,yolo,580.178.04,GPU-d59cb1c4-ad97-d91a-6731-e7b5f38951a6
2026-10-10 07:06:29.614203,92.392,10,1g.11gb,yolo-inference-755b67b9bb-jvw65,default,yolo,580.178.04,GPU-d59cb1c4-ad97-d91a-6731-e7b5f38951a6
2026-10-10 07:06:29.614203,92.469,11,1g.11gb,yolo-inference-755b67b9bb-tpwv7,default,yolo,580.178.04,GPU-d59cb1c4-ad97-d91a-6731-e7b5f38951a6
2026-10-10 07:06:29.614203,92.501,12,1g.11gb,yolo-inference-755b67b9bb-cmfkj,default,yolo,580.178.04,GPU-d59cb1c4-ad97-d91a-6731-e7b5f38951a6
2026-10-10 07:06:29.614203,92.499,13,1g.11gb,yolo-inference-755b67b9bb-7kvtl,default,yolo,580.178.04,GPU-d59cb1c4-ad97-d91a-6731-e7b5f38951a6
2026-10-10 07:06:29.614203,92.213,7,1g.11gb,yolo-inference-755b67b9bb-6w2jk,default,yolo,580.178.04,GPU-d59cb1c4-ad97-d91a-6731-e7b5f38951a6
2026-10-10 07:06:29.614203,92.501,8,1g.11gb,yolo-inference-755b67b9bb-zbflb,default,yolo,580.178.04,GPU-d59cb1c4-ad97-d91a-6731-e7b5f38951a6
2026-10-10 07:06:29.614203,92.379,9,1g.11gb,yolo-inference-755b67b9bb-6z9g8,default,yolo,580.178.04,GPU-d59cb1c4-ad97-d91a-6731-e7b5f38951a6
2026-10-10 07:06:34.611278,92.392,10,1g.11gb,yolo-inference-755b67b9bb-jvw65,default,yolo,580.178.04,GPU-d59cb1c4-ad97-d91a-6731-e7b5f38951a6
2026-10-10 07:06:34.611278,92.469,11,1g.11gb,yolo-inference-755b67b9bb-tpwv7,default,yolo,580.178.04,GPU-d59cb1c4-ad97-d91a-6731-e7b5f38951a6
2026-10-10 07:06:34.611278,92.501,12,1g.11gb,yolo-inference-755b67b9bb-cmfkj,default,yolo,580.178.04,GPU-d59cb1c4-ad97-d91a-6731-e7b5f38951a6
2026-10-10 07:06:34.611278,92.499,13,1g.11gb,yolo-inference-755b67b9bb-7kvtl,default,yolo,580.178.04,GPU-d59cb1c4-ad97-d91a-6731-e7b5f38951a6
2026-10-10 07:06:34.611278,92.213,7,1g.11gb,yolo-inference-755b67b9bb-6w2jk,default,yolo,580.178.04,GPU-d59cb1c4-ad97-d91a-6731-e7b5f38951a6
2026-10-10 07:06:34.611278,92.501,8,1g.11gb,yolo-inference-755b67b9bb-zbflb,default,yolo,580.178.04,GPU-d59cb1c4-ad97-d91a-6731-e7b5f38951a6
2026-10-10 07:06:34.611278,92.379,9,1g.11gb,yolo-inference-755b67b9bb-6z9g8,default,yolo,580.178.04,GPU-d59cb1c4-ad97-d91a-6731-e7b5f38951a6
2026-10-10 07:06:39.614204,92.392,10,1g.11gb,yolo-inference-755b67b9bb-jvw65,default,yolo,580.178.04,GPU-d59cb1c4-ad97-d91a-6731-e7b5f38951a6
2026-10-10 07:06:39.614204,92.469,11,1g.11gb,yolo-inference-755b67b9bb-tpwv7,default,yolo,580.178.04,GPU-d59cb1c4-ad97-d91a-6731-e7b5f38951a6
2026-10-10 07:06:39.614204,92.501,12,1g.11gb,yolo-inference-755b67b9bb-cmfkj,default,yolo,580.178.04,GPU-d59cb1c4-ad97-d91a-6731-e7b5f38951a6
2026-10-10 07:06:39.614204,92.499,13,1g.11gb,yolo-inference-755b67b9bb-7kvtl,default,yolo,580.178.04,GPU-d59cb1c4-ad97-d91a-6731-e7b5f38951a6
2026-10-10 07:06:39.614204,92.213,7,1g.11gb,yolo-inference-755b67b9bb-6w2jk,default,yolo,580.178.04,GPU-d59cb1c4-ad97-d91a-6731-e7b5f38951a6
2026-10-10 07:06:39.614204,92.501,8,1g.11gb,yolo-inference-755b67b9bb-zbflb,default,yolo,580.178.04,GPU-d59cb1c4-ad97-d91a-6731-e7b5f38951a6
2026-10-10 07:06:39.614204,92.379,9,1g.11gb,yolo-inference-755b67b9bb-6z9g8,default,yolo,580.178.04,GPU-d59cb1c4-ad97-d91a-6731-e7b5f38951a6
2026-10-10 07:06:44.609396,92.357,10,1g.11gb,yolo-inference-755b67b9bb-jvw65,default,yolo,580.178.04,GPU-d59cb1c4-ad97-d91a-6731-e7b5f38951a6
2026-10-10 07:06:44.609396,92.508,11,1g.11gb,yolo-inference-755b67b9bb-tpwv7,default,yolo,580.178.04,GPU-d59cb1c4-ad97-d91a-6731-e7b5f38951a6
2026-10-10 07:06:44.609396,92.275,12,1g.11gb,yolo-inference-755b67b9bb-cmfkj,default,yolo,580.178.04,GPU-d59cb1c4-ad97-d91a-6731-e7b5f38951a6
2026-10-10 07:06:44.609396,92.612,13,1g.11gb,yolo-inference-755b67b9bb-7kvtl,default,yolo,580.178.04,GPU-d59cb1c4-ad97-d91a-6731-e7b5f38951a6
2026-10-10 07:06:44.609396,92.205,7,1g.11gb,yolo-inference-755b67b9bb-6w2jk,default,yolo,580.178.04,GPU-d59cb1c4-ad97-d91a-6731-e7b5f38951a6
2026-10-10 07:06:44.609396,92.347,8,1g.11gb,yolo-inference-755b67b9bb-zbflb,default,yolo,580.178.04,GPU-d59cb1c4-ad97-d91a-6731-e7b5f38951a6
2026-10-10 07:06:44.609396,92.508,9,1g.11gb,yolo-inference-755b67b9bb-6z9g8,default,yolo,580.178.04,GPU-d59cb1c4-ad97-d91a-6731-e7b5f38951a6
2026-10-10 07:06:49.614198,92.357,10,1g.11gb,yolo-inference-755b67b9bb-jvw65,default,yolo,580.178.04,GPU-d59cb1c4-ad97-d91a-6731-e7b5f38951a6
2026-10-10 07:06:49.614198,92.508,11,1g.11gb,yolo-inference-755b67b9bb-tpwv7,default,yolo,580.178.04,GPU-d59cb1c4-ad97-d91a-6731-e7b5f38951a6
2026-10-10 07:06:49.614198,92.275,12,1g.11gb,yolo-inference-755b67b9bb-cmfkj,default,yolo,580.178.04,GPU-d59cb1c4-ad97-d91a-6731-e7b5f38951a6
2026-10-10 07:06:49.614198,92.612,13,1g.11gb,yolo-inference-755b67b9bb-7kvtl,default,yolo,580.178.04,GPU-d59cb1c4-ad97-d91a-6731-e7b5f38951a6
2026-10-10 07:06:49.614198,92.205,7,1g.11gb,yolo-inference-755b67b9bb-6w2jk,default,yolo,580.178.04,GPU-d59cb1c4-ad97-d91a-6731-e7b5f38951a6
2026-10-10 07:06:49.614198,92.347,8,1g.11gb,yolo-inference-755b67b9bb-zbflb,default,yolo,580.178.04,GPU-d59cb1c4-ad97-d91a-6731-e7b5f38951a6
2026-10-10 07:06:49.614198,92.508,9,1g.11gb,yolo-inference-755b67b9bb-6z9g8,default,yolo,580.178.04,GPU-d59cb1c4-ad97-d91a-6731-e7b5f38951a6
2026-10-10 07:06:54.613663,92.357,10,1g.11gb,yolo-inference-755b67b9bb-jvw65,default,yolo,580.178.04,GPU-d59cb1c4-ad97-d91a-6731-e7b5f38951a6
2026-10-10 07:06:54.613663,92.508,11,1g.11gb,yolo-inference-755b67b9bb-tpwv7,default,yolo,580.178.04,GPU-d59cb1c4-ad97-d91a-6731-e7b5f38951a6
2026-10-10 07:06:54.613663,92.275,12,1g.11gb,yolo-inference-755b67b9bb-cmfkj,default,yolo,580.178.04,GPU-d59cb1c4-ad97-d91a-6731-e7b5f38951a6
2026-10-10 07:06:54.613663,92.612,13,1g.11gb,yolo-inference-755b67b9bb-7kvtl,default,yolo,580.178.04,GPU-d59cb1c4-ad97-d91a-6731-e7b5f38951a6
2026-10-10 07:06:54.613663,92.205,7,1g.11gb,yolo-inference-755b67b9bb-6w2jk,default,yolo,580.178.04,GPU-d59cb1c4-ad97-d91a-6731-e7b5f38951a6
2026-10-10 07:06:54.613663,92.347,8,1g.11gb,yolo-inference-755b67b9bb-zbflb,default,yolo,580.178.04,GPU-d59cb1c4-ad97-d91a-6731-e7b5f38951a6
2026-10-10 07:06:54.613663,92.508,9,1g.11gb,yolo-inference-755b67b9bb-6z9g8,default,yolo,580.178.04,GPU-d59cb1c4-ad97-d91a-6731-e7b5f38951a6
2026-10-10 07:06:59.614201,92.357,10,1g.11gb,yolo-inference-755b67b9bb-jvw65,default,yolo,580.178.04,GPU-d59cb1c4-ad97-d91a-6731-e7b5f38951a6
2026-10-10 07:06:59.614201,92.508,11,1g.11gb,yolo-inference-755b67b9bb-tpwv7,default,yolo,580.178.04,GPU-d59cb1c4-ad97-d91a-6731-e7b5f38951a6
2026-10-10 07:06:59.614201,92.275,12,1g.11gb,yolo-inference-755b67b9bb-cmfkj,default,yolo,580.178.04,GPU-d59cb1c4-ad97-d91a-6731-e7b5f38951a6
2026-10-10 07:06:59.614201,92.612,13,1g.11gb,yolo-inference-755b67b9bb-7kvtl,default,yolo,580.178.04,GPU-d59cb1c4-ad97-d91a-6731-e7b5f38951a6
2026-10-10 07:06:59.614201,92.205,7,1g.11gb,yolo-inference-755b67b9bb-6w2jk,default,yolo,580.178.04,GPU-d59cb1c4-ad97-d91a-6731-e7b5f38951a6
2026-10-10 07:06:59.614201,92.347,8,1g.11gb,yolo-inference-755b67b9bb-zbflb,default,yolo,580.178.04,GPU-d59cb1c4-ad97-d91a-6731-e7b5f38951a6
2026-10-10 07:06:59.614201,92.508,9,1g.11gb,yolo-inference-755b67b9bb-6z9g8,default,yolo,580.178.04,GPU-d59cb1c4-ad97-d91a-6731-e7b5f38951a6
2026-10-10 07:07:04.613672,92.357,10,1g.11gb,yolo-inference-755b67b9bb-jvw65,default,yolo,580.178.04,GPU-d59cb1c4-ad97-d91a-6731-e7b5f38951a6
2026-10-10 07:07:04.613672,92.508,11,1g.11gb,yolo-inference-755b67b9bb-tpwv7,default,yolo,580.178.04,GPU-d59cb1c4-ad97-d91a-6731-e7b5f38951a6
2026-10-10 07:07:04.613672,92.275,12,1g.11gb,yolo-inference-755b67b9bb-cmfkj,default,yolo,580.178.04,GPU-d59cb1c4-ad97-d91a-6731-e7b5f38951a6
2026-10-10 07:07:04.613672,92.612,13,1g.11gb,yolo-inference-755b67b9bb-7kvtl,default,yolo,580.178.04,GPU-d59cb1c4-ad97-d91a-6731-e7b5f38951a6
2026-10-10 07:07:04.613672,92.205,7,1g.11gb,yolo-inference-755b67b9bb-6w2jk,default,yolo,580.178.04,GPU-d59cb1c4-ad97-d91a-6731-e7b5f38951a6
2026-10-10 07:07:04.613672,92.347,8,1g.11gb,yolo-inference-755b67b9bb-zbflb,default,yolo,580.178.04,GPU-d59cb1c4-ad97-d91a-6731-e7b5f38951a6
2026-10-10 07:07:04.613672,92.508,9,1g.11gb,yolo-inference-755b67b9bb-6z9g8,default,yolo,580.178.04,GPU-d59cb1c4-ad97-d91a-6731-e7b5f38951a6
2026-10-10 07:07:09.613677,92.357,10,1g.11gb,yolo-inference-755b67b9bb-jvw65,default,yolo,580.178.04,GPU-d59cb1c4-ad97-d91a-6731-e7b5f38951a6
2026-10-10 07:07:09.613677,92.508,11,1g.11gb,yolo-inference-755b67b9bb-tpwv7,default,yolo,580.178.04,GPU-d59cb1c4-ad97-d91a-6731-e7b5f38951a6
2026-10-10 07:07:09.613677,92.275,12,1g.11gb,yolo-inference-755b67b9bb-cmfkj,default,yolo,580.178.04,GPU-d59cb1c4-ad97-d91a-6731-e7b5f38951a6
2026-10-10 07:07:09.613677,92.612,13,1g.11gb,yolo-inference-755b67b9bb-7kvtl,default,yolo,580.178.04,GPU-d59cb1c4-ad97-d91a-6731-e7b5f38951a6
2026-10-10 07:07:09.613677,92.205,7,1g.11gb,yolo-inference-755b67b9bb-6w2jk,default,yolo,580.178.04,GPU-d59cb1c4-ad97-d91a-6731-e7b5f38951a6
2026-10-10 07:07:09.613677,92.347,8,1g.11gb,yolo-inference-755b67b9bb-zbflb,default,yolo,580.178.04,GPU-d59cb1c4-ad97-d91a-6731-e7b5f38951a6
2026-10-10 07:07:09.613677,92.508,9,1g.11gb,yolo-inference-755b67b9bb-6z9g8,default,yolo,580.178.04,GPU-d59cb1c4-ad97-d91a-6731-e7b5f38951a6
2026-10-10 07:07:14.612534,92.391,10,1g.11gb,yolo-inference-755b67b9bb-jvw65,default,yolo,580.178.04,GPU-d59cb1c4-ad97-d91a-6731-e7b5f38951a6
2026-10-10 07:07:14.612534,92.167,11,1g.11gb,yolo-inference-755b67b9bb-tpwv7,default,yolo,580.178.04,GPU-d59cb1c4-ad97-d91a-6731-e7b5f38951a6
2026-10-10 07:07:14.612534,92.218,12,1g.11gb,yolo-inference-755b67b9bb-cmfkj,default,yolo,580.178.04,GPU-d59cb1c4-ad97-d91a-6731-e7b5f38951a6
2026-10-10 07:07:14.612534,92.206,13,1g.11gb,yolo-inference-755b67b9bb-7kvtl,default,yolo,580.178.04,GPU-d59cb1c4-ad97-d91a-6731-e7b5f38951a6
2026-10-10 07:07:14.612534,92.168,7,1g.11gb,yolo-inference-755b67b9bb-6w2jk,default,yolo,580.178.04,GPU-d59cb1c4-ad97-d91a-6731-e7b5f38951a6
2026-10-10 07:07:14.612534,92.143,8,1g.11gb,yolo-inference-755b67b9bb-zbflb,default,yolo,580.178.04,GPU-d59cb1c4-ad97-d91a-6731-e7b5f38951a6
2026-10-10 07:07:14.612534,92.167,9,1g.11gb,yolo-inference-755b67b9bb-6z9g8,default,yolo,580.178.04,GPU-d59cb1c4-ad97-d91a-6731-e7b5f38951a6
2026-10-10 07:07:19.610206,92.391,10,1g.11gb,yolo-inference-755b67b9bb-jvw65,default,yolo,580.178.04,GPU-d59cb1c4-ad97-d91a-6731-e7b5f38951a6
2026-10-10 07:07:19.610206,92.167,11,1g.11gb,yolo-inference-755b67b9bb-tpwv7,default,yolo,580.178.04,GPU-d59cb1c4-ad97-d91a-6731-e7b5f38951a6
2026-10-10 07:07:19.610206,92.218,12,1g.11gb,yolo-inference-755b67b9bb-cmfkj,default,yolo,580.178.04,GPU-d59cb1c4-ad97-d91a-6731-e7b5f38951a6
2026-10-10 07:07:19.610206,92.206,13,1g.11gb,yolo-inference-755b67b9bb-7kvtl,default,yolo,580.178.04,GPU-d59cb1c4-ad97-d91a-6731-e7b5f38951a6
2026-10-10 07:07:19.610206,92.168,7,1g.11gb,yolo-inference-755b67b9bb-6w2jk,default,yolo,580.178.04,GPU-d59cb1c4-ad97-d91a-6731-e7b5f38951a6
2026-10-10 07:07:19.610206,92.143,8,1g.11gb,yolo-inference-755b67b9bb-zbflb,default,yolo,580.178.04,GPU-d59cb1c4-ad97-d91a-6731-e7b5f38951a6
2026-10-10 07:07:19.610206,92.167,9,1g.11gb,yolo-inference-755b67b9bb-6z9g8,default,yolo,580.178.04,GPU-d59cb1c4-ad97-d91a-6731-e7b5f38951a6
2026-10-10 07:07:24.610314,92.391,10,1g.11gb,yolo-inference-755b67b9bb-jvw65,default,yolo,580.178.04,GPU-d59cb1c4-ad97-d91a-6731-e7b5f38951a6
2026-10-10 07:07:24.610314,92.167,11,1g.11gb,yolo-inference-755b67b9bb-tpwv7,default,yolo,580.178.04,GPU-d59cb1c4-ad97-d91a-6731-e7b5f38951a6
2026-10-10 07:07:24.610314,92.218,12,1g.11gb,yolo-inference-755b67b9bb-cmfkj,default,yolo,580.178.04,GPU-d59cb1c4-ad97-d91a-6731-e7b5f38951a6
2026-10-10 07:07:24.610314,92.206,13,1g.11gb,yolo-inference-755b67b9bb-7kvtl,default,yolo,580.178.04,GPU-d59cb1c4-ad97-d91a-6731-e7b5f38951a6
2026-10-10 07:07:24.610314,92.168,7,1g.11gb,yolo-inference-755b67b9bb-6w2jk,default,yolo,580.178.04,GPU-d59cb1c4-ad97-d91a-6731-e7b5f38951a6
2026-10-10 07:07:24.610314,92.143,8,1g.11gb,yolo-inference-755b67b9bb-zbflb,default,yolo,580.178.04,GPU-d59cb1c4-ad97-d91a-6731-e7b5f38951a6
2026-10-10 07:07:24.610314,92.167,9,1g.11gb,yolo-inference-755b67b9bb-6z9g8,default,yolo,580.178.04,GPU-d59cb1c4-ad97-d91a-6731-e7b5f38951a6
2026-10-10 07:07:29.614203,92.391,10,1g.11gb,yolo-inference-755b67b9bb-jvw65,default,yolo,580.178.04,GPU-d59cb1c4-ad97-d91a-6731-e7b5f38951a6
2026-10-10 07:07:29.614203,92.167,11,1g.11gb,yolo-inference-755b67b9bb-tpwv7,default,yolo,580.178.04,GPU-d59cb1c4-ad97-d91a-6731-e7b5f38951a6
2026-10-10 07:07:29.614203,92.218,12,1g.11gb,yolo-inference-755b67b9bb-cmfkj,default,yolo,580.178.04,GPU-d59cb1c4-ad97-d91a-6731-e7b5f38951a6
2026-10-10 07:07:29.614203,92.206,13,1g.11gb,yolo-inference-755b67b9bb-7kvtl,default,yolo,580.178.04,GPU-d59cb1c4-ad97-d91a-6731-e7b5f38951a6
2026-10-10 07:07:29.614203,92.168,7,1g.11gb,yolo-inference-755b67b9bb-6w2jk,default,yolo,580.178.04,GPU-d59cb1c4-ad97-d91a-6731-e7b5f38951a6
2026-10-10 07:07:29.614203,92.143,8,1g.11gb,yolo-inference-755b67b9bb-zbflb,default,yolo,580.178.04,GPU-d59cb1c4-ad97-d91a-6731-e7b5f38951a6
2026-10-10 07:07:29.614203,92.167,9,1g.11gb,yolo-inference-755b67b9bb-6z9g8,default,yolo,580.178.04,GPU-d59cb1c4-ad97-d91a-6731-e7b5f38951a6
2026-10-10 07:07:34.609984,92.391,10,1g.11gb,yolo-inference-755b67b9bb-jvw65,default,yolo,580.178.04,GPU-d59cb1c4-ad97-d91a-6731-e7b5f38951a6
2026-10-10 07:07:34.609984,92.167,11,1g.11gb,yolo-inference-755b67b9bb-tpwv7,default,yolo,580.178.04,GPU-d59cb1c4-ad97-d91a-6731-e7b5f38951a6
2026-10-10 07:07:34.609984,92.218,12,1g.11gb,yolo-inference-755b67b9bb-cmfkj,default,yolo,580.178.04,GPU-d59cb1c4-ad97-d91a-6731-e7b5f38951a6
2026-10-10 07:07:34.609984,92.206,13,1g.11gb,yolo-inference-755b67b9bb-7kvtl,default,yolo,580.178.04,GPU-d59cb1c4-ad97-d91a-6731-e7b5f38951a6
2026-10-10 07:07:34.609984,92.168,7,1g.11gb,yolo-inference-755b67b9bb-6w2jk,default,yolo,580.178.04,GPU-d59cb1c4-ad97-d91a-6731-e7b5f38951a6
2026-10-10 07:07:34.609984,92.143,8,1g.11gb,yolo-inference-755b67b9bb-zbflb,default,yolo,580.178.04,GPU-d59cb1c4-ad97-d91a-6731-e7b5f38951a6
2026-10-10 07:07:34.609984,92.167,9,1g.11gb,yolo-inference-755b67b9bb-6z9g8,default,yolo,580.178.04,GPU-d59cb1c4-ad97-d91a-6731-e7b5f38951a6
2026-10-10 07:07:39.614200,92.391,10,1g.11gb,yolo-inference-755b67b9bb-jvw65,default,yolo,580.178.04,GPU-d59cb1c4-ad97-d91a-6731-e7b5f38951a6
2026-10-10 07:07:39.614200,92.167,11,1g.11gb,yolo-inference-755b67b9bb-tpwv7,default,yolo,580.178.04,GPU-d59cb1c4-ad97-d91a-6731-e7b5f38951a6
2026-10-10 07:07:39.614200,92.218,12,1g.11gb,yolo-inference-755b67b9bb-cmfkj,default,yolo,580.178.04,GPU-d59cb1c4-ad97-d91a-6731-e7b5f38951a6
2026-10-10 07:07:39.614200,92.206,13,1g.11gb,yolo-inference-755b67b9bb-7kvtl,default,yolo,580.178.04,GPU-d59cb1c4-ad97-d91a-6731-e7b5f38951a6
2026-10-10 07:07:39.614200,92.168,7,1g.11gb,yolo-inference-755b67b9bb-6w2jk,default,yolo,580.178.04,GPU-d59cb1c4-ad97-d91a-6731-e7b5f38951a6
2026-10-10 07:07:39.614200,92.143,8,1g.11gb,yolo-inference-755b67b9bb-zbflb,default,yolo,580.178.04,GPU-d59cb1c4-ad97-d91a-6731-e7b5f38951a6
2026-10-10 07:07:39.614200,92.167,9,1g.11gb,yolo-inference-755b67b9bb-6z9g8,default,yolo,580.178.04,GPU-d59cb1c4-ad97-d91a-6731-e7b5f38951a6
2026-10-10 07:07:44.609425,92.43,10,1g.11gb,yolo-inference-755b67b9bb-jvw65,default,yolo,580.178.04,GPU-d59cb1c4-ad97-d91a-6731-e7b5f38951a6
2026-10-10 07:07:44.609425,92.256,11,1g.11gb,yolo-inference-755b67b9bb-tpwv7,default,yolo,580.178.04,GPU-d59cb1c4-ad97-d91a-6731-e7b5f38951a6
2026-10-10 07:07:44.609425,92.248,12,1g.11gb,yolo-inference-755b67b9bb-cmfkj,default,yolo,580.178.04,GPU-d59cb1c4-ad97-d91a-6731-e7b5f38951a6
2026-10-10 07:07:44.609425,92.243,13,1g.11gb,yolo-inference-755b67b9bb-7kvtl,default,yolo,580.178.04,GPU-d59cb1c4-ad97-d91a-6731-e7b5f38951a6
2026-10-10 07:07:44.609425,92.41,7,1g.11gb,yolo-inference-755b67b9bb-6w2jk,default,yolo,580.178.04,GPU-d59cb1c4-ad97-d91a-6731-e7b5f38951a6
2026-10-10 07:07:44.609425,92.248,8,1g.11gb,yolo-inference-755b67b9bb-zbflb,default,yolo,580.178.04,GPU-d59cb1c4-ad97-d91a-6731-e7b5f38951a6
2026-10-10 07:07:44.609425,92.256,9,1g.11gb,yolo-inference-755b67b9bb-6z9g8,default,yolo,580.178.04,GPU-d59cb1c4-ad97-d91a-6731-e7b5f38951a6
2026-10-10 07:07:49.609773,92.43,10,1g.11gb,yolo-inference-755b67b9bb-jvw65,default,yolo,580.178.04,GPU-d59cb1c4-ad97-d91a-6731-e7b5f38951a6
2026-10-10 07:07:49.609773,92.256,11,1g.11gb,yolo-inference-755b67b9bb-tpwv7,default,yolo,580.178.04,GPU-d59cb1c4-ad97-d91a-6731-e7b5f38951a6
2026-10-10 07:07:49.609773,92.248,12,1g.11gb,yolo-inference-755b67b9bb-cmfkj,default,yolo,580.178.04,GPU-d59cb1c4-ad97-d91a-6731-e7b5f38951a6
2026-10-10 07:07:49.609773,92.243,13,1g.11gb,yolo-inference-755b67b9bb-7kvtl,default,yolo,580.178.04,GPU-d59cb1c4-ad97-d91a-6731-e7b5f38951a6
2026-10-10 07:07:49.609773,92.41,7,1g.11gb,yolo-inference-755b67b9bb-6w2jk,default,yolo,580.178.04,GPU-d59cb1c4-ad97-d91a-6731-e7b5f38951a6
2026-10-10 07:07:49.609773,92.248,8,1g.11gb,yolo-inference-755b67b9bb-zbflb,default,yolo,580.178.04,GPU-d59cb1c4-ad97-d91a-6731-e7b5f38951a6
2026-10-10 07:07:49.609773,92.256,9,1g.11gb,yolo-inference-755b67b9bb-6z9g8,default,yolo,580.178.04,GPU-d59cb1c4-ad97-d91a-6731-e7b5f38951a6
2026-10-10 07:07:54.614204,92.43,10,1g.11gb,yolo-inference-755b67b9bb-jvw65,default,yolo,580.178.04,GPU-d59cb1c4-ad97-d91a-6731-e7b5f38951a6
2026-10-10 07:07:54.614204,92.256,11,1g.11gb,yolo-inference-755b67b9bb-tpwv7,default,yolo,580.178.04,GPU-d59cb1c4-ad97-d91a-6731-e7b5f38951a6
2026-10-10 07:07:54.614204,92.248,12,1g.11gb,yolo-inference-755b67b9bb-cmfkj,default,yolo,580.178.04,GPU-d59cb1c4-ad97-d91a-6731-e7b5f38951a6
2026-10-10 07:07:54.614204,92.243,13,1g.11gb,yolo-inference-755b67b9bb-7kvtl,default,yolo,580.178.04,GPU-d59cb1c4-ad97-d91a-6731-e7b5f38951a6
2026-10-10 07:07:54.614204,92.41,7,1g.11gb,yolo-inference-755b67b9bb-6w2jk,default,yolo,580.178.04,GPU-d59cb1c4-ad97-d91a-6731-e7b5f38951a6
2026-10-10 07:07:54.614204,92.248,8,1g.11gb,yolo-inference-755b67b9bb-zbflb,default,yolo,580.178.04,GPU-d59cb1c4-ad97-d91a-6731-e7b5f38951a6
2026-10-10 07:07:54.614204,92.256,9,1g.11gb,yolo-inference-755b67b9bb-6z9g8,default,yolo,580.178.04,GPU-d59cb1c4-ad97-d91a-6731-e7b5f38951a6
2026-10-10 07:07:59.613647,92.43,10,1g.11gb,yolo-inference-755b67b9bb-jvw65,default,yolo,580.178.04,GPU-d59cb1c4-ad97-d91a-6731-e7b5f38951a6
2026-10-10 07:07:59.613647,92.256,11,1g.11gb,yolo-inference-755b67b9bb-tpwv7,default,yolo,580.178.04,GPU-d59cb1c4-ad97-d91a-6731-e7b5f38951a6
2026-10-10 07:07:59.613647,92.248,12,1g.11gb,yolo-inference-755b67b9bb-cmfkj,default,yolo,580.178.04,GPU-d59cb1c4-ad97-d91a-6731-e7b5f38951a6
2026-10-10 07:07:59.613647,92.243,13,1g.11gb,yolo-inference-755b67b9bb-7kvtl,default,yolo,580.178.04,GPU-d59cb1c4-ad97-d91a-6731-e7b5f38951a6
2026-10-10 07:07:59.613647,92.41,7,1g.11gb,yolo-inference-755b67b9bb-6w2jk,default,yolo,580.178.04,GPU-d59cb1c4-ad97-d91a-6731-e7b5f38951a6
2026-10-10 07:07:59.613647,92.248,8,1g.11gb,yolo-inference-755b67b9bb-zbflb,default,yolo,580.178.04,GPU-d59cb1c4-ad97-d91a-6731-e7b5f38951a6
2026-10-10 07:07:59.613647,92.256,9,1g.11gb,yolo-inference-755b67b9bb-6z9g8,default,yolo,580.178.04,GPU-d59cb1c4-ad97-d91a-6731-e7b5f38951a6
2026-10-10 07:08:04.614188,92.43,10,1g.11gb,yolo-inference-755b67b9bb-jvw65,default,yolo,580.178.04,GPU-d59cb1c4-ad97-d91a-6731-e7b5f38951a6
2026-10-10 07:08:04.614188,92.256,11,1g.11gb,yolo-inference-755b67b9bb-tpwv7,default,yolo,580.178.04,GPU-d59cb1c4-ad97-d91a-6731-e7b5f38951a6
2026-10-10 07:08:04.614188,92.248,12,1g.11gb,yolo-inference-755b67b9bb-cmfkj,default,yolo,580.178.04,GPU-d59cb1c4-ad97-d91a-6731-e7b5f38951a6
2026-10-10 07:08:04.614188,92.243,13,1g.11gb,yolo-inference-755b67b9bb-7kvtl,default,yolo,580.178.04,GPU-d59cb1c4-ad97-d91a-6731-e7b5f38951a6
2026-10-10 07:08:04.614188,92.41,7,1g.11gb,yolo-inference-755b67b9bb-6w2jk,default,yolo,580.178.04,GPU-d59cb1c4-ad97-d91a-6731-e7b5f38951a6
2026-10-10 07:08:04.614188,92.248,8,1g.11gb,yolo-inference-755b67b9bb-zbflb,default,yolo,580.178.04,GPU-d59cb1c4-ad97-d91a-6731-e7b5f38951a6
2026-10-10 07:08:04.614188,92.256,9,1g.11gb,yolo-inference-755b67b9bb-6z9g8,default,yolo,580.178.04,GPU-d59cb1c4-ad97-d91a-6731-e7b5f38951a6
2026-10-10 07:08:09.612710,92.43,10,1g.11gb,yolo-inference-755b67b9bb-jvw65,default,yolo,580.178.04,GPU-d59cb1c4-ad97-d91a-6731-e7b5f38951a6
2026-10-10 07:08:09.612710,92.256,11,1g.11gb,yolo-inference-755b67b9bb-tpwv7,default,yolo,580.178.04,GPU-d59cb1c4-ad97-d91a-6731-e7b5f38951a6
2026-10-10 07:08:09.612710,92.248,12,1g.11gb,yolo-inference-755b67b9bb-cmfkj,default,yolo,580.178.04,GPU-d59cb1c4-ad97-d91a-6731-e7b5f38951a6
2026-10-10 07:08:09.612710,92.243,13,1g.11gb,yolo-inference-755b67b9bb-7kvtl,default,yolo,580.178.04,GPU-d59cb1c4-ad97-d91a-6731-e7b5f38951a6
2026-10-10 07:08:09.612710,92.41,7,1g.11gb,yolo-inference-755b67b9bb-6w2jk,default,yolo,580.178.04,GPU-d59cb1c4-ad97-d91a-6731-e7b5f38951a6
2026-10-10 07:08:09.612710,92.248,8,1g.11gb,yolo-inference-755b67b9bb-zbflb,default,yolo,580.178.04,GPU-d59cb1c4-ad97-d91a-6731-e7b5f38951a6
2026-10-10 07:08:09.612710,92.256,9,1g.11gb,yolo-inference-755b67b9bb-6z9g8,default,yolo,580.178.04,GPU-d59cb1c4-ad97-d91a-6731-e7b5f38951a6
2026-10-10 07:08:14.609691,92.124,10,1g.11gb,yolo-inference-755b67b9bb-jvw65,default,yolo,580.178.04,GPU-d59cb1c4-ad97-d91a-6731-e7b5f38951a6
2026-10-10 07:08:14.609691,92.5,11,1g.11gb,yolo-inference-755b67b9bb-tpwv7,default,yolo,580.178.04,GPU-d59cb1c4-ad97-d91a-6731-e7b5f38951a6
2026-10-10 07:08:14.609691,92.214,12,1g.11gb,yolo-inference-755b67b9bb-cmfkj,default,yolo,580.178.04,GPU-d59cb1c4-ad97-d91a-6731-e7b5f38951a6
2026-10-10 07:08:14.609691,92.559,13,1g.11gb,yolo-inference-755b67b9bb-7kvtl,default,yolo,580.178.04,GPU-d59cb1c4-ad97-d91a-6731-e7b5f38951a6
2026-10-10 07:08:14.609691,92.162,7,1g.11gb,yolo-inference-755b67b9bb-6w2jk,default,yolo,580.178.04,GPU-d59cb1c4-ad97-d91a-6731-e7b5f38951a6
2026-10-10 07:08:14.609691,92.214,8,1g.11gb,yolo-inference-755b67b9bb-zbflb,default,yolo,580.178.04,GPU-d59cb1c4-ad97-d91a-6731-e7b5f38951a6
2026-10-10 07:08:14.609691,92.5,9,1g.11gb,yolo-inference-755b67b9bb-6z9g8,default,yolo,580.178.04,GPU-d59cb1c4-ad97-d91a-6731-e7b5f38951a6
2026-10-10 07:08:19.612979,92.124,10,1g.11gb,yolo-inference-755b67b9bb-jvw65,default,yolo,580.178.04,GPU-d59cb1c4-ad97-d91a-6731-e7b5f38951a6
2026-10-10 07:08:19.612979,92.5,11,1g.11gb,yolo-inference-755b67b9bb-tpwv7,default,yolo,580.178.04,GPU-d59cb1c4-ad97-d91a-6731-e7b5f38951a6
2026-10-10 07:08:19.612979,92.214,12,1g.11gb,yolo-inference-755b67b9bb-cmfkj,default,yolo,580.178.04,GPU-d59cb1c4-ad97-d91a-6731-e7b5f38951a6
2026-10-10 07:08:19.612979,92.559,13,1g.11gb,yolo-inference-755b67b9bb-7kvtl,default,yolo,580.178.04,GPU-d59cb1c4-ad97-d91a-6731-e7b5f38951a6
2026-10-10 07:08:19.612979,92.162,7,1g.11gb,yolo-inference-755b67b9bb-6w2jk,default,yolo,580.178.04,GPU-d59cb1c4-ad97-d91a-6731-e7b5f38951a6
2026-10-10 07:08:19.612979,92.214,8,1g.11gb,yolo-inference-755b67b9bb-zbflb,default,yolo,580.178.04,GPU-d59cb1c4-ad97-d91a-6731-e7b5f38951a6
2026-10-10 07:08:19.612979,92.5,9,1g.11gb,yolo-inference-755b67b9bb-6z9g8,default,yolo,580.178.04,GPU-d59cb1c4-ad97-d91a-6731-e7b5f38951a6
2026-10-10 07:08:24.614214,92.124,10,1g.11gb,yolo-inference-755b67b9bb-jvw65,default,yolo,580.178.04,GPU-d59cb1c4-ad97-d91a-6731-e7b5f38951a6
2026-10-10 07:08:24.614214,92.5,11,1g.11gb,yolo-inference-755b67b9bb-tpwv7,default,yolo,580.178.04,GPU-d59cb1c4-ad97-d91a-6731-e7b5f38951a6
2026-10-10 07:08:24.614214,92.214,12,1g.11gb,yolo-inference-755b67b9bb-cmfkj,default,yolo,580.178.04,GPU-d59cb1c4-ad97-d91a-6731-e7b5f38951a6
2026-10-10 07:08:24.614214,92.559,13,1g.11gb,yolo-inference-755b67b9bb-7kvtl,default,yolo,580.178.04,GPU-d59cb1c4-ad97-d91a-6731-e7b5f38951a6
2026-10-10 07:08:24.614214,92.162,7,1g.11gb,yolo-inference-755b67b9bb-6w2jk,default,yolo,580.178.04,GPU-d59cb1c4-ad97-d91a-6731-e7b5f38951a6
2026-10-10 07:08:24.614214,92.214,8,1g.11gb,yolo-inference-755b67b9bb-zbflb,default,yolo,580.178.04,GPU-d59cb1c4-ad97-d91a-6731-e7b5f38951a6
2026-10-10 07:08:24.614214,92.5,9,1g.11gb,yolo-inference-755b67b9bb-6z9g8,default,yolo,580.178.04,GPU-d59cb1c4-ad97-d91a-6731-e7b5f38951a6
2026-10-10 07:08:29.614198,92.124,10,1g.11gb,yolo-inference-755b67b9bb-jvw65,default,yolo,580.178.04,GPU-d59cb1c4-ad97-d91a-6731-e7b5f38951a6
2026-10-10 07:08:29.614198,92.5,11,1g.11gb,yolo-inference-755b67b9bb-tpwv7,default,yolo,580.178.04,GPU-d59cb1c4-ad97-d91a-6731-e7b5f38951a6
2026-10-10 07:08:29.614198,92.214,12,1g.11gb,yolo-inference-755b67b9bb-cmfkj,default,yolo,580.178.04,GPU-d59cb1c4-ad97-d91a-6731-e7b5f38951a6
2026-10-10 07:08:29.614198,92.559,13,1g.11gb,yolo-inference-755b67b9bb-7kvtl,default,yolo,580.178.04,GPU-d59cb1c4-ad97-d91a-6731-e7b5f38951a6
2026-10-10 07:08:29.614198,92.162,7,1g.11gb,yolo-inference-755b67b9bb-6w2jk,default,yolo,580.178.04,GPU-d59cb1c4-ad97-d91a-6731-e7b5f38951a6
2026-10-10 07:08:29.614198,92.214,8,1g.11gb,yolo-inference-755b67b9bb-zbflb,default,yolo,580.178.04,GPU-d59cb1c4-ad97-d91a-6731-e7b5f38951a6
2026-10-10 07:08:29.614198,92.5,9,1g.11gb,yolo-inference-755b67b9bb-6z9g8,default,yolo,580.178.04,GPU-d59cb1c4-ad97-d91a-6731-e7b5f38951a6
2026-10-10 07:08:34.614201,92.124,10,1g.11gb,yolo-inference-755b67b9bb-jvw65,default,yolo,580.178.04,GPU-d59cb1c4-ad97-d91a-6731-e7b5f38951a6
2026-10-10 07:08:34.614201,92.5,11,1g.11gb,yolo-inference-755b67b9bb-tpwv7,default,yolo,580.178.04,GPU-d59cb1c4-ad97-d91a-6731-e7b5f38951a6
2026-10-10 07:08:34.614201,92.214,12,1g.11gb,yolo-inference-755b67b9bb-cmfkj,default,yolo,580.178.04,GPU-d59cb1c4-ad97-d91a-6731-e7b5f38951a6
2026-10-10 07:08:34.614201,92.559,13,1g.11gb,yolo-inference-755b67b9bb-7kvtl,default,yolo,580.178.04,GPU-d59cb1c4-ad97-d91a-6731-e7b5f38951a6
2026-10-10 07:08:34.614201,92.162,7,1g.11gb,yolo-inference-755b67b9bb-6w2jk,default,yolo,580.178.04,GPU-d59cb1c4-ad97-d91a-6731-e7b5f38951a6
2026-10-10 07:08:34.614201,92.214,8,1g.11gb,yolo-inference-755b67b9bb-zbflb,default,yolo,580.178.04,GPU-d59cb1c4-ad97-d91a-6731-e7b5f38951a6
2026-10-10 07:08:34.614201,92.5,9,1g.11gb,yolo-inference-755b67b9bb-6z9g8,default,yolo,580.178.04,GPU-d59cb1c4-ad97-d91a-6731-e7b5f38951a6
2026-10-10 07:08:39.614278,92.124,10,1g.11gb,yolo-inference-755b67b9bb-jvw65,default,yolo,580.178.04,GPU-d59cb1c4-ad97-d91a-6731-e7b5f38951a6
2026-10-10 07:08:39.614278,92.5,11,1g.11gb,yolo-inference-755b67b9bb-tpwv7,default,yolo,580.178.04,GPU-d59cb1c4-ad97-d91a-6731-e7b5f38951a6
2026-10-10 07:08:39.614278,92.214,12,1g.11gb,yolo-inference-755b67b9bb-cmfkj,default,yolo,580.178.04,GPU-d59cb1c4-ad97-d91a-6731-e7b5f38951a6
2026-10-10 07:08:39.614278,92.559,13,1g.11gb,yolo-inference-755b67b9bb-7kvtl,default,yolo,580.178.04,GPU-d59cb1c4-ad97-d91a-6731-e7b5f38951a6
2026-10-10 07:08:39.614278,92.162,7,1g.11gb,yolo-inference-755b67b9bb-6w2jk,default,yolo,580.178.04,GPU-d59cb1c4-ad97-d91a-6731-e7b5f38951a6
2026-10-10 07:08:39.614278,92.214,8,1g.11gb,yolo-inference-755b67b9bb-zbflb,default,yolo,580.178.04,GPU-d59cb1c4-ad97-d91a-6731-e7b5f38951a6
2026-10-10 07:08:39.614278,92.5,9,1g.11gb,yolo-inference-755b67b9bb-6z9g8,default,yolo,580.178.04,GPU-d59cb1c4-ad97-d91a-6731-e7b5f38951a6
2026-10-10 07:08:44.614201,92.338,10,1g.11gb,yolo-inference-755b67b9bb-jvw65,default,yolo,580.178.04,GPU-d59cb1c4-ad97-d91a-6731-e7b5f38951a6
2026-10-10 07:08:44.614201,92.39,11,1g.11gb,yolo-inference-755b67b9bb-tpwv7,default,yolo,580.178.04,GPU-d59cb1c4-ad97-d91a-6731-e7b5f38951a6
2026-10-10 07:08:44.614201,92.357,12,1g.11gb,yolo-inference-755b67b9bb-cmfkj,default,yolo,580.178.04,GPU-d59cb1c4-ad97-d91a-6731-e7b5f38951a6
2026-10-10 07:08:44.614201,92.363,13,1g.11gb,yolo-inference-755b67b9bb-7kvtl,default,yolo,580.178.04,GPU-d59cb1c4-ad97-d91a-6731-e7b5f38951a6
2026-10-10 07:08:44.614201,92.234,7,1g.11gb,yolo-inference-755b67b9bb-6w2jk,default,yolo,580.178.04,GPU-d59cb1c4-ad97-d91a-6731-e7b5f38951a6
2026-10-10 07:08:44.614201,92.357,8,1g.11gb,yolo-inference-755b67b9bb-zbflb,default,yolo,580.178.04,GPU-d59cb1c4-ad97-d91a-6731-e7b5f38951a6
2026-10-10 07:08:44.614201,92.273,9,1g.11gb,yolo-inference-755b67b9bb-6z9g8,default,yolo,580.178.04,GPU-d59cb1c4-ad97-d91a-6731-e7b5f38951a6
2026-10-10 07:08:49.614166,92.338,10,1g.11gb,yolo-inference-755b67b9bb-jvw65,default,yolo,580.178.04,GPU-d59cb1c4-ad97-d91a-6731-e7b5f38951a6
2026-10-10 07:08:49.614166,92.39,11,1g.11gb,yolo-inference-755b67b9bb-tpwv7,default,yolo,580.178.04,GPU-d59cb1c4-ad97-d91a-6731-e7b5f38951a6
2026-10-10 07:08:49.614166,92.357,12,1g.11gb,yolo-inference-755b67b9bb-cmfkj,default,yolo,580.178.04,GPU-d59cb1c4-ad97-d91a-6731-e7b5f38951a6
2026-10-10 07:08:49.614166,92.363,13,1g.11gb,yolo-inference-755b67b9bb-7kvtl,default,yolo,580.178.04,GPU-d59cb1c4-ad97-d91a-6731-e7b5f38951a6
2026-10-10 07:08:49.614166,92.234,7,1g.11gb,yolo-inference-755b67b9bb-6w2jk,default,yolo,580.178.04,GPU-d59cb1c4-ad97-d91a-6731-e7b5f38951a6
2026-10-10 07:08:49.614166,92.357,8,1g.11gb,yolo-inference-755b67b9bb-zbflb,default,yolo,580.178.04,GPU-d59cb1c4-ad97-d91a-6731-e7b5f38951a6
2026-10-10 07:08:49.614166,92.273,9,1g.11gb,yolo-inference-755b67b9bb-6z9g8,default,yolo,580.178.04,GPU-d59cb1c4-ad97-d91a-6731-e7b5f38951a6
2026-10-10 07:08:54.614204,92.338,10,1g.11gb,yolo-inference-755b67b9bb-jvw65,default,yolo,580.178.04,GPU-d59cb1c4-ad97-d91a-6731-e7b5f38951a6
2026-10-10 07:08:54.614204,92.39,11,1g.11gb,yolo-inference-755b67b9bb-tpwv7,default,yolo,580.178.04,GPU-d59cb1c4-ad97-d91a-6731-e7b5f38951a6
2026-10-10 07:08:54.614204,92.357,12,1g.11gb,yolo-inference-755b67b9bb-cmfkj,default,yolo,580.178.04,GPU-d59cb1c4-ad97-d91a-6731-e7b5f38951a6
2026-10-10 07:08:54.614204,92.363,13,1g.11gb,yolo-inference-755b67b9bb-7kvtl,default,yolo,580.178.04,GPU-d59cb1c4-ad97-d91a-6731-e7b5f38951a6
2026-10-10 07:08:54.614204,92.234,7,1g.11gb,yolo-inference-755b67b9bb-6w2jk,default,yolo,580.178.04,GPU-d59cb1c4-ad97-d91a-6731-e7b5f38951a6
2026-10-10 07:08:54.614204,92.357,8,1g.11gb,yolo-inference-755b67b9bb-zbflb,default,yolo,580.178.04,GPU-d59cb1c4-ad97-d91a-6731-e7b5f38951a6
2026-10-10 07:08:54.614204,92.273,9,1g.11gb,yolo-inference-755b67b9bb-6z9g8,default,yolo,580.178.04,GPU-d59cb1c4-ad97-d91a-6731-e7b5f38951a6
2026-10-10 07:08:59.614195,92.338,10,1g.11gb,yolo-inference-755b67b9bb-jvw65,default,yolo,580.178.04,GPU-d59cb1c4-ad97-d91a-6731-e7b5f38951a6
2026-10-10 07:08:59.614195,92.39,11,1g.11gb,yolo-inference-755b67b9bb-tpwv7,default,yolo,580.178.04,GPU-d59cb1c4-ad97-d91a-6731-e7b5f38951a6
2026-10-10 07:08:59.614195,92.357,12,1g.11gb,yolo-inference-755b67b9bb-cmfkj,default,yolo,580.178.04,GPU-d59cb1c4-ad97-d91a-6731-e7b5f38951a6
2026-10-10 07:08:59.614195,92.363,13,1g.11gb,yolo-inference-755b67b9bb-7kvtl,default,yolo,580.178.04,GPU-d59cb1c4-ad97-d91a-6731-e7b5f38951a6
2026-10-10 07:08:59.614195,92.234,7,1g.11gb,yolo-inference-755b67b9bb-6w2jk,default,yolo,580.178.04,GPU-d59cb1c4-ad97-d91a-6731-e7b5f38951a6
2026-10-10 07:08:59.614195,92.357,8,1g.11gb,yolo-inference-755b67b9bb-zbflb,default,yolo,580.178.04,GPU-d59cb1c4-ad97-d91a-6731-e7b5f38951a6
2026-10-10 07:08:59.614195,92.273,9,1g.11gb,yolo-inference-755b67b9bb-6z9g8,default,yolo,580.178.04,GPU-d59cb1c4-ad97-d91a-6731-e7b5f38951a6
2026-10-10 07:09:04.609431,92.338,10,1g.11gb,yolo-inference-755b67b9bb-jvw65,default,yolo,580.178.04,GPU-d59cb1c4-ad97-d91a-6731-e7b5f38951a6
2026-10-10 07:09:04.609431,92.39,11,1g.11gb,yolo-inference-755b67b9bb-tpwv7,default,yolo,580.178.04,GPU-d59cb1c4-ad97-d91a-6731-e7b5f38951a6
2026-10-10 07:09:04.609431,92.357,12,1g.11gb,yolo-inference-755b67b9bb-cmfkj,default,yolo,580.178.04,GPU-d59cb1c4-ad97-d91a-6731-e7b5f38951a6
2026-10-10 07:09:04.609431,92.363,13,1g.11gb,yolo-inference-755b67b9bb-7kvtl,default,yolo,580.178.04,GPU-d59cb1c4-ad97-d91a-6731-e7b5f38951a6
2026-10-10 07:09:04.609431,92.234,7,1g.11gb,yolo-inference-755b67b9bb-6w2jk,default,yolo,580.178.04,GPU-d59cb1c4-ad97-d91a-6731-e7b5f38951a6
2026-10-10 07:09:04.609431,92.357,8,1g.11gb,yolo-inference-755b67b9bb-zbflb,default,yolo,580.178.04,GPU-d59cb1c4-ad97-d91a-6731-e7b5f38951a6
2026-10-10 07:09:04.609431,92.273,9,1g.11gb,yolo-inference-755b67b9bb-6z9g8,default,yolo,580.178.04,GPU-d59cb1c4-ad97-d91a-6731-e7b5f38951a6
2026-10-10 07:09:09.614194,92.338,10,1g.11gb,yolo-inference-755b67b9bb-jvw65,default,yolo,580.178.04,GPU-d59cb1c4-ad97-d91a-6731-e7b5f38951a6
2026-10-10 07:09:09.614194,92.39,11,1g.11gb,yolo-inference-755b67b9bb-tpwv7,default,yolo,580.178.04,GPU-d59cb1c4-ad97-d91a-6731-e7b5f38951a6
2026-10-10 07:09:09.614194,92.357,12,1g.11gb,yolo-inference-755b67b9bb-cmfkj,default,yolo,580.178.04,GPU-d59cb1c4-ad97-d91a-6731-e7b5f38951a6
2026-10-10 07:09:09.614194,92.363,13,1g.11gb,yolo-inference-755b67b9bb-7kvtl,default,yolo,580.178.04,GPU-d59cb1c4-ad97-d91a-6731-e7b5f38951a6
2026-10-10 07:09:09.614194,92.234,7,1g.11gb,yolo-inference-755b67b9bb-6w2jk,default,yolo,580.178.04,GPU-d59cb1c4-ad97-d91a-6731-e7b5f38951a6
2026-10-10 07:09:09.614194,92.357,8,1g.11gb,yolo-inference-755b67b9bb-zbflb,default,yolo,580.178.04,GPU-d59cb1c4-ad97-d91a-6731-e7b5f38951a6
2026-10-10 07:09:09.614194,92.273,9,1g.11gb,yolo-inference-755b67b9bb-6z9g8,default,yolo,580.178.04,GPU-d59cb1c4-ad97-d91a-6731-e7b5f38951a6
2026-10-10 07:09:14.612011,92.231,10,1g.11gb,yolo-inference-755b67b9bb-jvw65,default,yolo,580.178.04,GPU-d59cb1c4-ad97-d91a-6731-e7b5f38951a6
2026-10-10 07:09:14.612011,92.275,11,1g.11gb,yolo-inference-755b67b9bb-tpwv7,default,yolo,580.178.04,GPU-d59cb1c4-ad97-d91a-6731-e7b5f38951a6
2026-10-10 07:09:14.612011,92.299,12,1g.11gb,yolo-inference-755b67b9bb-cmfkj,default,yolo,580.178.04,GPU-d59cb1c4-ad97-d91a-6731-e7b5f38951a6
2026-10-10 07:09:14.612011,92.244,13,1g.11gb,yolo-inference-755b67b9bb-7kvtl,default,yolo,580.178.04,GPU-d59cb1c4-ad97-d91a-6731-e7b5f38951a6
2026-10-10 07:09:14.612011,92.177,7,1g.11gb,yolo-inference-755b67b9bb-6w2jk,default,yolo,580.178.04,GPU-d59cb1c4-ad97-d91a-6731-e7b5f38951a6
2026-10-10 07:09:14.612011,92.299,8,1g.11gb,yolo-inference-755b67b9bb-zbflb,default,yolo,580.178.04,GPU-d59cb1c4-ad97-d91a-6731-e7b5f38951a6
2026-10-10 07:09:14.612011,92.363,9,1g.11gb,yolo-inference-755b67b9bb-6z9g8,default,yolo,580.178.04,GPU-d59cb1c4-ad97-d91a-6731-e7b5f38951a6
2026-10-10 07:09:19.614217,92.231,10,1g.11gb,yolo-inference-755b67b9bb-jvw65,default,yolo,580.178.04,GPU-d59cb1c4-ad97-d91a-6731-e7b5f38951a6
2026-10-10 07:09:19.614217,92.275,11,1g.11gb,yolo-inference-755b67b9bb-tpwv7,default,yolo,580.178.04,GPU-d59cb1c4-ad97-d91a-6731-e7b5f38951a6
2026-10-10 07:09:19.614217,92.299,12,1g.11gb,yolo-inference-755b67b9bb-cmfkj,default,yolo,580.178.04,GPU-d59cb1c4-ad97-d91a-6731-e7b5f38951a6
2026-10-10 07:09:19.614217,92.244,13,1g.11gb,yolo-inference-755b67b9bb-7kvtl,default,yolo,580.178.04,GPU-d59cb1c4-ad97-d91a-6731-e7b5f38951a6
2026-10-10 07:09:19.614217,92.177,7,1g.11gb,yolo-inference-755b67b9bb-6w2jk,default,yolo,580.178.04,GPU-d59cb1c4-ad97-d91a-6731-e7b5f38951a6
2026-10-10 07:09:19.614217,92.299,8,1g.11gb,yolo-inference-755b67b9bb-zbflb,default,yolo,580.178.04,GPU-d59cb1c4-ad97-d91a-6731-e7b5f38951a6
2026-10-10 07:09:19.614217,92.363,9,1g.11gb,yolo-inference-755b67b9bb-6z9g8,default,yolo,580.178.04,GPU-d59cb1c4-ad97-d91a-6731-e7b5f38951a6
2026-10-10 07:09:24.614017,92.231,10,1g.11gb,yolo-inference-755b67b9bb-jvw65,default,yolo,580.178.04,GPU-d59cb1c4-ad97-d91a-6731-e7b5f38951a6
2026-10-10 07:09:24.614017,92.275,11,1g.11gb,yolo-inference-755b67b9bb-tpwv7,default,yolo,580.178.04,GPU-d59cb1c4-ad97-d91a-6731-e7b5f38951a6
2026-10-10 07:09:24.614017,92.299,12,1g.11gb,yolo-inference-755b67b9bb-cmfkj,default,yolo,580.178.04,GPU-d59cb1c4-ad97-d91a-6731-e7b5f38951a6
2026-10-10 07:09:24.614017,92.244,13,1g.11gb,yolo-inference-755b67b9bb-7kvtl,default,yolo,580.178.04,GPU-d59cb1c4-ad97-d91a-6731-e7b5f38951a6
2026-10-10 07:09:24.614017,92.177,7,1g.11gb,yolo-inference-755b67b9bb-6w2jk,default,yolo,580.178.04,GPU-d59cb1c4-ad97-d91a-6731-e7b5f38951a6
2026-10-10 07:09:24.614017,92.299,8,1g.11gb,yolo-inference-755b67b9bb-zbflb,default,yolo,580.178.04,GPU-d59cb1c4-ad97-d91a-6731-e7b5f38951a6
2026-10-10 07:09:24.614017,92.363,9,1g.11gb,yolo-inference-755b67b9bb-6z9g8,default,yolo,580.178.04,GPU-d59cb1c4-ad97-d91a-6731-e7b5f38951a6
2026-10-10 07:09:29.614224,92.231,10,1g.11gb,yolo-inference-755b67b9bb-jvw65,default,yolo,580.178.04,GPU-d59cb1c4-ad97-d91a-6731-e7b5f38951a6
2026-10-10 07:09:29.614224,92.275,11,1g.11gb,yolo-inference-755b67b9bb-tpwv7,default,yolo,580.178.04,GPU-d59cb1c4-ad97-d91a-6731-e7b5f38951a6
2026-10-10 07:09:29.614224,92.299,12,1g.11gb,yolo-inference-755b67b9bb-cmfkj,default,yolo,580.178.04,GPU-d59cb1c4-ad97-d91a-6731-e7b5f38951a6
2026-10-10 07:09:29.614224,92.244,13,1g.11gb,yolo-inference-755b67b9bb-7kvtl,default,yolo,580.178.04,GPU-d59cb1c4-ad97-d91a-6731-e7b5f38951a6
2026-10-10 07:09:29.614224,92.177,7,1g.11gb,yolo-inference-755b67b9bb-6w2jk,default,yolo,580.178.04,GPU-d59cb1c4-ad97-d91a-6731-e7b5f38951a6
2026-10-10 07:09:29.614224,92.299,8,1g.11gb,yolo-inference-755b67b9bb-zbflb,default,yolo,580.178.04,GPU-d59cb1c4-ad97-d91a-6731-e7b5f38951a6
2026-10-10 07:09:29.614224,92.363,9,1g.11gb,yolo-inference-755b67b9bb-6z9g8,default,yolo,580.178.04,GPU-d59cb1c4-ad97-d91a-6731-e7b5f38951a6
2026-10-10 07:09:34.614235,92.231,10,1g.11gb,yolo-inference-755b67b9bb-jvw65,default,yolo,580.178.04,GPU-d59cb1c4-ad97-d91a-6731-e7b5f38951a6
2026-10-10 07:09:34.614235,92.275,11,1g.11gb,yolo-inference-755b67b9bb-tpwv7,default,yolo,580.178.04,GPU-d59cb1c4-ad97-d91a-6731-e7b5f38951a6
2026-10-10 07:09:34.614235,92.299,12,1g.11gb,yolo-inference-755b67b9bb-cmfkj,default,yolo,580.178.04,GPU-d59cb1c4-ad97-d91a-6731-e7b5f38951a6
2026-10-10 07:09:34.614235,92.244,13,1g.11gb,yolo-inference-755b67b9bb-7kvtl,default,yolo,580.178.04,GPU-d59cb1c4-ad97-d91a-6731-e7b5f38951a6
2026-10-10 07:09:34.614235,92.177,7,1g.11gb,yolo-inference-755b67b9bb-6w2jk,default,yolo,580.178.04,GPU-d59cb1c4-ad97-d91a-6731-e7b5f38951a6
2026-10-10 07:09:34.614235,92.299,8,1g.11gb,yolo-inference-755b67b9bb-zbflb,default,yolo,580.178.04,GPU-d59cb1c4-ad97-d91a-6731-e7b5f38951a6
2026-10-10 07:09:34.614235,92.363,9,1g.11gb,yolo-inference-755b67b9bb-6z9g8,default,yolo,580.178.04,GPU-d59cb1c4-ad97-d91a-6731-e7b5f38951a6
2026-10-10 07:09:39.614199,92.231,10,1g.11gb,yolo-inference-755b67b9bb-jvw65,default,yolo,580.178.04,GPU-d59cb1c4-ad97-d91a-6731-e7b5f38951a6
2026-10-10 07:09:39.614199,92.275,11,1g.11gb,yolo-inference-755b67b9bb-tpwv7,default,yolo,580.178.04,GPU-d59cb1c4-ad97-d91a-6731-e7b5f38951a6
2026-10-10 07:09:39.614199,92.299,12,1g.11gb,yolo-inference-755b67b9bb-cmfkj,default,yolo,580.178.04,GPU-d59cb1c4-ad97-d91a-6731-e7b5f38951a6
2026-10-10 07:09:39.614199,92.244,13,1g.11gb,yolo-inference-755b67b9bb-7kvtl,default,yolo,580.178.04,GPU-d59cb1c4-ad97-d91a-6731-e7b5f38951a6
2026-10-10 07:09:39.614199,92.177,7,1g.11gb,yolo-inference-755b67b9bb-6w2jk,default,yolo,580.178.04,GPU-d59cb1c4-ad97-d91a-6731-e7b5f38951a6
2026-10-10 07:09:39.614199,92.299,8,1g.11gb,yolo-inference-755b67b9bb-zbflb,default,yolo,580.178.04,GPU-d59cb1c4-ad97-d91a-6731-e7b5f38951a6
2026-10-10 07:09:39.614199,92.363,9,1g.11gb,yolo-inference-755b67b9bb-6z9g8,default,yolo,580.178.04,GPU-d59cb1c4-ad97-d91a-6731-e7b5f38951a6
2026-10-10 07:09:44.609817,92.204,10,1g.11gb,yolo-inference-755b67b9bb-jvw65,default,yolo,580.178.04,GPU-d59cb1c4-ad97-d91a-6731-e7b5f38951a6
2026-10-10 07:09:44.609817,92.714,11,1g.11gb,yolo-inference-755b67b9bb-tpwv7,default,yolo,580.178.04,GPU-d59cb1c4-ad97-d91a-6731-e7b5f38951a6
2026-10-10 07:09:44.609817,92.671,12,1g.11gb,yolo-inference-755b67b9bb-cmfkj,default,yolo,580.178.04,GPU-d59cb1c4-ad97-d91a-6731-e7b5f38951a6
2026-10-10 07:09:44.609817,92.545,13,1g.11gb,yolo-inference-755b67b9bb-7kvtl,default,yolo,580.178.04,GPU-d59cb1c4-ad97-d91a-6731-e7b5f38951a6
2026-10-10 07:09:44.609817,92.272,7,1g.11gb,yolo-inference-755b67b9bb-6w2jk,default,yolo,580.178.04,GPU-d59cb1c4-ad97-d91a-6731-e7b5f38951a6
2026-10-10 07:09:44.609817,92.671,8,1g.11gb,yolo-inference-755b67b9bb-zbflb,default,yolo,580.178.04,GPU-d59cb1c4-ad97-d91a-6731-e7b5f38951a6
2026-10-10 07:09:44.609817,92.7,9,1g.11gb,yolo-inference-755b67b9bb-6z9g8,default,yolo,580.178.04,GPU-d59cb1c4-ad97-d91a-6731-e7b5f38951a6
2026-10-10 07:09:49.611768,92.204,10,1g.11gb,yolo-inference-755b67b9bb-jvw65,default,yolo,580.178.04,GPU-d59cb1c4-ad97-d91a-6731-e7b5f38951a6
2026-10-10 07:09:49.611768,92.714,11,1g.11gb,yolo-inference-755b67b9bb-tpwv7,default,yolo,580.178.04,GPU-d59cb1c4-ad97-d91a-6731-e7b5f38951a6
2026-10-10 07:09:49.611768,92.671,12,1g.11gb,yolo-inference-755b67b9bb-cmfkj,default,yolo,580.178.04,GPU-d59cb1c4-ad97-d91a-6731-e7b5f38951a6
2026-10-10 07:09:49.611768,92.545,13,1g.11gb,yolo-inference-755b67b9bb-7kvtl,default,yolo,580.178.04,GPU-d59cb1c4-ad97-d91a-6731-e7b5f38951a6
2026-10-10 07:09:49.611768,92.272,7,1g.11gb,yolo-inference-755b67b9bb-6w2jk,default,yolo,580.178.04,GPU-d59cb1c4-ad97-d91a-6731-e7b5f38951a6
2026-10-10 07:09:49.611768,92.671,8,1g.11gb,yolo-inference-755b67b9bb-zbflb,default,yolo,580.178.04,GPU-d59cb1c4-ad97-d91a-6731-e7b5f38951a6
2026-10-10 07:09:49.611768,92.7,9,1g.11gb,yolo-inference-755b67b9bb-6z9g8,default,yolo,580.178.04,GPU-d59cb1c4-ad97-d91a-6731-e7b5f38951a6
