timestamp,value,DCGM_FI_DRIVER_VERSION,Hostname,UUID,container,device,gpu,instance,job,modelName,namespace,pci_bus_id,pod
2026-08-15 17:22:35.462422,11007,580.173.02,devlab,GPU-d59cb1c4-ad97-d91a-6731-e7b5f38951a6,,nvidia0,0,10.244.76.99:9400,dcgm-exporter,NVIDIA H100 NVL,,,
2026-08-15 17:22:40.467408,11007,580.173.02,devlab,GPU-d59cb1c4-ad97-d91a-6731-e7b5f38951a6,,nvidia0,0,10.244.76.99:9400,dcgm-exporter,NVIDIA H100 NVL,,,
2026-08-15 17:22:45.463982,11007,580.173.02,devlab,GPU-d59cb1c4-ad97-d91a-6731-e7b5f38951a6,,nvidia0,0,10.244.76.99:9400,dcgm-exporter,NVIDIA H100 NVL,,,
2026-08-15 17:22:50.467404,11007,580.173.02,devlab,GPU-d59cb1c4-ad97-d91a-6731-e7b5f38951a6,,nvidia0,0,10.244.76.99:9400,dcgm-exporter,NVIDIA H100 NVL,,,
2026-08-15 17:22:55.466697,11007,580.173.02,devlab,GPU-d59cb1c4-ad97-d91a-6731-e7b5f38951a6,,nvidia0,0,10.244.76.99:9400,dcgm-exporter,NVIDIA H100 NVL,,,
2026-08-15 17:23:00.464115,11007,580.173.02,devlab,GPU-d59cb1c4-ad97-d91a-6731-e7b5f38951a6,,nvidia0,0,10.244.76.99:9400,dcgm-exporter,NVIDIA H100 NVL,,,
2026-08-15 17:23:05.467410,11007,580.173.02,devlab,GPU-d59cb1c4-ad97-d91a-6731-e7b5f38951a6,,nvidia0,0,10.244.76.99:9400,dcgm-exporter,NVIDIA H100 NVL,,,
2026-08-15 17:23:10.464938,11007,580.173.02,devlab,GPU-d59cb1c4-ad97-d91a-6731-e7b5f38951a6,,nvidia0,0,10.244.76.99:9400,dcgm-exporter,NVIDIA H100 NVL,,,
2026-08-15 17:23:15.464033,11007,580.173.02,devlab,GPU-d59cb1c4-ad97-d91a-6731-e7b5f38951a6,,nvidia0,0,10.244.76.99:9400,dcgm-exporter,NVIDIA H100 NVL,,,
2026-08-15 17:23:20.463007,11007,580.173.02,devlab,GPU-d59cb1c4-ad97-d91a-6731-e7b5f38951a6,,nvidia0,0,10.244.76.99:9400,dcgm-exporter,NVIDIA H100 NVL,,,
2026-08-15 17:23:25.464191,11007,580.173.02,devlab,GPU-d59cb1c4-ad97-d91a-6731-e7b5f38951a6,,nvidia0,0,10.244.76.99:9400,dcgm-exporter,NVIDIA H100 NVL,,,
2026-08-15 17:23:30.464942,11007,580.173.02,devlab,GPU-d59cb1c4-ad97-d91a-6731-e7b5f38951a6,,nvidia0,0,10.244.76.99:9400,dcgm-exporter,NVIDIA H100 NVL,,,
2026-08-15 17:23:35.467416,11007,580.173.02,devlab,GPU-d59cb1c4-ad97-d91a-6731-e7b5f38951a6,,nvidia0,0,10.244.76.99:9400,dcgm-exporter,NVIDIA H100 NVL,,,
2026-08-15 17:23:40.467453,11007,580.173.02,devlab,GPU-d59cb1c4-ad97-d91a-6731-e7b5f38951a6,,nvidia0,0,10.244.76.99:9400,dcgm-exporter,NVIDIA H100 NVL,,,
2026-08-15 17:23:45.464388,11007,580.173.02,devlab,GPU-d59cb1c4-ad97-d91a-6731-e7b5f38951a6,,nvidia0,0,10.244.76.99:9400,dcgm-exporter,NVIDIA H100 NVL,,,
2026-08-15 17:23:50.466914,11007,580.173.02,devlab,GPU-d59cb1c4-ad97-d91a-6731-e7b5f38951a6,,nvidia0,0,10.244.76.99:9400,dcgm-exporter,NVIDIA H100 NVL,,,
2026-08-15 17:23:55.463724,11007,580.173.02,devlab,GPU-d59cb1c4-ad97-d91a-6731-e7b5f38951a6,,nvidia0,0,10.244.76.99:9400,dcgm-exporter,NVIDIA H100 NVL,,,
2026-08-15 17:24:00.467449,11007,580.173.02,devlab,GPU-d59cb1c4-ad97-d91a-6731-e7b5f38951a6,,nvidia0,0,10.244.76.99:9400,dcgm-exporter,NVIDIA H100 NVL,,,
2026-08-15 17:24:05.467441,11007,580.173.02,devlab,GPU-d59cb1c4-ad97-d91a-6731-e7b5f38951a6,,nvidia0,0,10.244.76.99:9400,dcgm-exporter,NVIDIA H100 NVL,,,
2026-08-15 17:24:10.467421,11007,580.173.02,devlab,GPU-d59cb1c4-ad97-d91a-6731-e7b5f38951a6,,nvidia0,0,10.244.76.99:9400,dcgm-exporter,NVIDIA H100 NVL,,,
2026-08-15 17:24:15.465860,11007,580.173.02,devlab,GPU-d59cb1c4-ad97-d91a-6731-e7b5f38951a6,,nvidia0,0,10.244.76.99:9400,dcgm-exporter,NVIDIA H100 NVL,,,
2026-08-15 17:24:20.467414,11007,580.173.02,devlab,GPU-d59cb1c4-ad97-d91a-6731-e7b5f38951a6,,nvidia0,0,10.244.76.99:9400,dcgm-exporter,NVIDIA H100 NVL,,,
2026-08-15 17:24:25.463257,11007,580.173.02,devlab,GPU-d59cb1c4-ad97-d91a-6731-e7b5f38951a6,,nvidia0,0,10.244.76.99:9400,dcgm-exporter,NVIDIA H100 NVL,,,
2026-08-15 17:24:30.463887,11007,580.173.02,devlab,GPU-d59cb1c4-ad97-d91a-6731-e7b5f38951a6,,nvidia0,0,10.244.76.99:9400,dcgm-exporter,NVIDIA H100 NVL,,,
2026-08-15 17:24:35.464899,11007,580.173.02,devlab,GPU-d59cb1c4-ad97-d91a-6731-e7b5f38951a6,,nvidia0,0,10.244.76.99:9400,dcgm-exporter,NVIDIA H100 NVL,,,
2026-08-15 17:24:40.465819,11007,580.173.02,devlab,GPU-d59cb1c4-ad97-d91a-6731-e7b5f38951a6,,nvidia0,0,10.244.76.99:9400,dcgm-exporter,NVIDIA H100 NVL,,,
2026-08-15 17:24:45.463413,11007,580.173.02,devlab,GPU-d59cb1c4-ad97-d91a-6731-e7b5f38951a6,,nvidia0,0,10.244.76.99:9400,dcgm-exporter,NVIDIA H100 NVL,,,
2026-08-15 17:24:50.467421,11007,580.173.02,devlab,GPU-d59cb1c4-ad97-d91a-6731-e7b5f38951a6,,nvidia0,0,10.244.76.99:9400,dcgm-exporter,NVIDIA H100 NVL,,,
2026-08-15 17:24:55.467428,11007,580.173.02,devlab,GPU-d59cb1c4-ad97-d91a-6731-e7b5f38951a6,,nvidia0,0,10.244.76.99:9400,dcgm-exporter,NVIDIA H100 NVL,,,
2026-08-15 17:25:00.467410,11007,580.173.02,devlab,GPU-d59cb1c4-ad97-d91a-6731-e7b5f38951a6,,nvidia0,0,10.244.76.99:9400,dcgm-exporter,NVIDIA H100 NVL,,,
2026-08-15 17:25:05.463553,11007,580.173.02,devlab,GPU-d59cb1c4-ad97-d91a-6731-e7b5f38951a6,,nvidia0,0,10.244.76.99:9400,dcgm-exporter,NVIDIA H100 NVL,,,
2026-08-15 17:25:10.467400,11007,580.173.02,devlab,GPU-d59cb1c4-ad97-d91a-6731-e7b5f38951a6,,nvidia0,0,10.244.76.99:9400,dcgm-exporter,NVIDIA H100 NVL,,,
2026-08-15 17:25:15.463513,11007,580.173.02,devlab,GPU-d59cb1c4-ad97-d91a-6731-e7b5f38951a6,,nvidia0,0,10.244.76.99:9400,dcgm-exporter,NVIDIA H100 NVL,,,
2026-08-15 17:25:20.467441,11007,580.173.02,devlab,GPU-d59cb1c4-ad97-d91a-6731-e7b5f38951a6,,nvidia0,0,10.244.76.99:9400,dcgm-exporter,NVIDIA H100 NVL,,,
2026-08-15 17:25:25.464981,11007,580.173.02,devlab,GPU-d59cb1c4-ad97-d91a-6731-e7b5f38951a6,,nvidia0,0,10.244.76.99:9400,dcgm-exporter,NVIDIA H100 NVL,,,
2026-08-15 17:25:30.467076,11007,580.173.02,devlab,GPU-d59cb1c4-ad97-d91a-6731-e7b5f38951a6,,nvidia0,0,10.244.76.99:9400,dcgm-exporter,NVIDIA H100 NVL,,,
2026-08-15 17:25:35.463447,11007,580.173.02,devlab,GPU-d59cb1c4-ad97-d91a-6731-e7b5f38951a6,,nvidia0,0,10.244.76.99:9400,dcgm-exporter,NVIDIA H100 NVL,,,
2026-08-15 17:25:40.467416,11007,580.173.02,devlab,GPU-d59cb1c4-ad97-d91a-6731-e7b5f38951a6,,nvidia0,0,10.244.76.99:9400,dcgm-exporter,NVIDIA H100 NVL,,,
2026-08-15 17:25:45.467414,11007,580.173.02,devlab,GPU-d59cb1c4-ad97-d91a-6731-e7b5f38951a6,,nvidia0,0,10.244.76.99:9400,dcgm-exporter,NVIDIA H100 NVL,,,
2026-08-15 17:25:50.463047,11007,580.173.02,devlab,GPU-d59cb1c4-ad97-d91a-6731-e7b5f38951a6,,nvidia0,0,10.244.76.99:9400,dcgm-exporter,NVIDIA H100 NVL,,,
2026-08-15 17:25:55.464964,11007,580.173.02,devlab,GPU-d59cb1c4-ad97-d91a-6731-e7b5f38951a6,,nvidia0,0,10.244.76.99:9400,dcgm-exporter,NVIDIA H100 NVL,,,
2026-08-15 17:26:00.466892,11007,580.173.02,devlab,GPU-d59cb1c4-ad97-d91a-6731-e7b5f38951a6,,nvidia0,0,10.244.76.99:9400,dcgm-exporter,NVIDIA H100 NVL,,,
2026-08-15 17:26:05.466620,11007,580.173.02,devlab,GPU-d59cb1c4-ad97-d91a-6731-e7b5f38951a6,,nvidia0,0,10.244.76.99:9400,dcgm-exporter,NVIDIA H100 NVL,,,
2026-08-15 17:26:10.465947,11007,580.173.02,devlab,GPU-d59cb1c4-ad97-d91a-6731-e7b5f38951a6,,nvidia0,0,10.244.76.99:9400,dcgm-exporter,NVIDIA H100 NVL,,,
2026-08-15 17:26:15.467049,11007,580.173.02,devlab,GPU-d59cb1c4-ad97-d91a-6731-e7b5f38951a6,,nvidia0,0,10.244.76.99:9400,dcgm-exporter,NVIDIA H100 NVL,,,
2026-08-15 17:26:20.467457,11007,580.173.02,devlab,GPU-d59cb1c4-ad97-d91a-6731-e7b5f38951a6,,nvidia0,0,10.244.76.99:9400,dcgm-exporter,NVIDIA H100 NVL,,,
2026-08-15 17:26:25.467413,11007,580.173.02,devlab,GPU-d59cb1c4-ad97-d91a-6731-e7b5f38951a6,,nvidia0,0,10.244.76.99:9400,dcgm-exporter,NVIDIA H100 NVL,,,
2026-08-15 17:26:30.467411,11007,580.173.02,devlab,GPU-d59cb1c4-ad97-d91a-6731-e7b5f38951a6,,nvidia0,0,10.244.76.99:9400,dcgm-exporter,NVIDIA H100 NVL,,,
2026-08-15 17:26:35.463604,11007,580.173.02,devlab,GPU-d59cb1c4-ad97-d91a-6731-e7b5f38951a6,,nvidia0,0,10.244.76.99:9400,dcgm-exporter,NVIDIA H100 NVL,,,
2026-08-15 17:26:40.467426,11007,580.173.02,devlab,GPU-d59cb1c4-ad97-d91a-6731-e7b5f38951a6,,nvidia0,0,10.244.76.99:9400,dcgm-exporter,NVIDIA H100 NVL,,,
2026-08-15 17:26:45.467419,11007,580.173.02,devlab,GPU-d59cb1c4-ad97-d91a-6731-e7b5f38951a6,,nvidia0,0,10.244.76.99:9400,dcgm-exporter,NVIDIA H100 NVL,,,
2026-08-15 17:26:50.467427,11007,580.173.02,devlab,GPU-d59cb1c4-ad97-d91a-6731-e7b5f38951a6,,nvidia0,0,10.244.76.99:9400,dcgm-exporter,NVIDIA H100 NVL,,,
2026-08-15 17:26:55.467408,11007,580.173.02,devlab,GPU-d59cb1c4-ad97-d91a-6731-e7b5f38951a6,,nvidia0,0,10.244.76.99:9400,dcgm-exporter,NVIDIA H100 NVL,,,
2026-08-15 17:27:00.463895,11007,580.173.02,devlab,GPU-d59cb1c4-ad97-d91a-6731-e7b5f38951a6,,nvidia0,0,10.244.76.99:9400,dcgm-exporter,NVIDIA H100 NVL,,,
2026-08-15 17:27:05.464932,11007,580.173.02,devlab,GPU-d59cb1c4-ad97-d91a-6731-e7b5f38951a6,,nvidia0,0,10.244.76.99:9400,dcgm-exporter,NVIDIA H100 NVL,,,
2026-08-15 17:27:10.463708,11007,580.173.02,devlab,GPU-d59cb1c4-ad97-d91a-6731-e7b5f38951a6,,nvidia0,0,10.244.76.99:9400,dcgm-exporter,NVIDIA H100 NVL,,,
2026-08-15 17:27:15.467486,11007,580.173.02,devlab,GPU-d59cb1c4-ad97-d91a-6731-e7b5f38951a6,,nvidia0,0,10.244.76.99:9400,dcgm-exporter,NVIDIA H100 NVL,,,
2026-08-15 17:27:20.467413,11007,580.173.02,devlab,GPU-d59cb1c4-ad97-d91a-6731-e7b5f38951a6,,nvidia0,0,10.244.76.99:9400,dcgm-exporter,NVIDIA H100 NVL,,,
2026-08-15 17:27:25.467484,11007,580.173.02,devlab,GPU-d59cb1c4-ad97-d91a-6731-e7b5f38951a6,,nvidia0,0,10.244.76.99:9400,dcgm-exporter,NVIDIA H100 NVL,,,
2026-08-15 17:27:30.465568,11007,580.173.02,devlab,GPU-d59cb1c4-ad97-d91a-6731-e7b5f38951a6,,nvidia0,0,10.244.76.99:9400,dcgm-exporter,NVIDIA H100 NVL,,,
2026-08-15 17:27:35.467449,11007,580.173.02,devlab,GPU-d59cb1c4-ad97-d91a-6731-e7b5f38951a6,,nvidia0,0,10.244.76.99:9400,dcgm-exporter,NVIDIA H100 NVL,,,
2026-08-15 17:27:40.465228,11007,580.173.02,devlab,GPU-d59cb1c4-ad97-d91a-6731-e7b5f38951a6,,nvidia0,0,10.244.76.99:9400,dcgm-exporter,NVIDIA H100 NVL,,,
2026-08-15 17:27:45.467449,11007,580.173.02,devlab,GPU-d59cb1c4-ad97-d91a-6731-e7b5f38951a6,,nvidia0,0,10.244.76.99:9400,dcgm-exporter,NVIDIA H100 NVL,,,
2026-08-15 17:27:50.464032,11007,580.173.02,devlab,GPU-d59cb1c4-ad97-d91a-6731-e7b5f38951a6,,nvidia0,0,10.244.76.99:9400,dcgm-exporter,NVIDIA H100 NVL,,,
2026-08-15 17:27:55.467424,11007,580.173.02,devlab,GPU-d59cb1c4-ad97-d91a-6731-e7b5f38951a6,,nvidia0,0,10.244.76.99:9400,dcgm-exporter,NVIDIA H100 NVL,,,
2026-08-15 17:28:00.466449,11007,580.173.02,devlab,GPU-d59cb1c4-ad97-d91a-6731-e7b5f38951a6,,nvidia0,0,10.244.76.99:9400,dcgm-exporter,NVIDIA H100 NVL,,,
2026-08-15 17:28:05.466885,11007,580.173.02,devlab,GPU-d59cb1c4-ad97-d91a-6731-e7b5f38951a6,,nvidia0,0,10.244.76.99:9400,dcgm-exporter,NVIDIA H100 NVL,,,
2026-08-15 17:28:10.467405,11007,580.173.02,devlab,GPU-d59cb1c4-ad97-d91a-6731-e7b5f38951a6,,nvidia0,0,10.244.76.99:9400,dcgm-exporter,NVIDIA H100 NVL,,,
2026-08-15 17:28:15.467435,11007,580.173.02,devlab,GPU-d59cb1c4-ad97-d91a-6731-e7b5f38951a6,,nvidia0,0,10.244.76.99:9400,dcgm-exporter,NVIDIA H100 NVL,,,
2026-08-15 17:28:20.467408,11007,580.173.02,devlab,GPU-d59cb1c4-ad97-d91a-6731-e7b5f38951a6,,nvidia0,0,10.244.76.99:9400,dcgm-exporter,NVIDIA H100 NVL,,,
2026-08-15 17:28:25.467404,11007,580.173.02,devlab,GPU-d59cb1c4-ad97-d91a-6731-e7b5f38951a6,,nvidia0,0,10.244.76.99:9400,dcgm-exporter,NVIDIA H100 NVL,,,
2026-08-15 17:28:30.463463,11007,580.173.02,devlab,GPU-d59cb1c4-ad97-d91a-6731-e7b5f38951a6,,nvidia0,0,10.244.76.99:9400,dcgm-exporter,NVIDIA H100 NVL,,,
2026-08-15 17:28:35.463216,11007,580.173.02,devlab,GPU-d59cb1c4-ad97-d91a-6731-e7b5f38951a6,,nvidia0,0,10.244.76.99:9400,dcgm-exporter,NVIDIA H100 NVL,,,
2026-08-15 17:28:40.464967,11007,580.173.02,devlab,GPU-d59cb1c4-ad97-d91a-6731-e7b5f38951a6,,nvidia0,0,10.244.76.99:9400,dcgm-exporter,NVIDIA H100 NVL,,,
2026-08-15 17:28:45.467422,11007,580.173.02,devlab,GPU-d59cb1c4-ad97-d91a-6731-e7b5f38951a6,,nvidia0,0,10.244.76.99:9400,dcgm-exporter,NVIDIA H100 NVL,,,
2026-08-15 17:28:50.467077,11007,580.173.02,devlab,GPU-d59cb1c4-ad97-d91a-6731-e7b5f38951a6,,nvidia0,0,10.244.76.99:9400,dcgm-exporter,NVIDIA H100 NVL,,,
2026-08-15 17:28:55.464974,11007,580.173.02,devlab,GPU-d59cb1c4-ad97-d91a-6731-e7b5f38951a6,,nvidia0,0,10.244.76.99:9400,dcgm-exporter,NVIDIA H100 NVL,,,
2026-08-15 17:29:00.466894,11007,580.173.02,devlab,GPU-d59cb1c4-ad97-d91a-6731-e7b5f38951a6,,nvidia0,0,10.244.76.99:9400,dcgm-exporter,NVIDIA H100 NVL,,,
2026-08-15 17:29:05.466877,11007,580.173.02,devlab,GPU-d59cb1c4-ad97-d91a-6731-e7b5f38951a6,,nvidia0,0,10.244.76.99:9400,dcgm-exporter,NVIDIA H100 NVL,,,
2026-08-15 17:29:10.466900,11007,580.173.02,devlab,GPU-d59cb1c4-ad97-d91a-6731-e7b5f38951a6,,nvidia0,0,10.244.76.99:9400,dcgm-exporter,NVIDIA H100 NVL,,,
2026-08-15 17:29:15.465672,11007,580.173.02,devlab,GPU-d59cb1c4-ad97-d91a-6731-e7b5f38951a6,,nvidia0,0,10.244.76.99:9400,dcgm-exporter,NVIDIA H100 NVL,,,
2026-08-15 17:29:20.467423,11007,580.173.02,devlab,GPU-d59cb1c4-ad97-d91a-6731-e7b5f38951a6,,nvidia0,0,10.244.76.99:9400,dcgm-exporter,NVIDIA H100 NVL,,,
2026-08-15 17:29:25.467454,11007,580.173.02,devlab,GPU-d59cb1c4-ad97-d91a-6731-e7b5f38951a6,,nvidia0,0,10.244.76.99:9400,dcgm-exporter,NVIDIA H100 NVL,,,
2026-08-15 17:29:30.466903,11007,580.173.02,devlab,GPU-d59cb1c4-ad97-d91a-6731-e7b5f38951a6,,nvidia0,0,10.244.76.99:9400,dcgm-exporter,NVIDIA H100 NVL,,,
2026-08-15 17:29:35.467432,11007,580.173.02,devlab,GPU-d59cb1c4-ad97-d91a-6731-e7b5f38951a6,,nvidia0,0,10.244.76.99:9400,dcgm-exporter,NVIDIA H100 NVL,,,
2026-08-15 17:29:40.467410,11007,580.173.02,devlab,GPU-d59cb1c4-ad97-d91a-6731-e7b5f38951a6,,nvidia0,0,10.244.76.99:9400,dcgm-exporter,NVIDIA H100 NVL,,,
2026-08-15 17:29:45.463557,11007,580.173.02,devlab,GPU-d59cb1c4-ad97-d91a-6731-e7b5f38951a6,,nvidia0,0,10.244.76.99:9400,dcgm-exporter,NVIDIA H100 NVL,,,
2026-08-15 17:29:50.467433,11007,580.173.02,devlab,GPU-d59cb1c4-ad97-d91a-6731-e7b5f38951a6,,nvidia0,0,10.244.76.99:9400,dcgm-exporter,NVIDIA H100 NVL,,,
2026-08-15 17:29:55.467457,11007,580.173.02,devlab,GPU-d59cb1c4-ad97-d91a-6731-e7b5f38951a6,,nvidia0,0,10.244.76.99:9400,dcgm-exporter,NVIDIA H100 NVL,,,
2026-08-15 17:30:00.467415,11007,580.173.02,devlab,GPU-d59cb1c4-ad97-d91a-6731-e7b5f38951a6,,nvidia0,0,10.244.76.99:9400,dcgm-exporter,NVIDIA H100 NVL,,,
2026-08-15 17:30:05.463410,11007,580.173.02,devlab,GPU-d59cb1c4-ad97-d91a-6731-e7b5f38951a6,,nvidia0,0,10.244.76.99:9400,dcgm-exporter,NVIDIA H100 NVL,,,
2026-08-15 17:30:10.467421,11007,580.173.02,devlab,GPU-d59cb1c4-ad97-d91a-6731-e7b5f38951a6,,nvidia0,0,10.244.76.99:9400,dcgm-exporter,NVIDIA H100 NVL,,,
2026-08-15 17:30:15.466883,11007,580.173.02,devlab,GPU-d59cb1c4-ad97-d91a-6731-e7b5f38951a6,,nvidia0,0,10.244.76.99:9400,dcgm-exporter,NVIDIA H100 NVL,,,
2026-08-15 17:30:20.464324,11007,580.173.02,devlab,GPU-d59cb1c4-ad97-d91a-6731-e7b5f38951a6,,nvidia0,0,10.244.76.99:9400,dcgm-exporter,NVIDIA H100 NVL,,,
2026-08-15 17:30:25.467428,11007,580.173.02,devlab,GPU-d59cb1c4-ad97-d91a-6731-e7b5f38951a6,,nvidia0,0,10.244.76.99:9400,dcgm-exporter,NVIDIA H100 NVL,,,
2026-08-15 17:30:30.464086,11007,580.173.02,devlab,GPU-d59cb1c4-ad97-d91a-6731-e7b5f38951a6,,nvidia0,0,10.244.76.99:9400,dcgm-exporter,NVIDIA H100 NVL,,,
2026-08-15 17:30:35.467448,11007,580.173.02,devlab,GPU-d59cb1c4-ad97-d91a-6731-e7b5f38951a6,,nvidia0,0,10.244.76.99:9400,dcgm-exporter,NVIDIA H100 NVL,,,
2026-08-15 17:30:40.467412,11007,580.173.02,devlab,GPU-d59cb1c4-ad97-d91a-6731-e7b5f38951a6,,nvidia0,0,10.244.76.99:9400,dcgm-exporter,NVIDIA H100 NVL,,,
2026-08-15 17:30:45.466943,11007,580.173.02,devlab,GPU-d59cb1c4-ad97-d91a-6731-e7b5f38951a6,,nvidia0,0,10.244.76.99:9400,dcgm-exporter,NVIDIA H100 NVL,,,
2026-08-15 17:30:50.467866,11007,580.173.02,devlab,GPU-d59cb1c4-ad97-d91a-6731-e7b5f38951a6,,nvidia0,0,10.244.76.99:9400,dcgm-exporter,NVIDIA H100 NVL,,,
2026-08-15 17:30:55.463545,11007,580.173.02,devlab,GPU-d59cb1c4-ad97-d91a-6731-e7b5f38951a6,,nvidia0,0,10.244.76.99:9400,dcgm-exporter,NVIDIA H100 NVL,,,
2026-08-15 17:31:00.463362,11007,580.173.02,devlab,GPU-d59cb1c4-ad97-d91a-6731-e7b5f38951a6,,nvidia0,0,10.244.76.99:9400,dcgm-exporter,NVIDIA H100 NVL,,,
2026-08-15 17:31:05.467420,11007,580.173.02,devlab,GPU-d59cb1c4-ad97-d91a-6731-e7b5f38951a6,,nvidia0,0,10.244.76.99:9400,dcgm-exporter,NVIDIA H100 NVL,,,
2026-08-15 17:31:10.467414,11007,580.173.02,devlab,GPU-d59cb1c4-ad97-d91a-6731-e7b5f38951a6,,nvidia0,0,10.244.76.99:9400,dcgm-exporter,NVIDIA H100 NVL,,,
2026-08-15 17:31:15.467425,11007,580.173.02,devlab,GPU-d59cb1c4-ad97-d91a-6731-e7b5f38951a6,,nvidia0,0,10.244.76.99:9400,dcgm-exporter,NVIDIA H100 NVL,,,
2026-08-15 17:31:20.466900,11007,580.173.02,devlab,GPU-d59cb1c4-ad97-d91a-6731-e7b5f38951a6,,nvidia0,0,10.244.76.99:9400,dcgm-exporter,NVIDIA H100 NVL,,,
2026-08-15 17:31:25.463862,11007,580.173.02,devlab,GPU-d59cb1c4-ad97-d91a-6731-e7b5f38951a6,,nvidia0,0,10.244.76.99:9400,dcgm-exporter,NVIDIA H100 NVL,,,
2026-08-15 17:31:30.466896,11007,580.173.02,devlab,GPU-d59cb1c4-ad97-d91a-6731-e7b5f38951a6,,nvidia0,0,10.244.76.99:9400,dcgm-exporter,NVIDIA H100 NVL,,,
2026-08-15 17:31:35.467337,11007,580.173.02,devlab,GPU-d59cb1c4-ad97-d91a-6731-e7b5f38951a6,,nvidia0,0,10.244.76.99:9400,dcgm-exporter,NVIDIA H100 NVL,,,
2026-08-15 17:31:40.466892,11007,580.173.02,devlab,GPU-d59cb1c4-ad97-d91a-6731-e7b5f38951a6,,nvidia0,0,10.244.76.99:9400,dcgm-exporter,NVIDIA H100 NVL,,,
2026-08-15 17:31:45.467500,11007,580.173.02,devlab,GPU-d59cb1c4-ad97-d91a-6731-e7b5f38951a6,,nvidia0,0,10.244.76.99:9400,dcgm-exporter,NVIDIA H100 NVL,,,
2026-08-15 17:31:50.467418,11007,580.173.02,devlab,GPU-d59cb1c4-ad97-d91a-6731-e7b5f38951a6,,nvidia0,0,10.244.76.99:9400,dcgm-exporter,NVIDIA H100 NVL,,,
2026-08-15 17:31:55.467434,11007,580.173.02,devlab,GPU-d59cb1c4-ad97-d91a-6731-e7b5f38951a6,,nvidia0,0,10.244.76.99:9400,dcgm-exporter,NVIDIA H100 NVL,,,
2026-08-15 17:32:00.467395,11007,580.173.02,devlab,GPU-d59cb1c4-ad97-d91a-6731-e7b5f38951a6,,nvidia0,0,10.244.76.99:9400,dcgm-exporter,NVIDIA H100 NVL,,,
2026-08-15 17:32:05.467406,11007,580.173.02,devlab,GPU-d59cb1c4-ad97-d91a-6731-e7b5f38951a6,,nvidia0,0,10.244.76.99:9400,dcgm-exporter,NVIDIA H100 NVL,,,
2026-08-15 17:32:10.467426,11007,580.173.02,devlab,GPU-d59cb1c4-ad97-d91a-6731-e7b5f38951a6,,nvidia0,0,10.244.76.99:9400,dcgm-exporter,NVIDIA H100 NVL,,,
2026-08-15 17:32:15.467393,11007,580.173.02,devlab,GPU-d59cb1c4-ad97-d91a-6731-e7b5f38951a6,,nvidia0,0,10.244.76.99:9400,dcgm-exporter,NVIDIA H100 NVL,,,
2026-08-15 17:32:20.467368,11007,580.173.02,devlab,GPU-d59cb1c4-ad97-d91a-6731-e7b5f38951a6,,nvidia0,0,10.244.76.99:9400,dcgm-exporter,NVIDIA H100 NVL,,,
2026-08-15 17:32:25.465215,11007,580.173.02,devlab,GPU-d59cb1c4-ad97-d91a-6731-e7b5f38951a6,,nvidia0,0,10.244.76.99:9400,dcgm-exporter,NVIDIA H100 NVL,,,
2026-08-15 17:32:30.467386,11007,580.173.02,devlab,GPU-d59cb1c4-ad97-d91a-6731-e7b5f38951a6,,nvidia0,0,10.244.76.99:9400,dcgm-exporter,NVIDIA H100 NVL,,,
2026-08-15 17:32:35.467413,11007,580.173.02,devlab,GPU-d59cb1c4-ad97-d91a-6731-e7b5f38951a6,,nvidia0,0,10.244.76.99:9400,dcgm-exporter,NVIDIA H100 NVL,,,
2026-08-15 17:32:40.464026,11007,580.173.02,devlab,GPU-d59cb1c4-ad97-d91a-6731-e7b5f38951a6,,nvidia0,0,10.244.76.99:9400,dcgm-exporter,NVIDIA H100 NVL,,,
2026-08-15 17:32:45.467384,11007,580.173.02,devlab,GPU-d59cb1c4-ad97-d91a-6731-e7b5f38951a6,,nvidia0,0,10.244.76.99:9400,dcgm-exporter,NVIDIA H100 NVL,,,
2026-08-15 17:32:50.464363,11007,580.173.02,devlab,GPU-d59cb1c4-ad97-d91a-6731-e7b5f38951a6,,nvidia0,0,10.244.76.99:9400,dcgm-exporter,NVIDIA H100 NVL,,,
2026-08-15 17:32:55.467448,11007,580.173.02,devlab,GPU-d59cb1c4-ad97-d91a-6731-e7b5f38951a6,,nvidia0,0,10.244.76.99:9400,dcgm-exporter,NVIDIA H100 NVL,,,
2026-08-15 17:33:00.467373,11007,580.173.02,devlab,GPU-d59cb1c4-ad97-d91a-6731-e7b5f38951a6,,nvidia0,0,10.244.76.99:9400,dcgm-exporter,NVIDIA H100 NVL,,,
2026-08-15 17:33:05.467475,11007,580.173.02,devlab,GPU-d59cb1c4-ad97-d91a-6731-e7b5f38951a6,,nvidia0,0,10.244.76.99:9400,dcgm-exporter,NVIDIA H100 NVL,,,
2026-08-15 17:33:10.466882,11007,580.173.02,devlab,GPU-d59cb1c4-ad97-d91a-6731-e7b5f38951a6,,nvidia0,0,10.244.76.99:9400,dcgm-exporter,NVIDIA H100 NVL,,,
2026-08-15 17:33:15.466892,11007,580.173.02,devlab,GPU-d59cb1c4-ad97-d91a-6731-e7b5f38951a6,,nvidia0,0,10.244.76.99:9400,dcgm-exporter,NVIDIA H100 NVL,,,
2026-08-15 17:33:20.466632,11007,580.173.02,devlab,GPU-d59cb1c4-ad97-d91a-6731-e7b5f38951a6,,nvidia0,0,10.244.76.99:9400,dcgm-exporter,NVIDIA H100 NVL,,,
2026-08-15 17:33:25.467413,11007,580.173.02,devlab,GPU-d59cb1c4-ad97-d91a-6731-e7b5f38951a6,,nvidia0,0,10.244.76.99:9400,dcgm-exporter,NVIDIA H100 NVL,,,
2026-08-15 17:33:30.466884,11007,580.173.02,devlab,GPU-d59cb1c4-ad97-d91a-6731-e7b5f38951a6,,nvidia0,0,10.244.76.99:9400,dcgm-exporter,NVIDIA H100 NVL,,,
2026-08-15 17:33:35.466885,11007,580.173.02,devlab,GPU-d59cb1c4-ad97-d91a-6731-e7b5f38951a6,,nvidia0,0,10.244.76.99:9400,dcgm-exporter,NVIDIA H100 NVL,,,
2026-08-15 17:33:40.467895,11007,580.173.02,devlab,GPU-d59cb1c4-ad97-d91a-6731-e7b5f38951a6,,nvidia0,0,10.244.76.99:9400,dcgm-exporter,NVIDIA H100 NVL,,,
2026-08-15 17:33:45.467396,11007,580.173.02,devlab,GPU-d59cb1c4-ad97-d91a-6731-e7b5f38951a6,,nvidia0,0,10.244.76.99:9400,dcgm-exporter,NVIDIA H100 NVL,,,
2026-08-15 17:33:50.467401,11007,580.173.02,devlab,GPU-d59cb1c4-ad97-d91a-6731-e7b5f38951a6,,nvidia0,0,10.244.76.99:9400,dcgm-exporter,NVIDIA H100 NVL,,,
2026-08-15 17:33:55.467396,11007,580.173.02,devlab,GPU-d59cb1c4-ad97-d91a-6731-e7b5f38951a6,,nvidia0,0,10.244.76.99:9400,dcgm-exporter,NVIDIA H100 NVL,,,
2026-08-15 17:34:00.464192,11007,580.173.02,devlab,GPU-d59cb1c4-ad97-d91a-6731-e7b5f38951a6,,nvidia0,0,10.244.76.99:9400,dcgm-exporter,NVIDIA H100 NVL,,,
2026-08-15 17:34:05.467411,11007,580.173.02,devlab,GPU-d59cb1c4-ad97-d91a-6731-e7b5f38951a6,,nvidia0,0,10.244.76.99:9400,dcgm-exporter,NVIDIA H100 NVL,,,
2026-08-15 17:34:10.467407,11007,580.173.02,devlab,GPU-d59cb1c4-ad97-d91a-6731-e7b5f38951a6,,nvidia0,0,10.244.76.99:9400,dcgm-exporter,NVIDIA H100 NVL,,,
2026-08-15 17:34:15.467401,11007,580.173.02,devlab,GPU-d59cb1c4-ad97-d91a-6731-e7b5f38951a6,,nvidia0,0,10.244.76.99:9400,dcgm-exporter,NVIDIA H100 NVL,,,
2026-08-15 17:34:20.467403,11007,580.173.02,devlab,GPU-d59cb1c4-ad97-d91a-6731-e7b5f38951a6,,nvidia0,0,10.244.76.99:9400,dcgm-exporter,NVIDIA H100 NVL,,,
2026-08-15 17:34:25.465929,11007,580.173.02,devlab,GPU-d59cb1c4-ad97-d91a-6731-e7b5f38951a6,,nvidia0,0,10.244.76.99:9400,dcgm-exporter,NVIDIA H100 NVL,,,
2026-08-15 17:34:30.467394,11007,580.173.02,devlab,GPU-d59cb1c4-ad97-d91a-6731-e7b5f38951a6,,nvidia0,0,10.244.76.99:9400,dcgm-exporter,NVIDIA H100 NVL,,,
2026-08-15 17:34:35.467408,11007,580.173.02,devlab,GPU-d59cb1c4-ad97-d91a-6731-e7b5f38951a6,,nvidia0,0,10.244.76.99:9400,dcgm-exporter,NVIDIA H100 NVL,,,
2026-08-15 17:34:40.467422,11007,580.173.02,devlab,GPU-d59cb1c4-ad97-d91a-6731-e7b5f38951a6,,nvidia0,0,10.244.76.99:9400,dcgm-exporter,NVIDIA H100 NVL,,,
2026-08-15 17:34:45.467445,11007,580.173.02,devlab,GPU-d59cb1c4-ad97-d91a-6731-e7b5f38951a6,,nvidia0,0,10.244.76.99:9400,dcgm-exporter,NVIDIA H100 NVL,,,
2026-08-15 17:34:50.466883,11007,580.173.02,devlab,GPU-d59cb1c4-ad97-d91a-6731-e7b5f38951a6,,nvidia0,0,10.244.76.99:9400,dcgm-exporter,NVIDIA H100 NVL,,,
2026-08-15 17:34:55.467396,11007,580.173.02,devlab,GPU-d59cb1c4-ad97-d91a-6731-e7b5f38951a6,,nvidia0,0,10.244.76.99:9400,dcgm-exporter,NVIDIA H100 NVL,,,
2026-08-15 17:35:00.467418,11007,580.173.02,devlab,GPU-d59cb1c4-ad97-d91a-6731-e7b5f38951a6,,nvidia0,0,10.244.76.99:9400,dcgm-exporter,NVIDIA H100 NVL,,,
2026-08-15 17:35:05.467375,11007,580.173.02,devlab,GPU-d59cb1c4-ad97-d91a-6731-e7b5f38951a6,,nvidia0,0,10.244.76.99:9400,dcgm-exporter,NVIDIA H100 NVL,,,
2026-08-15 17:35:10.466999,11007,580.173.02,devlab,GPU-d59cb1c4-ad97-d91a-6731-e7b5f38951a6,,nvidia0,0,10.244.76.99:9400,dcgm-exporter,NVIDIA H100 NVL,,,
2026-08-15 17:35:15.462806,11007,580.173.02,devlab,GPU-d59cb1c4-ad97-d91a-6731-e7b5f38951a6,,nvidia0,0,10.244.76.99:9400,dcgm-exporter,NVIDIA H100 NVL,,,
2026-08-15 17:35:20.467456,11007,580.173.02,devlab,GPU-d59cb1c4-ad97-d91a-6731-e7b5f38951a6,,nvidia0,0,10.244.76.99:9400,dcgm-exporter,NVIDIA H100 NVL,,,
2026-08-15 17:35:25.466133,11007,580.173.02,devlab,GPU-d59cb1c4-ad97-d91a-6731-e7b5f38951a6,,nvidia0,0,10.244.76.99:9400,dcgm-exporter,NVIDIA H100 NVL,,,
2026-08-15 17:35:30.466898,11007,580.173.02,devlab,GPU-d59cb1c4-ad97-d91a-6731-e7b5f38951a6,,nvidia0,0,10.244.76.99:9400,dcgm-exporter,NVIDIA H100 NVL,,,
2026-08-15 17:35:35.467036,11007,580.173.02,devlab,GPU-d59cb1c4-ad97-d91a-6731-e7b5f38951a6,,nvidia0,0,10.244.76.99:9400,dcgm-exporter,NVIDIA H100 NVL,,,
2026-08-15 17:35:40.467049,11007,580.173.02,devlab,GPU-d59cb1c4-ad97-d91a-6731-e7b5f38951a6,,nvidia0,0,10.244.76.99:9400,dcgm-exporter,NVIDIA H100 NVL,,,
2026-08-15 17:35:45.466122,11007,580.173.02,devlab,GPU-d59cb1c4-ad97-d91a-6731-e7b5f38951a6,,nvidia0,0,10.244.76.99:9400,dcgm-exporter,NVIDIA H100 NVL,,,
2026-08-15 17:35:50.467386,11007,580.173.02,devlab,GPU-d59cb1c4-ad97-d91a-6731-e7b5f38951a6,,nvidia0,0,10.244.76.99:9400,dcgm-exporter,NVIDIA H100 NVL,,,
2026-08-15 17:35:55.464763,11007,580.173.02,devlab,GPU-d59cb1c4-ad97-d91a-6731-e7b5f38951a6,,nvidia0,0,10.244.76.99:9400,dcgm-exporter,NVIDIA H100 NVL,,,
2026-08-15 17:36:00.467410,11007,580.173.02,devlab,GPU-d59cb1c4-ad97-d91a-6731-e7b5f38951a6,,nvidia0,0,10.244.76.99:9400,dcgm-exporter,NVIDIA H100 NVL,,,
2026-08-15 17:36:05.466992,11007,580.173.02,devlab,GPU-d59cb1c4-ad97-d91a-6731-e7b5f38951a6,,nvidia0,0,10.244.76.99:9400,dcgm-exporter,NVIDIA H100 NVL,,,
2026-08-15 17:36:10.467348,11007,580.173.02,devlab,GPU-d59cb1c4-ad97-d91a-6731-e7b5f38951a6,,nvidia0,0,10.244.76.99:9400,dcgm-exporter,NVIDIA H100 NVL,,,
2026-08-15 17:36:15.467406,11007,580.173.02,devlab,GPU-d59cb1c4-ad97-d91a-6731-e7b5f38951a6,,nvidia0,0,10.244.76.99:9400,dcgm-exporter,NVIDIA H100 NVL,,,
2026-08-15 17:36:20.463029,11007,580.173.02,devlab,GPU-d59cb1c4-ad97-d91a-6731-e7b5f38951a6,,nvidia0,0,10.244.76.99:9400,dcgm-exporter,NVIDIA H100 NVL,,,
2026-08-15 17:36:25.467489,11007,580.173.02,devlab,GPU-d59cb1c4-ad97-d91a-6731-e7b5f38951a6,,nvidia0,0,10.244.76.99:9400,dcgm-exporter,NVIDIA H100 NVL,,,
2026-08-15 17:36:30.466894,11007,580.173.02,devlab,GPU-d59cb1c4-ad97-d91a-6731-e7b5f38951a6,,nvidia0,0,10.244.76.99:9400,dcgm-exporter,NVIDIA H100 NVL,,,
2026-08-15 17:36:35.467405,11007,580.173.02,devlab,GPU-d59cb1c4-ad97-d91a-6731-e7b5f38951a6,,nvidia0,0,10.244.76.99:9400,dcgm-exporter,NVIDIA H100 NVL,,,
2026-08-15 17:36:40.467415,11007,580.173.02,devlab,GPU-d59cb1c4-ad97-d91a-6731-e7b5f38951a6,,nvidia0,0,10.244.76.99:9400,dcgm-exporter,NVIDIA H100 NVL,,,
2026-08-15 17:36:45.467403,11007,580.173.02,devlab,GPU-d59cb1c4-ad97-d91a-6731-e7b5f38951a6,,nvidia0,0,10.244.76.99:9400,dcgm-exporter,NVIDIA H100 NVL,,,
2026-08-15 17:36:50.466996,11007,580.173.02,devlab,GPU-d59cb1c4-ad97-d91a-6731-e7b5f38951a6,,nvidia0,0,10.244.76.99:9400,dcgm-exporter,NVIDIA H100 NVL,,,
2026-08-15 17:36:55.467355,11007,580.173.02,devlab,GPU-d59cb1c4-ad97-d91a-6731-e7b5f38951a6,,nvidia0,0,10.244.76.99:9400,dcgm-exporter,NVIDIA H100 NVL,,,
2026-08-15 17:37:00.467029,11007,580.173.02,devlab,GPU-d59cb1c4-ad97-d91a-6731-e7b5f38951a6,,nvidia0,0,10.244.76.99:9400,dcgm-exporter,NVIDIA H100 NVL,,,
2026-08-15 17:37:05.466952,11007,580.173.02,devlab,GPU-d59cb1c4-ad97-d91a-6731-e7b5f38951a6,,nvidia0,0,10.244.76.99:9400,dcgm-exporter,NVIDIA H100 NVL,,,
2026-08-15 17:37:10.466949,11007,580.173.02,devlab,GPU-d59cb1c4-ad97-d91a-6731-e7b5f38951a6,,nvidia0,0,10.244.76.99:9400,dcgm-exporter,NVIDIA H100 NVL,,,
2026-08-15 17:37:15.467403,11007,580.173.02,devlab,GPU-d59cb1c4-ad97-d91a-6731-e7b5f38951a6,,nvidia0,0,10.244.76.99:9400,dcgm-exporter,NVIDIA H100 NVL,,,
2026-08-15 17:37:20.463877,11007,580.173.02,devlab,GPU-d59cb1c4-ad97-d91a-6731-e7b5f38951a6,,nvidia0,0,10.244.76.99:9400,dcgm-exporter,NVIDIA H100 NVL,,,
2026-08-15 17:37:25.467352,11007,580.173.02,devlab,GPU-d59cb1c4-ad97-d91a-6731-e7b5f38951a6,,nvidia0,0,10.244.76.99:9400,dcgm-exporter,NVIDIA H100 NVL,,,
2026-08-15 17:37:30.464277,11007,580.173.02,devlab,GPU-d59cb1c4-ad97-d91a-6731-e7b5f38951a6,,nvidia0,0,10.244.76.99:9400,dcgm-exporter,NVIDIA H100 NVL,,,
2026-08-15 17:37:35.467399,11007,580.173.02,devlab,GPU-d59cb1c4-ad97-d91a-6731-e7b5f38951a6,,nvidia0,0,10.244.76.99:9400,dcgm-exporter,NVIDIA H100 NVL,,,
2026-08-15 17:37:40.467367,11007,580.173.02,devlab,GPU-d59cb1c4-ad97-d91a-6731-e7b5f38951a6,,nvidia0,0,10.244.76.99:9400,dcgm-exporter,NVIDIA H100 NVL,,,
2026-08-15 17:37:45.467469,11007,580.173.02,devlab,GPU-d59cb1c4-ad97-d91a-6731-e7b5f38951a6,,nvidia0,0,10.244.76.99:9400,dcgm-exporter,NVIDIA H100 NVL,,,
2026-08-15 17:37:50.466867,11007,580.173.02,devlab,GPU-d59cb1c4-ad97-d91a-6731-e7b5f38951a6,,nvidia0,0,10.244.76.99:9400,dcgm-exporter,NVIDIA H100 NVL,,,
2026-08-15 17:37:55.467397,11007,580.173.02,devlab,GPU-d59cb1c4-ad97-d91a-6731-e7b5f38951a6,,nvidia0,0,10.244.76.99:9400,dcgm-exporter,NVIDIA H100 NVL,,,
2026-08-15 17:38:00.467408,11007,580.173.02,devlab,GPU-d59cb1c4-ad97-d91a-6731-e7b5f38951a6,,nvidia0,0,10.244.76.99:9400,dcgm-exporter,NVIDIA H100 NVL,,,
2026-08-15 17:38:05.465231,11007,580.173.02,devlab,GPU-d59cb1c4-ad97-d91a-6731-e7b5f38951a6,,nvidia0,0,10.244.76.99:9400,dcgm-exporter,NVIDIA H100 NVL,,,
2026-08-15 17:38:10.467399,11007,580.173.02,devlab,GPU-d59cb1c4-ad97-d91a-6731-e7b5f38951a6,,nvidia0,0,10.244.76.99:9400,dcgm-exporter,NVIDIA H100 NVL,,,
2026-08-15 17:38:15.467393,11007,580.173.02,devlab,GPU-d59cb1c4-ad97-d91a-6731-e7b5f38951a6,,nvidia0,0,10.244.76.99:9400,dcgm-exporter,NVIDIA H100 NVL,,,
2026-08-15 17:38:20.466947,11007,580.173.02,devlab,GPU-d59cb1c4-ad97-d91a-6731-e7b5f38951a6,,nvidia0,0,10.244.76.99:9400,dcgm-exporter,NVIDIA H100 NVL,,,
2026-08-15 17:38:25.465255,11007,580.173.02,devlab,GPU-d59cb1c4-ad97-d91a-6731-e7b5f38951a6,,nvidia0,0,10.244.76.99:9400,dcgm-exporter,NVIDIA H100 NVL,,,
2026-08-15 17:38:30.467408,11007,580.173.02,devlab,GPU-d59cb1c4-ad97-d91a-6731-e7b5f38951a6,,nvidia0,0,10.244.76.99:9400,dcgm-exporter,NVIDIA H100 NVL,,,
2026-08-15 17:38:35.467415,11007,580.173.02,devlab,GPU-d59cb1c4-ad97-d91a-6731-e7b5f38951a6,,nvidia0,0,10.244.76.99:9400,dcgm-exporter,NVIDIA H100 NVL,,,
2026-08-15 17:38:40.467404,11007,580.173.02,devlab,GPU-d59cb1c4-ad97-d91a-6731-e7b5f38951a6,,nvidia0,0,10.244.76.99:9400,dcgm-exporter,NVIDIA H100 NVL,,,
2026-08-15 17:38:45.466862,11007,580.173.02,devlab,GPU-d59cb1c4-ad97-d91a-6731-e7b5f38951a6,,nvidia0,0,10.244.76.99:9400,dcgm-exporter,NVIDIA H100 NVL,,,
2026-08-15 17:38:50.467029,11007,580.173.02,devlab,GPU-d59cb1c4-ad97-d91a-6731-e7b5f38951a6,,nvidia0,0,10.244.76.99:9400,dcgm-exporter,NVIDIA H100 NVL,,,
2026-08-15 17:38:55.466913,11007,580.173.02,devlab,GPU-d59cb1c4-ad97-d91a-6731-e7b5f38951a6,,nvidia0,0,10.244.76.99:9400,dcgm-exporter,NVIDIA H100 NVL,,,
2026-08-15 17:39:00.464007,11007,580.173.02,devlab,GPU-d59cb1c4-ad97-d91a-6731-e7b5f38951a6,,nvidia0,0,10.244.76.99:9400,dcgm-exporter,NVIDIA H100 NVL,,,
2026-08-15 17:39:05.466139,11007,580.173.02,devlab,GPU-d59cb1c4-ad97-d91a-6731-e7b5f38951a6,,nvidia0,0,10.244.76.99:9400,dcgm-exporter,NVIDIA H100 NVL,,,
2026-08-15 17:39:10.464941,11007,580.173.02,devlab,GPU-d59cb1c4-ad97-d91a-6731-e7b5f38951a6,,nvidia0,0,10.244.76.99:9400,dcgm-exporter,NVIDIA H100 NVL,,,
2026-08-15 17:39:15.467387,11007,580.173.02,devlab,GPU-d59cb1c4-ad97-d91a-6731-e7b5f38951a6,,nvidia0,0,10.244.76.99:9400,dcgm-exporter,NVIDIA H100 NVL,,,
2026-08-15 17:39:20.467395,11007,580.173.02,devlab,GPU-d59cb1c4-ad97-d91a-6731-e7b5f38951a6,,nvidia0,0,10.244.76.99:9400,dcgm-exporter,NVIDIA H100 NVL,,,
2026-08-15 17:39:25.465636,11007,580.173.02,devlab,GPU-d59cb1c4-ad97-d91a-6731-e7b5f38951a6,,nvidia0,0,10.244.76.99:9400,dcgm-exporter,NVIDIA H100 NVL,,,
2026-08-15 17:39:30.467381,11007,580.173.02,devlab,GPU-d59cb1c4-ad97-d91a-6731-e7b5f38951a6,,nvidia0,0,10.244.76.99:9400,dcgm-exporter,NVIDIA H100 NVL,,,
2026-08-15 17:39:35.467416,11007,580.173.02,devlab,GPU-d59cb1c4-ad97-d91a-6731-e7b5f38951a6,,nvidia0,0,10.244.76.99:9400,dcgm-exporter,NVIDIA H100 NVL,,,
2026-08-15 17:39:40.467475,11007,580.173.02,devlab,GPU-d59cb1c4-ad97-d91a-6731-e7b5f38951a6,,nvidia0,0,10.244.76.99:9400,dcgm-exporter,NVIDIA H100 NVL,,,
2026-08-15 17:39:45.467484,11007,580.173.02,devlab,GPU-d59cb1c4-ad97-d91a-6731-e7b5f38951a6,,nvidia0,0,10.244.76.99:9400,dcgm-exporter,NVIDIA H100 NVL,,,
2026-08-15 17:39:50.465928,11007,580.173.02,devlab,GPU-d59cb1c4-ad97-d91a-6731-e7b5f38951a6,,nvidia0,0,10.244.76.99:9400,dcgm-exporter,NVIDIA H100 NVL,,,
2026-08-15 17:39:55.467017,11007,580.173.02,devlab,GPU-d59cb1c4-ad97-d91a-6731-e7b5f38951a6,,nvidia0,0,10.244.76.99:9400,dcgm-exporter,NVIDIA H100 NVL,,,
2026-08-15 17:40:00.466954,11007,580.173.02,devlab,GPU-d59cb1c4-ad97-d91a-6731-e7b5f38951a6,,nvidia0,0,10.244.76.99:9400,dcgm-exporter,NVIDIA H100 NVL,,,
2026-08-15 17:40:05.467376,11007,580.173.02,devlab,GPU-d59cb1c4-ad97-d91a-6731-e7b5f38951a6,,nvidia0,0,10.244.76.99:9400,dcgm-exporter,NVIDIA H100 NVL,,,
2026-08-15 17:40:10.467402,11007,580.173.02,devlab,GPU-d59cb1c4-ad97-d91a-6731-e7b5f38951a6,,nvidia0,0,10.244.76.99:9400,dcgm-exporter,NVIDIA H100 NVL,,,
2026-08-15 17:40:15.463897,11007,580.173.02,devlab,GPU-d59cb1c4-ad97-d91a-6731-e7b5f38951a6,,nvidia0,0,10.244.76.99:9400,dcgm-exporter,NVIDIA H100 NVL,,,
2026-08-15 17:40:20.467342,11007,580.173.02,devlab,GPU-d59cb1c4-ad97-d91a-6731-e7b5f38951a6,,nvidia0,0,10.244.76.99:9400,dcgm-exporter,NVIDIA H100 NVL,,,
2026-08-15 17:40:25.467402,11007,580.173.02,devlab,GPU-d59cb1c4-ad97-d91a-6731-e7b5f38951a6,,nvidia0,0,10.244.76.99:9400,dcgm-exporter,NVIDIA H100 NVL,,,
2026-08-15 17:40:30.467411,11007,580.173.02,devlab,GPU-d59cb1c4-ad97-d91a-6731-e7b5f38951a6,,nvidia0,0,10.244.76.99:9400,dcgm-exporter,NVIDIA H100 NVL,,,
2026-08-15 17:40:35.467354,11007,580.173.02,devlab,GPU-d59cb1c4-ad97-d91a-6731-e7b5f38951a6,,nvidia0,0,10.244.76.99:9400,dcgm-exporter,NVIDIA H100 NVL,,,
2026-08-15 17:40:40.467418,11007,580.173.02,devlab,GPU-d59cb1c4-ad97-d91a-6731-e7b5f38951a6,,nvidia0,0,10.244.76.99:9400,dcgm-exporter,NVIDIA H100 NVL,,,
2026-08-15 17:40:45.467402,11007,580.173.02,devlab,GPU-d59cb1c4-ad97-d91a-6731-e7b5f38951a6,,nvidia0,0,10.244.76.99:9400,dcgm-exporter,NVIDIA H100 NVL,,,
2026-08-15 17:40:50.467415,11007,580.173.02,devlab,GPU-d59cb1c4-ad97-d91a-6731-e7b5f38951a6,,nvidia0,0,10.244.76.99:9400,dcgm-exporter,NVIDIA H100 NVL,,,
2026-08-15 17:40:55.466945,11007,580.173.02,devlab,GPU-d59cb1c4-ad97-d91a-6731-e7b5f38951a6,,nvidia0,0,10.244.76.99:9400,dcgm-exporter,NVIDIA H100 NVL,,,
2026-08-15 17:41:00.466935,11007,580.173.02,devlab,GPU-d59cb1c4-ad97-d91a-6731-e7b5f38951a6,,nvidia0,0,10.244.76.99:9400,dcgm-exporter,NVIDIA H100 NVL,,,
2026-08-15 17:41:05.466935,11007,580.173.02,devlab,GPU-d59cb1c4-ad97-d91a-6731-e7b5f38951a6,,nvidia0,0,10.244.76.99:9400,dcgm-exporter,NVIDIA H100 NVL,,,
2026-08-15 17:41:10.466883,11007,580.173.02,devlab,GPU-d59cb1c4-ad97-d91a-6731-e7b5f38951a6,,nvidia0,0,10.244.76.99:9400,dcgm-exporter,NVIDIA H100 NVL,,,
2026-08-15 17:41:15.467411,11007,580.173.02,devlab,GPU-d59cb1c4-ad97-d91a-6731-e7b5f38951a6,,nvidia0,0,10.244.76.99:9400,dcgm-exporter,NVIDIA H100 NVL,,,
2026-08-15 17:41:20.464852,11007,580.173.02,devlab,GPU-d59cb1c4-ad97-d91a-6731-e7b5f38951a6,,nvidia0,0,10.244.76.99:9400,dcgm-exporter,NVIDIA H100 NVL,,,
2026-08-15 17:41:25.467599,11007,580.173.02,devlab,GPU-d59cb1c4-ad97-d91a-6731-e7b5f38951a6,,nvidia0,0,10.244.76.99:9400,dcgm-exporter,NVIDIA H100 NVL,,,
2026-08-15 17:41:30.467416,11007,580.173.02,devlab,GPU-d59cb1c4-ad97-d91a-6731-e7b5f38951a6,,nvidia0,0,10.244.76.99:9400,dcgm-exporter,NVIDIA H100 NVL,,,
2026-08-15 17:41:35.467410,11007,580.173.02,devlab,GPU-d59cb1c4-ad97-d91a-6731-e7b5f38951a6,,nvidia0,0,10.244.76.99:9400,dcgm-exporter,NVIDIA H100 NVL,,,
2026-08-15 17:41:40.462635,11007,580.173.02,devlab,GPU-d59cb1c4-ad97-d91a-6731-e7b5f38951a6,,nvidia0,0,10.244.76.99:9400,dcgm-exporter,NVIDIA H100 NVL,,,
2026-08-15 17:41:45.466949,11007,580.173.02,devlab,GPU-d59cb1c4-ad97-d91a-6731-e7b5f38951a6,,nvidia0,0,10.244.76.99:9400,dcgm-exporter,NVIDIA H100 NVL,,,
2026-08-15 17:41:50.466901,11007,580.173.02,devlab,GPU-d59cb1c4-ad97-d91a-6731-e7b5f38951a6,,nvidia0,0,10.244.76.99:9400,dcgm-exporter,NVIDIA H100 NVL,,,
2026-08-15 17:41:55.466889,11007,580.173.02,devlab,GPU-d59cb1c4-ad97-d91a-6731-e7b5f38951a6,,nvidia0,0,10.244.76.99:9400,dcgm-exporter,NVIDIA H100 NVL,,,
2026-08-15 17:42:00.467355,11007,580.173.02,devlab,GPU-d59cb1c4-ad97-d91a-6731-e7b5f38951a6,,nvidia0,0,10.244.76.99:9400,dcgm-exporter,NVIDIA H100 NVL,,,
2026-08-15 17:42:05.466171,11007,580.173.02,devlab,GPU-d59cb1c4-ad97-d91a-6731-e7b5f38951a6,,nvidia0,0,10.244.76.99:9400,dcgm-exporter,NVIDIA H100 NVL,,,
2026-08-15 17:42:10.466940,11007,580.173.02,devlab,GPU-d59cb1c4-ad97-d91a-6731-e7b5f38951a6,,nvidia0,0,10.244.76.99:9400,dcgm-exporter,NVIDIA H100 NVL,,,
2026-08-15 17:42:15.467902,11007,580.173.02,devlab,GPU-d59cb1c4-ad97-d91a-6731-e7b5f38951a6,,nvidia0,0,10.244.76.99:9400,dcgm-exporter,NVIDIA H100 NVL,,,
2026-08-15 17:42:20.467432,11007,580.173.02,devlab,GPU-d59cb1c4-ad97-d91a-6731-e7b5f38951a6,,nvidia0,0,10.244.76.99:9400,dcgm-exporter,NVIDIA H100 NVL,,,
2026-08-15 17:42:25.466887,11007,580.173.02,devlab,GPU-d59cb1c4-ad97-d91a-6731-e7b5f38951a6,,nvidia0,0,10.244.76.99:9400,dcgm-exporter,NVIDIA H100 NVL,,,
2026-08-15 17:42:30.466891,11007,580.173.02,devlab,GPU-d59cb1c4-ad97-d91a-6731-e7b5f38951a6,,nvidia0,0,10.244.76.99:9400,dcgm-exporter,NVIDIA H100 NVL,,,
2026-08-15 17:42:35.462996,11007,580.173.02,devlab,GPU-d59cb1c4-ad97-d91a-6731-e7b5f38951a6,,nvidia0,0,10.244.76.99:9400,dcgm-exporter,NVIDIA H100 NVL,,,
2026-08-15 17:42:40.467393,11007,580.173.02,devlab,GPU-d59cb1c4-ad97-d91a-6731-e7b5f38951a6,,nvidia0,0,10.244.76.99:9400,dcgm-exporter,NVIDIA H100 NVL,,,
2026-08-15 17:42:45.465699,11007,580.173.02,devlab,GPU-d59cb1c4-ad97-d91a-6731-e7b5f38951a6,,nvidia0,0,10.244.76.99:9400,dcgm-exporter,NVIDIA H100 NVL,,,
2026-08-15 17:42:50.462963,11007,580.173.02,devlab,GPU-d59cb1c4-ad97-d91a-6731-e7b5f38951a6,,nvidia0,0,10.244.76.99:9400,dcgm-exporter,NVIDIA H100 NVL,,,
2026-08-15 17:42:55.468877,11007,580.173.02,devlab,GPU-d59cb1c4-ad97-d91a-6731-e7b5f38951a6,,nvidia0,0,10.244.76.99:9400,dcgm-exporter,NVIDIA H100 NVL,,,
2026-08-15 17:43:00.467406,11007,580.173.02,devlab,GPU-d59cb1c4-ad97-d91a-6731-e7b5f38951a6,,nvidia0,0,10.244.76.99:9400,dcgm-exporter,NVIDIA H100 NVL,,,
2026-08-15 17:43:05.467872,11007,580.173.02,devlab,GPU-d59cb1c4-ad97-d91a-6731-e7b5f38951a6,,nvidia0,0,10.244.76.99:9400,dcgm-exporter,NVIDIA H100 NVL,,,
2026-08-15 17:43:10.467385,11007,580.173.02,devlab,GPU-d59cb1c4-ad97-d91a-6731-e7b5f38951a6,,nvidia0,0,10.244.76.99:9400,dcgm-exporter,NVIDIA H100 NVL,,,
2026-08-15 17:43:15.467445,11007,580.173.02,devlab,GPU-d59cb1c4-ad97-d91a-6731-e7b5f38951a6,,nvidia0,0,10.244.76.99:9400,dcgm-exporter,NVIDIA H100 NVL,,,
2026-08-15 17:43:20.467562,11007,580.173.02,devlab,GPU-d59cb1c4-ad97-d91a-6731-e7b5f38951a6,,nvidia0,0,10.244.76.99:9400,dcgm-exporter,NVIDIA H100 NVL,,,
2026-08-15 17:43:25.466895,11007,580.173.02,devlab,GPU-d59cb1c4-ad97-d91a-6731-e7b5f38951a6,,nvidia0,0,10.244.76.99:9400,dcgm-exporter,NVIDIA H100 NVL,,,
2026-08-15 17:43:30.467446,11007,580.173.02,devlab,GPU-d59cb1c4-ad97-d91a-6731-e7b5f38951a6,,nvidia0,0,10.244.76.99:9400,dcgm-exporter,NVIDIA H100 NVL,,,
2026-08-15 17:43:35.462882,11007,580.173.02,devlab,GPU-d59cb1c4-ad97-d91a-6731-e7b5f38951a6,,nvidia0,0,10.244.76.99:9400,dcgm-exporter,NVIDIA H100 NVL,,,
2026-08-15 17:43:40.467359,11007,580.173.02,devlab,GPU-d59cb1c4-ad97-d91a-6731-e7b5f38951a6,,nvidia0,0,10.244.76.99:9400,dcgm-exporter,NVIDIA H100 NVL,,,
2026-08-15 17:43:45.467396,11007,580.173.02,devlab,GPU-d59cb1c4-ad97-d91a-6731-e7b5f38951a6,,nvidia0,0,10.244.76.99:9400,dcgm-exporter,NVIDIA H100 NVL,,,
2026-08-15 17:43:50.467411,11007,580.173.02,devlab,GPU-d59cb1c4-ad97-d91a-6731-e7b5f38951a6,,nvidia0,0,10.244.76.99:9400,dcgm-exporter,NVIDIA H100 NVL,,,
2026-08-15 17:43:55.467386,11007,580.173.02,devlab,GPU-d59cb1c4-ad97-d91a-6731-e7b5f38951a6,,nvidia0,0,10.244.76.99:9400,dcgm-exporter,NVIDIA H100 NVL,,,
2026-08-15 17:44:00.467041,11007,580.173.02,devlab,GPU-d59cb1c4-ad97-d91a-6731-e7b5f38951a6,,nvidia0,0,10.244.76.99:9400,dcgm-exporter,NVIDIA H100 NVL,,,
2026-08-15 17:44:05.467394,11007,580.173.02,devlab,GPU-d59cb1c4-ad97-d91a-6731-e7b5f38951a6,,nvidia0,0,10.244.76.99:9400,dcgm-exporter,NVIDIA H100 NVL,,,
2026-08-15 17:44:10.466896,11007,580.173.02,devlab,GPU-d59cb1c4-ad97-d91a-6731-e7b5f38951a6,,nvidia0,0,10.244.76.99:9400,dcgm-exporter,NVIDIA H100 NVL,,,
2026-08-15 17:44:15.467387,11007,580.173.02,devlab,GPU-d59cb1c4-ad97-d91a-6731-e7b5f38951a6,,nvidia0,0,10.244.76.99:9400,dcgm-exporter,NVIDIA H100 NVL,,,
2026-08-15 17:44:20.467413,11007,580.173.02,devlab,GPU-d59cb1c4-ad97-d91a-6731-e7b5f38951a6,,nvidia0,0,10.244.76.99:9400,dcgm-exporter,NVIDIA H100 NVL,,,
2026-08-15 17:44:25.467398,11007,580.173.02,devlab,GPU-d59cb1c4-ad97-d91a-6731-e7b5f38951a6,,nvidia0,0,10.244.76.99:9400,dcgm-exporter,NVIDIA H100 NVL,,,
2026-08-15 17:44:30.467399,11007,580.173.02,devlab,GPU-d59cb1c4-ad97-d91a-6731-e7b5f38951a6,,nvidia0,0,10.244.76.99:9400,dcgm-exporter,NVIDIA H100 NVL,,,
2026-08-15 17:44:35.467036,11007,580.173.02,devlab,GPU-d59cb1c4-ad97-d91a-6731-e7b5f38951a6,,nvidia0,0,10.244.76.99:9400,dcgm-exporter,NVIDIA H100 NVL,,,
2026-08-15 17:44:40.467881,11007,580.173.02,devlab,GPU-d59cb1c4-ad97-d91a-6731-e7b5f38951a6,,nvidia0,0,10.244.76.99:9400,dcgm-exporter,NVIDIA H100 NVL,,,
2026-08-15 17:44:45.466899,11007,580.173.02,devlab,GPU-d59cb1c4-ad97-d91a-6731-e7b5f38951a6,,nvidia0,0,10.244.76.99:9400,dcgm-exporter,NVIDIA H100 NVL,,,
2026-08-15 17:44:50.467324,11007,580.173.02,devlab,GPU-d59cb1c4-ad97-d91a-6731-e7b5f38951a6,,nvidia0,0,10.244.76.99:9400,dcgm-exporter,NVIDIA H100 NVL,,,
2026-08-15 17:44:55.465744,11007,580.173.02,devlab,GPU-d59cb1c4-ad97-d91a-6731-e7b5f38951a6,,nvidia0,0,10.244.76.99:9400,dcgm-exporter,NVIDIA H100 NVL,,,
2026-08-15 17:45:00.465208,11007,580.173.02,devlab,GPU-d59cb1c4-ad97-d91a-6731-e7b5f38951a6,,nvidia0,0,10.244.76.99:9400,dcgm-exporter,NVIDIA H100 NVL,,,
2026-08-15 17:45:05.466286,11007,580.173.02,devlab,GPU-d59cb1c4-ad97-d91a-6731-e7b5f38951a6,,nvidia0,0,10.244.76.99:9400,dcgm-exporter,NVIDIA H100 NVL,,,
2026-08-15 17:45:10.465246,11007,580.173.02,devlab,GPU-d59cb1c4-ad97-d91a-6731-e7b5f38951a6,,nvidia0,0,10.244.76.99:9400,dcgm-exporter,NVIDIA H100 NVL,,,
2026-08-15 17:45:15.467408,11007,580.173.02,devlab,GPU-d59cb1c4-ad97-d91a-6731-e7b5f38951a6,,nvidia0,0,10.244.76.99:9400,dcgm-exporter,NVIDIA H100 NVL,,,
2026-08-15 17:45:20.467404,11007,580.173.02,devlab,GPU-d59cb1c4-ad97-d91a-6731-e7b5f38951a6,,nvidia0,0,10.244.76.99:9400,dcgm-exporter,NVIDIA H100 NVL,,,
2026-08-15 17:45:25.467411,11007,580.173.02,devlab,GPU-d59cb1c4-ad97-d91a-6731-e7b5f38951a6,,nvidia0,0,10.244.76.99:9400,dcgm-exporter,NVIDIA H100 NVL,,,
2026-08-15 17:45:30.467386,11007,580.173.02,devlab,GPU-d59cb1c4-ad97-d91a-6731-e7b5f38951a6,,nvidia0,0,10.244.76.99:9400,dcgm-exporter,NVIDIA H100 NVL,,,
2026-08-15 17:45:35.465190,11007,580.173.02,devlab,GPU-d59cb1c4-ad97-d91a-6731-e7b5f38951a6,,nvidia0,0,10.244.76.99:9400,dcgm-exporter,NVIDIA H100 NVL,,,
2026-08-15 17:45:40.467416,11007,580.173.02,devlab,GPU-d59cb1c4-ad97-d91a-6731-e7b5f38951a6,,nvidia0,0,10.244.76.99:9400,dcgm-exporter,NVIDIA H100 NVL,,,
2026-08-15 17:45:45.467392,11007,580.173.02,devlab,GPU-d59cb1c4-ad97-d91a-6731-e7b5f38951a6,,nvidia0,0,10.244.76.99:9400,dcgm-exporter,NVIDIA H100 NVL,,,
2026-08-15 17:45:50.463976,11007,580.173.02,devlab,GPU-d59cb1c4-ad97-d91a-6731-e7b5f38951a6,,nvidia0,0,10.244.76.99:9400,dcgm-exporter,NVIDIA H100 NVL,,,
2026-08-15 17:45:55.464183,11007,580.173.02,devlab,GPU-d59cb1c4-ad97-d91a-6731-e7b5f38951a6,,nvidia0,0,10.244.76.99:9400,dcgm-exporter,NVIDIA H100 NVL,,,
2026-08-15 17:46:00.466930,11007,580.173.02,devlab,GPU-d59cb1c4-ad97-d91a-6731-e7b5f38951a6,,nvidia0,0,10.244.76.99:9400,dcgm-exporter,NVIDIA H100 NVL,,,
2026-08-15 17:46:05.466156,11007,580.173.02,devlab,GPU-d59cb1c4-ad97-d91a-6731-e7b5f38951a6,,nvidia0,0,10.244.76.99:9400,dcgm-exporter,NVIDIA H100 NVL,,,
2026-08-15 17:46:10.467433,11007,580.173.02,devlab,GPU-d59cb1c4-ad97-d91a-6731-e7b5f38951a6,,nvidia0,0,10.244.76.99:9400,dcgm-exporter,NVIDIA H100 NVL,,,
2026-08-15 17:46:15.467397,11007,580.173.02,devlab,GPU-d59cb1c4-ad97-d91a-6731-e7b5f38951a6,,nvidia0,0,10.244.76.99:9400,dcgm-exporter,NVIDIA H100 NVL,,,
2026-08-15 17:46:20.468879,11007,580.173.02,devlab,GPU-d59cb1c4-ad97-d91a-6731-e7b5f38951a6,,nvidia0,0,10.244.76.99:9400,dcgm-exporter,NVIDIA H100 NVL,,,
2026-08-15 17:46:25.467400,11007,580.173.02,devlab,GPU-d59cb1c4-ad97-d91a-6731-e7b5f38951a6,,nvidia0,0,10.244.76.99:9400,dcgm-exporter,NVIDIA H100 NVL,,,
2026-08-15 17:46:30.467418,11007,580.173.02,devlab,GPU-d59cb1c4-ad97-d91a-6731-e7b5f38951a6,,nvidia0,0,10.244.76.99:9400,dcgm-exporter,NVIDIA H100 NVL,,,
2026-08-15 17:46:35.467412,11007,580.173.02,devlab,GPU-d59cb1c4-ad97-d91a-6731-e7b5f38951a6,,nvidia0,0,10.244.76.99:9400,dcgm-exporter,NVIDIA H100 NVL,,,
2026-08-15 17:46:40.467357,11007,580.173.02,devlab,GPU-d59cb1c4-ad97-d91a-6731-e7b5f38951a6,,nvidia0,0,10.244.76.99:9400,dcgm-exporter,NVIDIA H100 NVL,,,
2026-08-15 17:46:45.467397,11007,580.173.02,devlab,GPU-d59cb1c4-ad97-d91a-6731-e7b5f38951a6,,nvidia0,0,10.244.76.99:9400,dcgm-exporter,NVIDIA H100 NVL,,,
2026-08-15 17:46:50.463719,11007,580.173.02,devlab,GPU-d59cb1c4-ad97-d91a-6731-e7b5f38951a6,,nvidia0,0,10.244.76.99:9400,dcgm-exporter,NVIDIA H100 NVL,,,
2026-08-15 17:46:55.467402,11007,580.173.02,devlab,GPU-d59cb1c4-ad97-d91a-6731-e7b5f38951a6,,nvidia0,0,10.244.76.99:9400,dcgm-exporter,NVIDIA H100 NVL,,,
2026-08-15 17:47:00.466929,11007,580.173.02,devlab,GPU-d59cb1c4-ad97-d91a-6731-e7b5f38951a6,,nvidia0,0,10.244.76.99:9400,dcgm-exporter,NVIDIA H100 NVL,,,
2026-08-15 17:47:05.467397,11007,580.173.02,devlab,GPU-d59cb1c4-ad97-d91a-6731-e7b5f38951a6,,nvidia0,0,10.244.76.99:9400,dcgm-exporter,NVIDIA H100 NVL,,,
2026-08-15 17:47:10.467084,11007,580.173.02,devlab,GPU-d59cb1c4-ad97-d91a-6731-e7b5f38951a6,,nvidia0,0,10.244.76.99:9400,dcgm-exporter,NVIDIA H100 NVL,,,
2026-08-15 17:47:15.463963,11007,580.173.02,devlab,GPU-d59cb1c4-ad97-d91a-6731-e7b5f38951a6,,nvidia0,0,10.244.76.99:9400,dcgm-exporter,NVIDIA H100 NVL,,,
2026-08-15 17:47:20.467054,11007,580.173.02,devlab,GPU-d59cb1c4-ad97-d91a-6731-e7b5f38951a6,,nvidia0,0,10.244.76.99:9400,dcgm-exporter,NVIDIA H100 NVL,,,
2026-08-15 17:47:25.466935,11007,580.173.02,devlab,GPU-d59cb1c4-ad97-d91a-6731-e7b5f38951a6,,nvidia0,0,10.244.76.99:9400,dcgm-exporter,NVIDIA H100 NVL,,,
2026-08-15 17:47:30.467403,11007,580.173.02,devlab,GPU-d59cb1c4-ad97-d91a-6731-e7b5f38951a6,,nvidia0,0,10.244.76.99:9400,dcgm-exporter,NVIDIA H100 NVL,,,
2026-08-15 17:47:35.462923,11007,580.173.02,devlab,GPU-d59cb1c4-ad97-d91a-6731-e7b5f38951a6,,nvidia0,0,10.244.76.99:9400,dcgm-exporter,NVIDIA H100 NVL,,,
2026-08-15 17:47:40.463638,11007,580.173.02,devlab,GPU-d59cb1c4-ad97-d91a-6731-e7b5f38951a6,,nvidia0,0,10.244.76.99:9400,dcgm-exporter,NVIDIA H100 NVL,,,
2026-08-15 17:47:45.467392,11007,580.173.02,devlab,GPU-d59cb1c4-ad97-d91a-6731-e7b5f38951a6,,nvidia0,0,10.244.76.99:9400,dcgm-exporter,NVIDIA H100 NVL,,,
2026-08-15 17:47:50.463425,11007,580.173.02,devlab,GPU-d59cb1c4-ad97-d91a-6731-e7b5f38951a6,,nvidia0,0,10.244.76.99:9400,dcgm-exporter,NVIDIA H100 NVL,,,
2026-08-15 17:47:55.466935,11007,580.173.02,devlab,GPU-d59cb1c4-ad97-d91a-6731-e7b5f38951a6,,nvidia0,0,10.244.76.99:9400,dcgm-exporter,NVIDIA H100 NVL,,,
2026-08-15 17:48:00.466638,11007,580.173.02,devlab,GPU-d59cb1c4-ad97-d91a-6731-e7b5f38951a6,,nvidia0,0,10.244.76.99:9400,dcgm-exporter,NVIDIA H100 NVL,,,
2026-08-15 17:48:05.467412,11007,580.173.02,devlab,GPU-d59cb1c4-ad97-d91a-6731-e7b5f38951a6,,nvidia0,0,10.244.76.99:9400,dcgm-exporter,NVIDIA H100 NVL,,,
2026-08-15 17:48:10.467390,11007,580.173.02,devlab,GPU-d59cb1c4-ad97-d91a-6731-e7b5f38951a6,,nvidia0,0,10.244.76.99:9400,dcgm-exporter,NVIDIA H100 NVL,,,
2026-08-15 17:48:15.464931,11007,580.173.02,devlab,GPU-d59cb1c4-ad97-d91a-6731-e7b5f38951a6,,nvidia0,0,10.244.76.99:9400,dcgm-exporter,NVIDIA H100 NVL,,,
2026-08-15 17:48:20.467414,11007,580.173.02,devlab,GPU-d59cb1c4-ad97-d91a-6731-e7b5f38951a6,,nvidia0,0,10.244.76.99:9400,dcgm-exporter,NVIDIA H100 NVL,,,
2026-08-15 17:48:25.464952,11007,580.173.02,devlab,GPU-d59cb1c4-ad97-d91a-6731-e7b5f38951a6,,nvidia0,0,10.244.76.99:9400,dcgm-exporter,NVIDIA H100 NVL,,,
2026-08-15 17:48:30.462964,11007,580.173.02,devlab,GPU-d59cb1c4-ad97-d91a-6731-e7b5f38951a6,,nvidia0,0,10.244.76.99:9400,dcgm-exporter,NVIDIA H100 NVL,,,
2026-08-15 17:48:35.467408,11007,580.173.02,devlab,GPU-d59cb1c4-ad97-d91a-6731-e7b5f38951a6,,nvidia0,0,10.244.76.99:9400,dcgm-exporter,NVIDIA H100 NVL,,,
2026-08-15 17:48:40.467407,11007,580.173.02,devlab,GPU-d59cb1c4-ad97-d91a-6731-e7b5f38951a6,,nvidia0,0,10.244.76.99:9400,dcgm-exporter,NVIDIA H100 NVL,,,
2026-08-15 17:48:45.464978,11007,580.173.02,devlab,GPU-d59cb1c4-ad97-d91a-6731-e7b5f38951a6,,nvidia0,0,10.244.76.99:9400,dcgm-exporter,NVIDIA H100 NVL,,,
2026-08-15 17:48:50.467068,11007,580.173.02,devlab,GPU-d59cb1c4-ad97-d91a-6731-e7b5f38951a6,,nvidia0,0,10.244.76.99:9400,dcgm-exporter,NVIDIA H100 NVL,,,
2026-08-15 17:48:55.465548,11007,580.173.02,devlab,GPU-d59cb1c4-ad97-d91a-6731-e7b5f38951a6,,nvidia0,0,10.244.76.99:9400,dcgm-exporter,NVIDIA H100 NVL,,,
2026-08-15 17:49:00.467365,11007,580.173.02,devlab,GPU-d59cb1c4-ad97-d91a-6731-e7b5f38951a6,,nvidia0,0,10.244.76.99:9400,dcgm-exporter,NVIDIA H100 NVL,,,
2026-08-15 17:49:05.467410,11007,580.173.02,devlab,GPU-d59cb1c4-ad97-d91a-6731-e7b5f38951a6,,nvidia0,0,10.244.76.99:9400,dcgm-exporter,NVIDIA H100 NVL,,,
2026-08-15 17:49:10.464930,11007,580.173.02,devlab,GPU-d59cb1c4-ad97-d91a-6731-e7b5f38951a6,,nvidia0,0,10.244.76.99:9400,dcgm-exporter,NVIDIA H100 NVL,,,
2026-08-15 17:49:15.467415,11007,580.173.02,devlab,GPU-d59cb1c4-ad97-d91a-6731-e7b5f38951a6,,nvidia0,0,10.244.76.99:9400,dcgm-exporter,NVIDIA H100 NVL,,,
2026-08-15 17:49:20.467397,11007,580.173.02,devlab,GPU-d59cb1c4-ad97-d91a-6731-e7b5f38951a6,,nvidia0,0,10.244.76.99:9400,dcgm-exporter,NVIDIA H100 NVL,,,
2026-08-15 17:49:25.463094,11007,580.173.02,devlab,GPU-d59cb1c4-ad97-d91a-6731-e7b5f38951a6,,nvidia0,0,10.244.76.99:9400,dcgm-exporter,NVIDIA H100 NVL,,,
2026-08-15 17:49:30.467448,11007,580.173.02,devlab,GPU-d59cb1c4-ad97-d91a-6731-e7b5f38951a6,,nvidia0,0,10.244.76.99:9400,dcgm-exporter,NVIDIA H100 NVL,,,
2026-08-15 17:49:35.465363,11007,580.173.02,devlab,GPU-d59cb1c4-ad97-d91a-6731-e7b5f38951a6,,nvidia0,0,10.244.76.99:9400,dcgm-exporter,NVIDIA H100 NVL,,,
2026-08-15 17:49:40.467403,11007,580.173.02,devlab,GPU-d59cb1c4-ad97-d91a-6731-e7b5f38951a6,,nvidia0,0,10.244.76.99:9400,dcgm-exporter,NVIDIA H100 NVL,,,
2026-08-15 17:49:45.464925,11007,580.173.02,devlab,GPU-d59cb1c4-ad97-d91a-6731-e7b5f38951a6,,nvidia0,0,10.244.76.99:9400,dcgm-exporter,NVIDIA H100 NVL,,,
2026-08-15 17:49:50.467389,11007,580.173.02,devlab,GPU-d59cb1c4-ad97-d91a-6731-e7b5f38951a6,,nvidia0,0,10.244.76.99:9400,dcgm-exporter,NVIDIA H100 NVL,,,
2026-08-15 17:49:55.466879,11007,580.173.02,devlab,GPU-d59cb1c4-ad97-d91a-6731-e7b5f38951a6,,nvidia0,0,10.244.76.99:9400,dcgm-exporter,NVIDIA H100 NVL,,,
2026-08-15 17:50:00.462683,11007,580.173.02,devlab,GPU-d59cb1c4-ad97-d91a-6731-e7b5f38951a6,,nvidia0,0,10.244.76.99:9400,dcgm-exporter,NVIDIA H100 NVL,,,
2026-08-15 17:50:05.467397,11007,580.173.02,devlab,GPU-d59cb1c4-ad97-d91a-6731-e7b5f38951a6,,nvidia0,0,10.244.76.99:9400,dcgm-exporter,NVIDIA H100 NVL,,,
2026-08-15 17:50:10.467399,11007,580.173.02,devlab,GPU-d59cb1c4-ad97-d91a-6731-e7b5f38951a6,,nvidia0,0,10.244.76.99:9400,dcgm-exporter,NVIDIA H100 NVL,,,
2026-08-15 17:50:15.464393,11007,580.173.02,devlab,GPU-d59cb1c4-ad97-d91a-6731-e7b5f38951a6,,nvidia0,0,10.244.76.99:9400,dcgm-exporter,NVIDIA H100 NVL,,,
2026-08-15 17:50:20.465160,11007,580.173.02,devlab,GPU-d59cb1c4-ad97-d91a-6731-e7b5f38951a6,,nvidia0,0,10.244.76.99:9400,dcgm-exporter,NVIDIA H100 NVL,,,
2026-08-15 17:50:25.466370,11007,580.173.02,devlab,GPU-d59cb1c4-ad97-d91a-6731-e7b5f38951a6,,nvidia0,0,10.244.76.99:9400,dcgm-exporter,NVIDIA H100 NVL,,,
2026-08-15 17:50:30.466927,11007,580.173.02,devlab,GPU-d59cb1c4-ad97-d91a-6731-e7b5f38951a6,,nvidia0,0,10.244.76.99:9400,dcgm-exporter,NVIDIA H100 NVL,,,
2026-08-15 17:50:35.467463,11007,580.173.02,devlab,GPU-d59cb1c4-ad97-d91a-6731-e7b5f38951a6,,nvidia0,0,10.244.76.99:9400,dcgm-exporter,NVIDIA H100 NVL,,,
2026-08-15 17:50:40.467464,11007,580.173.02,devlab,GPU-d59cb1c4-ad97-d91a-6731-e7b5f38951a6,,nvidia0,0,10.244.76.99:9400,dcgm-exporter,NVIDIA H100 NVL,,,
2026-08-15 17:50:45.467366,11007,580.173.02,devlab,GPU-d59cb1c4-ad97-d91a-6731-e7b5f38951a6,,nvidia0,0,10.244.76.99:9400,dcgm-exporter,NVIDIA H100 NVL,,,
2026-08-15 17:50:50.467395,11007,580.173.02,devlab,GPU-d59cb1c4-ad97-d91a-6731-e7b5f38951a6,,nvidia0,0,10.244.76.99:9400,dcgm-exporter,NVIDIA H100 NVL,,,
2026-08-15 17:50:55.467386,11007,580.173.02,devlab,GPU-d59cb1c4-ad97-d91a-6731-e7b5f38951a6,,nvidia0,0,10.244.76.99:9400,dcgm-exporter,NVIDIA H100 NVL,,,
2026-08-15 17:51:00.466959,11007,580.173.02,devlab,GPU-d59cb1c4-ad97-d91a-6731-e7b5f38951a6,,nvidia0,0,10.244.76.99:9400,dcgm-exporter,NVIDIA H100 NVL,,,
2026-08-15 17:51:05.464939,11007,580.173.02,devlab,GPU-d59cb1c4-ad97-d91a-6731-e7b5f38951a6,,nvidia0,0,10.244.76.99:9400,dcgm-exporter,NVIDIA H100 NVL,,,
2026-08-15 17:51:10.464578,11007,580.173.02,devlab,GPU-d59cb1c4-ad97-d91a-6731-e7b5f38951a6,,nvidia0,0,10.244.76.99:9400,dcgm-exporter,NVIDIA H100 NVL,,,
2026-08-15 17:51:15.467363,11007,580.173.02,devlab,GPU-d59cb1c4-ad97-d91a-6731-e7b5f38951a6,,nvidia0,0,10.244.76.99:9400,dcgm-exporter,NVIDIA H100 NVL,,,
2026-08-15 17:51:20.467400,11007,580.173.02,devlab,GPU-d59cb1c4-ad97-d91a-6731-e7b5f38951a6,,nvidia0,0,10.244.76.99:9400,dcgm-exporter,NVIDIA H100 NVL,,,
2026-08-15 17:51:25.467405,11007,580.173.02,devlab,GPU-d59cb1c4-ad97-d91a-6731-e7b5f38951a6,,nvidia0,0,10.244.76.99:9400,dcgm-exporter,NVIDIA H100 NVL,,,
2026-08-15 17:51:30.466929,11007,580.173.02,devlab,GPU-d59cb1c4-ad97-d91a-6731-e7b5f38951a6,,nvidia0,0,10.244.76.99:9400,dcgm-exporter,NVIDIA H100 NVL,,,
2026-08-15 17:51:35.465465,11007,580.173.02,devlab,GPU-d59cb1c4-ad97-d91a-6731-e7b5f38951a6,,nvidia0,0,10.244.76.99:9400,dcgm-exporter,NVIDIA H100 NVL,,,
2026-08-15 17:51:40.463085,11007,580.173.02,devlab,GPU-d59cb1c4-ad97-d91a-6731-e7b5f38951a6,,nvidia0,0,10.244.76.99:9400,dcgm-exporter,NVIDIA H100 NVL,,,
2026-08-15 17:51:45.467040,11007,580.173.02,devlab,GPU-d59cb1c4-ad97-d91a-6731-e7b5f38951a6,,nvidia0,0,10.244.76.99:9400,dcgm-exporter,NVIDIA H100 NVL,,,
2026-08-15 17:51:50.467377,11007,580.173.02,devlab,GPU-d59cb1c4-ad97-d91a-6731-e7b5f38951a6,,nvidia0,0,10.244.76.99:9400,dcgm-exporter,NVIDIA H100 NVL,,,
2026-08-15 17:51:55.464932,11007,580.173.02,devlab,GPU-d59cb1c4-ad97-d91a-6731-e7b5f38951a6,,nvidia0,0,10.244.76.99:9400,dcgm-exporter,NVIDIA H100 NVL,,,
2026-08-15 17:52:00.467391,11007,580.173.02,devlab,GPU-d59cb1c4-ad97-d91a-6731-e7b5f38951a6,,nvidia0,0,10.244.76.99:9400,dcgm-exporter,NVIDIA H100 NVL,,,
2026-08-15 17:52:05.465934,11007,580.173.02,devlab,GPU-d59cb1c4-ad97-d91a-6731-e7b5f38951a6,,nvidia0,0,10.244.76.99:9400,dcgm-exporter,NVIDIA H100 NVL,,,
2026-08-15 17:52:10.467421,11007,580.173.02,devlab,GPU-d59cb1c4-ad97-d91a-6731-e7b5f38951a6,,nvidia0,0,10.244.76.99:9400,dcgm-exporter,NVIDIA H100 NVL,,,
2026-08-15 17:52:15.467419,11007,580.173.02,devlab,GPU-d59cb1c4-ad97-d91a-6731-e7b5f38951a6,,nvidia0,0,10.244.76.99:9400,dcgm-exporter,NVIDIA H100 NVL,,,
2026-08-15 17:52:20.467437,11007,580.173.02,devlab,GPU-d59cb1c4-ad97-d91a-6731-e7b5f38951a6,,nvidia0,0,10.244.76.99:9400,dcgm-exporter,NVIDIA H100 NVL,,,
2026-08-15 17:52:25.464770,11007,580.173.02,devlab,GPU-d59cb1c4-ad97-d91a-6731-e7b5f38951a6,,nvidia0,0,10.244.76.99:9400,dcgm-exporter,NVIDIA H100 NVL,,,
2026-08-15 17:52:30.465958,11007,580.173.02,devlab,GPU-d59cb1c4-ad97-d91a-6731-e7b5f38951a6,,nvidia0,0,10.244.76.99:9400,dcgm-exporter,NVIDIA H100 NVL,,,
2026-08-15 17:52:35.467390,11007,580.173.02,devlab,GPU-d59cb1c4-ad97-d91a-6731-e7b5f38951a6,,nvidia0,0,10.244.76.99:9400,dcgm-exporter,NVIDIA H100 NVL,,,
2026-08-15 17:52:40.466894,11007,580.173.02,devlab,GPU-d59cb1c4-ad97-d91a-6731-e7b5f38951a6,,nvidia0,0,10.244.76.99:9400,dcgm-exporter,NVIDIA H100 NVL,,,
2026-08-15 17:52:45.467413,11007,580.173.02,devlab,GPU-d59cb1c4-ad97-d91a-6731-e7b5f38951a6,,nvidia0,0,10.244.76.99:9400,dcgm-exporter,NVIDIA H100 NVL,,,
2026-08-15 17:52:50.467394,11007,580.173.02,devlab,GPU-d59cb1c4-ad97-d91a-6731-e7b5f38951a6,,nvidia0,0,10.244.76.99:9400,dcgm-exporter,NVIDIA H100 NVL,,,
2026-08-15 17:52:55.467404,11007,580.173.02,devlab,GPU-d59cb1c4-ad97-d91a-6731-e7b5f38951a6,,nvidia0,0,10.244.76.99:9400,dcgm-exporter,NVIDIA H100 NVL,,,
2026-08-15 17:53:00.465571,11007,580.173.02,devlab,GPU-d59cb1c4-ad97-d91a-6731-e7b5f38951a6,,nvidia0,0,10.244.76.99:9400,dcgm-exporter,NVIDIA H100 NVL,,,
2026-08-15 17:53:05.466911,11007,580.173.02,devlab,GPU-d59cb1c4-ad97-d91a-6731-e7b5f38951a6,,nvidia0,0,10.244.76.99:9400,dcgm-exporter,NVIDIA H100 NVL,,,
2026-08-15 17:53:10.464321,11007,580.173.02,devlab,GPU-d59cb1c4-ad97-d91a-6731-e7b5f38951a6,,nvidia0,0,10.244.76.99:9400,dcgm-exporter,NVIDIA H100 NVL,,,
2026-08-15 17:53:15.467403,11007,580.173.02,devlab,GPU-d59cb1c4-ad97-d91a-6731-e7b5f38951a6,,nvidia0,0,10.244.76.99:9400,dcgm-exporter,NVIDIA H100 NVL,,,
2026-08-15 17:53:20.467404,11007,580.173.02,devlab,GPU-d59cb1c4-ad97-d91a-6731-e7b5f38951a6,,nvidia0,0,10.244.76.99:9400,dcgm-exporter,NVIDIA H100 NVL,,,
2026-08-15 17:53:25.462493,11007,580.173.02,devlab,GPU-d59cb1c4-ad97-d91a-6731-e7b5f38951a6,,nvidia0,0,10.244.76.99:9400,dcgm-exporter,NVIDIA H100 NVL,,,
2026-08-15 17:53:30.466931,11007,580.173.02,devlab,GPU-d59cb1c4-ad97-d91a-6731-e7b5f38951a6,,nvidia0,0,10.244.76.99:9400,dcgm-exporter,NVIDIA H100 NVL,,,
2026-08-15 17:53:35.464938,11007,580.173.02,devlab,GPU-d59cb1c4-ad97-d91a-6731-e7b5f38951a6,,nvidia0,0,10.244.76.99:9400,dcgm-exporter,NVIDIA H100 NVL,,,
2026-08-15 17:53:40.466897,11007,580.173.02,devlab,GPU-d59cb1c4-ad97-d91a-6731-e7b5f38951a6,,nvidia0,0,10.244.76.99:9400,dcgm-exporter,NVIDIA H100 NVL,,,
2026-08-15 17:53:45.467391,11007,580.173.02,devlab,GPU-d59cb1c4-ad97-d91a-6731-e7b5f38951a6,,nvidia0,0,10.244.76.99:9400,dcgm-exporter,NVIDIA H100 NVL,,,
2026-08-15 17:53:50.466044,11007,580.173.02,devlab,GPU-d59cb1c4-ad97-d91a-6731-e7b5f38951a6,,nvidia0,0,10.244.76.99:9400,dcgm-exporter,NVIDIA H100 NVL,,,
2026-08-15 17:53:55.467404,11007,580.173.02,devlab,GPU-d59cb1c4-ad97-d91a-6731-e7b5f38951a6,,nvidia0,0,10.244.76.99:9400,dcgm-exporter,NVIDIA H100 NVL,,,
2026-08-15 17:54:00.462686,11007,580.173.02,devlab,GPU-d59cb1c4-ad97-d91a-6731-e7b5f38951a6,,nvidia0,0,10.244.76.99:9400,dcgm-exporter,NVIDIA H100 NVL,,,
2026-08-15 17:54:05.463626,11007,580.173.02,devlab,GPU-d59cb1c4-ad97-d91a-6731-e7b5f38951a6,,nvidia0,0,10.244.76.99:9400,dcgm-exporter,NVIDIA H100 NVL,,,
2026-08-15 17:54:10.467412,11007,580.173.02,devlab,GPU-d59cb1c4-ad97-d91a-6731-e7b5f38951a6,,nvidia0,0,10.244.76.99:9400,dcgm-exporter,NVIDIA H100 NVL,,,
2026-08-15 17:54:15.464933,11007,580.173.02,devlab,GPU-d59cb1c4-ad97-d91a-6731-e7b5f38951a6,,nvidia0,0,10.244.76.99:9400,dcgm-exporter,NVIDIA H100 NVL,,,
2026-08-15 17:54:20.462944,11007,580.173.02,devlab,GPU-d59cb1c4-ad97-d91a-6731-e7b5f38951a6,,nvidia0,0,10.244.76.99:9400,dcgm-exporter,NVIDIA H100 NVL,,,
2026-08-15 17:54:25.466892,11007,580.173.02,devlab,GPU-d59cb1c4-ad97-d91a-6731-e7b5f38951a6,,nvidia0,0,10.244.76.99:9400,dcgm-exporter,NVIDIA H100 NVL,,,
2026-08-15 17:54:30.463638,11007,580.173.02,devlab,GPU-d59cb1c4-ad97-d91a-6731-e7b5f38951a6,,nvidia0,0,10.244.76.99:9400,dcgm-exporter,NVIDIA H100 NVL,,,
2026-08-15 17:54:35.466893,11007,580.173.02,devlab,GPU-d59cb1c4-ad97-d91a-6731-e7b5f38951a6,,nvidia0,0,10.244.76.99:9400,dcgm-exporter,NVIDIA H100 NVL,,,
2026-08-15 17:54:40.466893,11007,580.173.02,devlab,GPU-d59cb1c4-ad97-d91a-6731-e7b5f38951a6,,nvidia0,0,10.244.76.99:9400,dcgm-exporter,NVIDIA H100 NVL,,,
2026-08-15 17:54:45.467421,11007,580.173.02,devlab,GPU-d59cb1c4-ad97-d91a-6731-e7b5f38951a6,,nvidia0,0,10.244.76.99:9400,dcgm-exporter,NVIDIA H100 NVL,,,
2026-08-15 17:54:50.467403,11007,580.173.02,devlab,GPU-d59cb1c4-ad97-d91a-6731-e7b5f38951a6,,nvidia0,0,10.244.76.99:9400,dcgm-exporter,NVIDIA H100 NVL,,,
2026-08-15 17:54:55.467869,11007,580.173.02,devlab,GPU-d59cb1c4-ad97-d91a-6731-e7b5f38951a6,,nvidia0,0,10.244.76.99:9400,dcgm-exporter,NVIDIA H100 NVL,,,
2026-08-15 17:55:00.466943,11007,580.173.02,devlab,GPU-d59cb1c4-ad97-d91a-6731-e7b5f38951a6,,nvidia0,0,10.244.76.99:9400,dcgm-exporter,NVIDIA H100 NVL,,,
2026-08-15 17:55:05.466907,11007,580.173.02,devlab,GPU-d59cb1c4-ad97-d91a-6731-e7b5f38951a6,,nvidia0,0,10.244.76.99:9400,dcgm-exporter,NVIDIA H100 NVL,,,
2026-08-15 17:55:10.467081,11007,580.173.02,devlab,GPU-d59cb1c4-ad97-d91a-6731-e7b5f38951a6,,nvidia0,0,10.244.76.99:9400,dcgm-exporter,NVIDIA H100 NVL,,,
2026-08-15 17:55:15.467398,11007,580.173.02,devlab,GPU-d59cb1c4-ad97-d91a-6731-e7b5f38951a6,,nvidia0,0,10.244.76.99:9400,dcgm-exporter,NVIDIA H100 NVL,,,
2026-08-15 17:55:20.467414,11007,580.173.02,devlab,GPU-d59cb1c4-ad97-d91a-6731-e7b5f38951a6,,nvidia0,0,10.244.76.99:9400,dcgm-exporter,NVIDIA H100 NVL,,,
2026-08-15 17:55:25.467408,11007,580.173.02,devlab,GPU-d59cb1c4-ad97-d91a-6731-e7b5f38951a6,,nvidia0,0,10.244.76.99:9400,dcgm-exporter,NVIDIA H100 NVL,,,
2026-08-15 17:55:30.466913,11007,580.173.02,devlab,GPU-d59cb1c4-ad97-d91a-6731-e7b5f38951a6,,nvidia0,0,10.244.76.99:9400,dcgm-exporter,NVIDIA H100 NVL,,,
2026-08-15 17:55:35.463445,11007,580.173.02,devlab,GPU-d59cb1c4-ad97-d91a-6731-e7b5f38951a6,,nvidia0,0,10.244.76.99:9400,dcgm-exporter,NVIDIA H100 NVL,,,
2026-08-15 17:55:40.467401,11007,580.173.02,devlab,GPU-d59cb1c4-ad97-d91a-6731-e7b5f38951a6,,nvidia0,0,10.244.76.99:9400,dcgm-exporter,NVIDIA H100 NVL,,,
2026-08-15 17:55:45.463668,11007,580.173.02,devlab,GPU-d59cb1c4-ad97-d91a-6731-e7b5f38951a6,,nvidia0,0,10.244.76.99:9400,dcgm-exporter,NVIDIA H100 NVL,,,
2026-08-15 17:55:50.466544,11007,580.173.02,devlab,GPU-d59cb1c4-ad97-d91a-6731-e7b5f38951a6,,nvidia0,0,10.244.76.99:9400,dcgm-exporter,NVIDIA H100 NVL,,,
2026-08-15 17:55:55.467871,11007,580.173.02,devlab,GPU-d59cb1c4-ad97-d91a-6731-e7b5f38951a6,,nvidia0,0,10.244.76.99:9400,dcgm-exporter,NVIDIA H100 NVL,,,
2026-08-15 17:56:00.467364,11007,580.173.02,devlab,GPU-d59cb1c4-ad97-d91a-6731-e7b5f38951a6,,nvidia0,0,10.244.76.99:9400,dcgm-exporter,NVIDIA H100 NVL,,,
2026-08-15 17:56:05.466883,11007,580.173.02,devlab,GPU-d59cb1c4-ad97-d91a-6731-e7b5f38951a6,,nvidia0,0,10.244.76.99:9400,dcgm-exporter,NVIDIA H100 NVL,,,
2026-08-15 17:56:10.467053,11007,580.173.02,devlab,GPU-d59cb1c4-ad97-d91a-6731-e7b5f38951a6,,nvidia0,0,10.244.76.99:9400,dcgm-exporter,NVIDIA H100 NVL,,,
2026-08-15 17:56:15.467376,11007,580.173.02,devlab,GPU-d59cb1c4-ad97-d91a-6731-e7b5f38951a6,,nvidia0,0,10.244.76.99:9400,dcgm-exporter,NVIDIA H100 NVL,,,
2026-08-15 17:56:20.464185,11007,580.173.02,devlab,GPU-d59cb1c4-ad97-d91a-6731-e7b5f38951a6,,nvidia0,0,10.244.76.99:9400,dcgm-exporter,NVIDIA H100 NVL,,,
2026-08-15 17:56:25.467441,11007,580.173.02,devlab,GPU-d59cb1c4-ad97-d91a-6731-e7b5f38951a6,,nvidia0,0,10.244.76.99:9400,dcgm-exporter,NVIDIA H100 NVL,,,
2026-08-15 17:56:30.467379,11007,580.173.02,devlab,GPU-d59cb1c4-ad97-d91a-6731-e7b5f38951a6,,nvidia0,0,10.244.76.99:9400,dcgm-exporter,NVIDIA H100 NVL,,,
2026-08-15 17:56:35.466367,11007,580.173.02,devlab,GPU-d59cb1c4-ad97-d91a-6731-e7b5f38951a6,,nvidia0,0,10.244.76.99:9400,dcgm-exporter,NVIDIA H100 NVL,,,
2026-08-15 17:56:40.467399,11007,580.173.02,devlab,GPU-d59cb1c4-ad97-d91a-6731-e7b5f38951a6,,nvidia0,0,10.244.76.99:9400,dcgm-exporter,NVIDIA H100 NVL,,,
2026-08-15 17:56:45.467387,11007,580.173.02,devlab,GPU-d59cb1c4-ad97-d91a-6731-e7b5f38951a6,,nvidia0,0,10.244.76.99:9400,dcgm-exporter,NVIDIA H100 NVL,,,
2026-08-15 17:56:50.467038,11007,580.173.02,devlab,GPU-d59cb1c4-ad97-d91a-6731-e7b5f38951a6,,nvidia0,0,10.244.76.99:9400,dcgm-exporter,NVIDIA H100 NVL,,,
2026-08-15 17:56:55.466901,11007,580.173.02,devlab,GPU-d59cb1c4-ad97-d91a-6731-e7b5f38951a6,,nvidia0,0,10.244.76.99:9400,dcgm-exporter,NVIDIA H100 NVL,,,
2026-08-15 17:57:00.466943,11007,580.173.02,devlab,GPU-d59cb1c4-ad97-d91a-6731-e7b5f38951a6,,nvidia0,0,10.244.76.99:9400,dcgm-exporter,NVIDIA H100 NVL,,,
2026-08-15 17:57:05.466902,11007,580.173.02,devlab,GPU-d59cb1c4-ad97-d91a-6731-e7b5f38951a6,,nvidia0,0,10.244.76.99:9400,dcgm-exporter,NVIDIA H100 NVL,,,
2026-08-15 17:57:10.467414,11007,580.173.02,devlab,GPU-d59cb1c4-ad97-d91a-6731-e7b5f38951a6,,nvidia0,0,10.244.76.99:9400,dcgm-exporter,NVIDIA H100 NVL,,,
2026-08-15 17:57:15.467386,11007,580.173.02,devlab,GPU-d59cb1c4-ad97-d91a-6731-e7b5f38951a6,,nvidia0,0,10.244.76.99:9400,dcgm-exporter,NVIDIA H100 NVL,,,
2026-08-15 17:57:20.466894,11007,580.173.02,devlab,GPU-d59cb1c4-ad97-d91a-6731-e7b5f38951a6,,nvidia0,0,10.244.76.99:9400,dcgm-exporter,NVIDIA H100 NVL,,,
2026-08-15 17:57:25.466898,11007,580.173.02,devlab,GPU-d59cb1c4-ad97-d91a-6731-e7b5f38951a6,,nvidia0,0,10.244.76.99:9400,dcgm-exporter,NVIDIA H100 NVL,,,
2026-08-15 17:57:30.466903,11007,580.173.02,devlab,GPU-d59cb1c4-ad97-d91a-6731-e7b5f38951a6,,nvidia0,0,10.244.76.99:9400,dcgm-exporter,NVIDIA H100 NVL,,,
2026-08-15 17:57:35.464001,11007,580.173.02,devlab,GPU-d59cb1c4-ad97-d91a-6731-e7b5f38951a6,,nvidia0,0,10.244.76.99:9400,dcgm-exporter,NVIDIA H100 NVL,,,
2026-08-15 17:57:40.467358,11007,580.173.02,devlab,GPU-d59cb1c4-ad97-d91a-6731-e7b5f38951a6,,nvidia0,0,10.244.76.99:9400,dcgm-exporter,NVIDIA H100 NVL,,,
2026-08-15 17:57:45.463524,11007,580.173.02,devlab,GPU-d59cb1c4-ad97-d91a-6731-e7b5f38951a6,,nvidia0,0,10.244.76.99:9400,dcgm-exporter,NVIDIA H100 NVL,,,
2026-08-15 17:57:50.467425,11007,580.173.02,devlab,GPU-d59cb1c4-ad97-d91a-6731-e7b5f38951a6,,nvidia0,0,10.244.76.99:9400,dcgm-exporter,NVIDIA H100 NVL,,,
2026-08-15 17:57:55.466902,11007,580.173.02,devlab,GPU-d59cb1c4-ad97-d91a-6731-e7b5f38951a6,,nvidia0,0,10.244.76.99:9400,dcgm-exporter,NVIDIA H100 NVL,,,
2026-08-15 17:58:00.466913,11007,580.173.02,devlab,GPU-d59cb1c4-ad97-d91a-6731-e7b5f38951a6,,nvidia0,0,10.244.76.99:9400,dcgm-exporter,NVIDIA H100 NVL,,,
2026-08-15 17:58:05.466261,11007,580.173.02,devlab,GPU-d59cb1c4-ad97-d91a-6731-e7b5f38951a6,,nvidia0,0,10.244.76.99:9400,dcgm-exporter,NVIDIA H100 NVL,,,
2026-08-15 17:58:10.467424,11007,580.173.02,devlab,GPU-d59cb1c4-ad97-d91a-6731-e7b5f38951a6,,nvidia0,0,10.244.76.99:9400,dcgm-exporter,NVIDIA H100 NVL,,,
2026-08-15 17:58:15.463175,11007,580.173.02,devlab,GPU-d59cb1c4-ad97-d91a-6731-e7b5f38951a6,,nvidia0,0,10.244.76.99:9400,dcgm-exporter,NVIDIA H100 NVL,,,
2026-08-15 17:58:20.467396,11007,580.173.02,devlab,GPU-d59cb1c4-ad97-d91a-6731-e7b5f38951a6,,nvidia0,0,10.244.76.99:9400,dcgm-exporter,NVIDIA H100 NVL,,,
2026-08-15 17:58:25.466249,11007,580.173.02,devlab,GPU-d59cb1c4-ad97-d91a-6731-e7b5f38951a6,,nvidia0,0,10.244.76.99:9400,dcgm-exporter,NVIDIA H100 NVL,,,
2026-08-15 17:58:30.467358,11007,580.173.02,devlab,GPU-d59cb1c4-ad97-d91a-6731-e7b5f38951a6,,nvidia0,0,10.244.76.99:9400,dcgm-exporter,NVIDIA H100 NVL,,,
2026-08-15 17:58:35.466888,11007,580.173.02,devlab,GPU-d59cb1c4-ad97-d91a-6731-e7b5f38951a6,,nvidia0,0,10.244.76.99:9400,dcgm-exporter,NVIDIA H100 NVL,,,
2026-08-15 17:58:40.466905,11007,580.173.02,devlab,GPU-d59cb1c4-ad97-d91a-6731-e7b5f38951a6,,nvidia0,0,10.244.76.99:9400,dcgm-exporter,NVIDIA H100 NVL,,,
2026-08-15 17:58:45.463469,11007,580.173.02,devlab,GPU-d59cb1c4-ad97-d91a-6731-e7b5f38951a6,,nvidia0,0,10.244.76.99:9400,dcgm-exporter,NVIDIA H100 NVL,,,
2026-08-15 17:58:50.466935,11007,580.173.02,devlab,GPU-d59cb1c4-ad97-d91a-6731-e7b5f38951a6,,nvidia0,0,10.244.76.99:9400,dcgm-exporter,NVIDIA H100 NVL,,,
2026-08-15 17:58:55.467385,11007,580.173.02,devlab,GPU-d59cb1c4-ad97-d91a-6731-e7b5f38951a6,,nvidia0,0,10.244.76.99:9400,dcgm-exporter,NVIDIA H100 NVL,,,
2026-08-15 17:59:00.466902,11007,580.173.02,devlab,GPU-d59cb1c4-ad97-d91a-6731-e7b5f38951a6,,nvidia0,0,10.244.76.99:9400,dcgm-exporter,NVIDIA H100 NVL,,,
2026-08-15 17:59:05.467403,11007,580.173.02,devlab,GPU-d59cb1c4-ad97-d91a-6731-e7b5f38951a6,,nvidia0,0,10.244.76.99:9400,dcgm-exporter,NVIDIA H100 NVL,,,
2026-08-15 17:59:10.467396,11007,580.173.02,devlab,GPU-d59cb1c4-ad97-d91a-6731-e7b5f38951a6,,nvidia0,0,10.244.76.99:9400,dcgm-exporter,NVIDIA H100 NVL,,,
2026-08-15 17:59:15.467393,11007,580.173.02,devlab,GPU-d59cb1c4-ad97-d91a-6731-e7b5f38951a6,,nvidia0,0,10.244.76.99:9400,dcgm-exporter,NVIDIA H100 NVL,,,
2026-08-15 17:59:20.463296,11007,580.173.02,devlab,GPU-d59cb1c4-ad97-d91a-6731-e7b5f38951a6,,nvidia0,0,10.244.76.99:9400,dcgm-exporter,NVIDIA H100 NVL,,,
2026-08-15 17:59:25.467429,11007,580.173.02,devlab,GPU-d59cb1c4-ad97-d91a-6731-e7b5f38951a6,,nvidia0,0,10.244.76.99:9400,dcgm-exporter,NVIDIA H100 NVL,,,
2026-08-15 17:59:30.463027,11007,580.173.02,devlab,GPU-d59cb1c4-ad97-d91a-6731-e7b5f38951a6,,nvidia0,0,10.244.76.99:9400,dcgm-exporter,NVIDIA H100 NVL,,,
2026-08-15 17:59:35.466943,11007,580.173.02,devlab,GPU-d59cb1c4-ad97-d91a-6731-e7b5f38951a6,,nvidia0,0,10.244.76.99:9400,dcgm-exporter,NVIDIA H100 NVL,,,
2026-08-15 17:59:40.466933,11007,580.173.02,devlab,GPU-d59cb1c4-ad97-d91a-6731-e7b5f38951a6,,nvidia0,0,10.244.76.99:9400,dcgm-exporter,NVIDIA H100 NVL,,,
2026-08-15 17:59:45.464148,11007,580.173.02,devlab,GPU-d59cb1c4-ad97-d91a-6731-e7b5f38951a6,,nvidia0,0,10.244.76.99:9400,dcgm-exporter,NVIDIA H100 NVL,,,
2026-08-15 17:59:50.467415,11007,580.173.02,devlab,GPU-d59cb1c4-ad97-d91a-6731-e7b5f38951a6,,nvidia0,0,10.244.76.99:9400,dcgm-exporter,NVIDIA H100 NVL,,,
2026-08-15 17:59:55.467357,11007,580.173.02,devlab,GPU-d59cb1c4-ad97-d91a-6731-e7b5f38951a6,,nvidia0,0,10.244.76.99:9400,dcgm-exporter,NVIDIA H100 NVL,,,
2026-08-15 18:00:00.466939,11007,580.173.02,devlab,GPU-d59cb1c4-ad97-d91a-6731-e7b5f38951a6,,nvidia0,0,10.244.76.99:9400,dcgm-exporter,NVIDIA H100 NVL,,,
2026-08-15 18:00:05.467056,11007,580.173.02,devlab,GPU-d59cb1c4-ad97-d91a-6731-e7b5f38951a6,,nvidia0,0,10.244.76.99:9400,dcgm-exporter,NVIDIA H100 NVL,,,
2026-08-15 18:00:10.466900,11007,580.173.02,devlab,GPU-d59cb1c4-ad97-d91a-6731-e7b5f38951a6,,nvidia0,0,10.244.76.99:9400,dcgm-exporter,NVIDIA H100 NVL,,,
2026-08-15 18:00:15.466891,11007,580.173.02,devlab,GPU-d59cb1c4-ad97-d91a-6731-e7b5f38951a6,,nvidia0,0,10.244.76.99:9400,dcgm-exporter,NVIDIA H100 NVL,,,
2026-08-15 18:00:20.466912,11007,580.173.02,devlab,GPU-d59cb1c4-ad97-d91a-6731-e7b5f38951a6,,nvidia0,0,10.244.76.99:9400,dcgm-exporter,NVIDIA H100 NVL,,,
2026-08-15 18:00:25.467393,11007,580.173.02,devlab,GPU-d59cb1c4-ad97-d91a-6731-e7b5f38951a6,,nvidia0,0,10.244.76.99:9400,dcgm-exporter,NVIDIA H100 NVL,,,
2026-08-15 18:00:30.467898,11007,580.173.02,devlab,GPU-d59cb1c4-ad97-d91a-6731-e7b5f38951a6,,nvidia0,0,10.244.76.99:9400,dcgm-exporter,NVIDIA H100 NVL,,,
2026-08-15 18:00:35.465444,11007,580.173.02,devlab,GPU-d59cb1c4-ad97-d91a-6731-e7b5f38951a6,,nvidia0,0,10.244.76.99:9400,dcgm-exporter,NVIDIA H100 NVL,,,
2026-08-15 18:00:40.467411,11007,580.173.02,devlab,GPU-d59cb1c4-ad97-d91a-6731-e7b5f38951a6,,nvidia0,0,10.244.76.99:9400,dcgm-exporter,NVIDIA H100 NVL,,,
2026-08-15 18:00:45.466907,11007,580.173.02,devlab,GPU-d59cb1c4-ad97-d91a-6731-e7b5f38951a6,,nvidia0,0,10.244.76.99:9400,dcgm-exporter,NVIDIA H100 NVL,,,
2026-08-15 18:00:50.467378,11007,580.173.02,devlab,GPU-d59cb1c4-ad97-d91a-6731-e7b5f38951a6,,nvidia0,0,10.244.76.99:9400,dcgm-exporter,NVIDIA H100 NVL,,,
2026-08-15 18:00:55.464934,11007,580.173.02,devlab,GPU-d59cb1c4-ad97-d91a-6731-e7b5f38951a6,,nvidia0,0,10.244.76.99:9400,dcgm-exporter,NVIDIA H100 NVL,,,
2026-08-15 18:01:00.466551,11007,580.173.02,devlab,GPU-d59cb1c4-ad97-d91a-6731-e7b5f38951a6,,nvidia0,0,10.244.76.99:9400,dcgm-exporter,NVIDIA H100 NVL,,,
2026-08-15 18:01:05.467417,11007,580.173.02,devlab,GPU-d59cb1c4-ad97-d91a-6731-e7b5f38951a6,,nvidia0,0,10.244.76.99:9400,dcgm-exporter,NVIDIA H100 NVL,,,
2026-08-15 18:01:10.467100,11007,580.173.02,devlab,GPU-d59cb1c4-ad97-d91a-6731-e7b5f38951a6,,nvidia0,0,10.244.76.99:9400,dcgm-exporter,NVIDIA H100 NVL,,,
2026-08-15 18:01:15.467386,11007,580.173.02,devlab,GPU-d59cb1c4-ad97-d91a-6731-e7b5f38951a6,,nvidia0,0,10.244.76.99:9400,dcgm-exporter,NVIDIA H100 NVL,,,
2026-08-15 18:01:20.466085,11007,580.173.02,devlab,GPU-d59cb1c4-ad97-d91a-6731-e7b5f38951a6,,nvidia0,0,10.244.76.99:9400,dcgm-exporter,NVIDIA H100 NVL,,,
2026-08-15 18:01:25.467363,11007,580.173.02,devlab,GPU-d59cb1c4-ad97-d91a-6731-e7b5f38951a6,,nvidia0,0,10.244.76.99:9400,dcgm-exporter,NVIDIA H100 NVL,,,
2026-08-15 18:01:30.467410,11007,580.173.02,devlab,GPU-d59cb1c4-ad97-d91a-6731-e7b5f38951a6,,nvidia0,0,10.244.76.99:9400,dcgm-exporter,NVIDIA H100 NVL,,,
2026-08-15 18:01:35.467382,11007,580.173.02,devlab,GPU-d59cb1c4-ad97-d91a-6731-e7b5f38951a6,,nvidia0,0,10.244.76.99:9400,dcgm-exporter,NVIDIA H100 NVL,,,
2026-08-15 18:01:40.464369,11007,580.173.02,devlab,GPU-d59cb1c4-ad97-d91a-6731-e7b5f38951a6,,nvidia0,0,10.244.76.99:9400,dcgm-exporter,NVIDIA H100 NVL,,,
2026-08-15 18:01:45.467397,11007,580.173.02,devlab,GPU-d59cb1c4-ad97-d91a-6731-e7b5f38951a6,,nvidia0,0,10.244.76.99:9400,dcgm-exporter,NVIDIA H100 NVL,,,
2026-08-15 18:01:50.464557,11007,580.173.02,devlab,GPU-d59cb1c4-ad97-d91a-6731-e7b5f38951a6,,nvidia0,0,10.244.76.99:9400,dcgm-exporter,NVIDIA H100 NVL,,,
2026-08-15 18:01:55.467065,11007,580.173.02,devlab,GPU-d59cb1c4-ad97-d91a-6731-e7b5f38951a6,,nvidia0,0,10.244.76.99:9400,dcgm-exporter,NVIDIA H100 NVL,,,
2026-08-15 18:02:00.467415,11007,580.173.02,devlab,GPU-d59cb1c4-ad97-d91a-6731-e7b5f38951a6,,nvidia0,0,10.244.76.99:9400,dcgm-exporter,NVIDIA H100 NVL,,,
2026-08-15 18:02:05.467974,11007,580.173.02,devlab,GPU-d59cb1c4-ad97-d91a-6731-e7b5f38951a6,,nvidia0,0,10.244.76.99:9400,dcgm-exporter,NVIDIA H100 NVL,,,
2026-08-15 18:02:10.467414,11007,580.173.02,devlab,GPU-d59cb1c4-ad97-d91a-6731-e7b5f38951a6,,nvidia0,0,10.244.76.99:9400,dcgm-exporter,NVIDIA H100 NVL,,,
2026-08-15 18:02:15.467367,11007,580.173.02,devlab,GPU-d59cb1c4-ad97-d91a-6731-e7b5f38951a6,,nvidia0,0,10.244.76.99:9400,dcgm-exporter,NVIDIA H100 NVL,,,
2026-08-15 18:02:20.464180,11007,580.173.02,devlab,GPU-d59cb1c4-ad97-d91a-6731-e7b5f38951a6,,nvidia0,0,10.244.76.99:9400,dcgm-exporter,NVIDIA H100 NVL,,,
2026-08-15 18:02:25.467341,11007,580.173.02,devlab,GPU-d59cb1c4-ad97-d91a-6731-e7b5f38951a6,,nvidia0,0,10.244.76.99:9400,dcgm-exporter,NVIDIA H100 NVL,,,
2026-08-15 18:02:30.463331,11007,580.173.02,devlab,GPU-d59cb1c4-ad97-d91a-6731-e7b5f38951a6,,nvidia0,0,10.244.76.99:9400,dcgm-exporter,NVIDIA H100 NVL,,,
2026-08-15 18:02:35.466894,11007,580.173.02,devlab,GPU-d59cb1c4-ad97-d91a-6731-e7b5f38951a6,,nvidia0,0,10.244.76.99:9400,dcgm-exporter,NVIDIA H100 NVL,,,
2026-08-15 18:02:40.467418,11007,580.173.02,devlab,GPU-d59cb1c4-ad97-d91a-6731-e7b5f38951a6,,nvidia0,0,10.244.76.99:9400,dcgm-exporter,NVIDIA H100 NVL,,,
2026-08-15 18:02:45.467032,11007,580.173.02,devlab,GPU-d59cb1c4-ad97-d91a-6731-e7b5f38951a6,,nvidia0,0,10.244.76.99:9400,dcgm-exporter,NVIDIA H100 NVL,,,
2026-08-15 18:02:50.467359,11007,580.173.02,devlab,GPU-d59cb1c4-ad97-d91a-6731-e7b5f38951a6,,nvidia0,0,10.244.76.99:9400,dcgm-exporter,NVIDIA H100 NVL,,,
2026-08-15 18:02:55.467425,11007,580.173.02,devlab,GPU-d59cb1c4-ad97-d91a-6731-e7b5f38951a6,,nvidia0,0,10.244.76.99:9400,dcgm-exporter,NVIDIA H100 NVL,,,
2026-08-15 18:03:00.467339,11007,580.173.02,devlab,GPU-d59cb1c4-ad97-d91a-6731-e7b5f38951a6,,nvidia0,0,10.244.76.99:9400,dcgm-exporter,NVIDIA H100 NVL,,,
2026-08-15 18:03:05.466349,11007,580.173.02,devlab,GPU-d59cb1c4-ad97-d91a-6731-e7b5f38951a6,,nvidia0,0,10.244.76.99:9400,dcgm-exporter,NVIDIA H100 NVL,,,
2026-08-15 18:03:10.467423,11007,580.173.02,devlab,GPU-d59cb1c4-ad97-d91a-6731-e7b5f38951a6,,nvidia0,0,10.244.76.99:9400,dcgm-exporter,NVIDIA H100 NVL,,,
2026-08-15 18:03:15.466889,11007,580.173.02,devlab,GPU-d59cb1c4-ad97-d91a-6731-e7b5f38951a6,,nvidia0,0,10.244.76.99:9400,dcgm-exporter,NVIDIA H100 NVL,,,
2026-08-15 18:03:20.467347,11007,580.173.02,devlab,GPU-d59cb1c4-ad97-d91a-6731-e7b5f38951a6,,nvidia0,0,10.244.76.99:9400,dcgm-exporter,NVIDIA H100 NVL,,,
2026-08-15 18:03:25.466918,11007,580.173.02,devlab,GPU-d59cb1c4-ad97-d91a-6731-e7b5f38951a6,,nvidia0,0,10.244.76.99:9400,dcgm-exporter,NVIDIA H100 NVL,,,
2026-08-15 18:03:30.467405,11007,580.173.02,devlab,GPU-d59cb1c4-ad97-d91a-6731-e7b5f38951a6,,nvidia0,0,10.244.76.99:9400,dcgm-exporter,NVIDIA H100 NVL,,,
2026-08-15 18:03:35.466924,11007,580.173.02,devlab,GPU-d59cb1c4-ad97-d91a-6731-e7b5f38951a6,,nvidia0,0,10.244.76.99:9400,dcgm-exporter,NVIDIA H100 NVL,,,
2026-08-15 18:03:40.466909,11007,580.173.02,devlab,GPU-d59cb1c4-ad97-d91a-6731-e7b5f38951a6,,nvidia0,0,10.244.76.99:9400,dcgm-exporter,NVIDIA H100 NVL,,,
2026-08-15 18:03:45.467387,11007,580.173.02,devlab,GPU-d59cb1c4-ad97-d91a-6731-e7b5f38951a6,,nvidia0,0,10.244.76.99:9400,dcgm-exporter,NVIDIA H100 NVL,,,
2026-08-15 18:03:50.468886,11007,580.173.02,devlab,GPU-d59cb1c4-ad97-d91a-6731-e7b5f38951a6,,nvidia0,0,10.244.76.99:9400,dcgm-exporter,NVIDIA H100 NVL,,,
2026-08-15 18:03:55.467408,11007,580.173.02,devlab,GPU-d59cb1c4-ad97-d91a-6731-e7b5f38951a6,,nvidia0,0,10.244.76.99:9400,dcgm-exporter,NVIDIA H100 NVL,,,
2026-08-15 18:04:00.467089,11007,580.173.02,devlab,GPU-d59cb1c4-ad97-d91a-6731-e7b5f38951a6,,nvidia0,0,10.244.76.99:9400,dcgm-exporter,NVIDIA H100 NVL,,,
2026-08-15 18:04:05.466330,11007,580.173.02,devlab,GPU-d59cb1c4-ad97-d91a-6731-e7b5f38951a6,,nvidia0,0,10.244.76.99:9400,dcgm-exporter,NVIDIA H100 NVL,,,
2026-08-15 18:04:10.467402,11007,580.173.02,devlab,GPU-d59cb1c4-ad97-d91a-6731-e7b5f38951a6,,nvidia0,0,10.244.76.99:9400,dcgm-exporter,NVIDIA H100 NVL,,,
2026-08-15 18:04:15.463531,11007,580.173.02,devlab,GPU-d59cb1c4-ad97-d91a-6731-e7b5f38951a6,,nvidia0,0,10.244.76.99:9400,dcgm-exporter,NVIDIA H100 NVL,,,
2026-08-15 18:04:20.467350,11007,580.173.02,devlab,GPU-d59cb1c4-ad97-d91a-6731-e7b5f38951a6,,nvidia0,0,10.244.76.99:9400,dcgm-exporter,NVIDIA H100 NVL,,,
2026-08-15 18:04:25.467396,11007,580.173.02,devlab,GPU-d59cb1c4-ad97-d91a-6731-e7b5f38951a6,,nvidia0,0,10.244.76.99:9400,dcgm-exporter,NVIDIA H100 NVL,,,
2026-08-15 18:04:30.466901,11007,580.173.02,devlab,GPU-d59cb1c4-ad97-d91a-6731-e7b5f38951a6,,nvidia0,0,10.244.76.99:9400,dcgm-exporter,NVIDIA H100 NVL,,,
2026-08-15 18:04:35.467384,11007,580.173.02,devlab,GPU-d59cb1c4-ad97-d91a-6731-e7b5f38951a6,,nvidia0,0,10.244.76.99:9400,dcgm-exporter,NVIDIA H100 NVL,,,
2026-08-15 18:04:40.466885,11007,580.173.02,devlab,GPU-d59cb1c4-ad97-d91a-6731-e7b5f38951a6,,nvidia0,0,10.244.76.99:9400,dcgm-exporter,NVIDIA H100 NVL,,,
2026-08-15 18:04:45.466930,11007,580.173.02,devlab,GPU-d59cb1c4-ad97-d91a-6731-e7b5f38951a6,,nvidia0,0,10.244.76.99:9400,dcgm-exporter,NVIDIA H100 NVL,,,
2026-08-15 18:04:50.467881,11007,580.173.02,devlab,GPU-d59cb1c4-ad97-d91a-6731-e7b5f38951a6,,nvidia0,0,10.244.76.99:9400,dcgm-exporter,NVIDIA H100 NVL,,,
2026-08-15 18:04:55.466930,11007,580.173.02,devlab,GPU-d59cb1c4-ad97-d91a-6731-e7b5f38951a6,,nvidia0,0,10.244.76.99:9400,dcgm-exporter,NVIDIA H100 NVL,,,
2026-08-15 18:05:00.463015,11007,580.173.02,devlab,GPU-d59cb1c4-ad97-d91a-6731-e7b5f38951a6,,nvidia0,0,10.244.76.99:9400,dcgm-exporter,NVIDIA H100 NVL,,,
2026-08-15 18:05:05.466923,11007,580.173.02,devlab,GPU-d59cb1c4-ad97-d91a-6731-e7b5f38951a6,,nvidia0,0,10.244.76.99:9400,dcgm-exporter,NVIDIA H100 NVL,,,
2026-08-15 18:05:10.467345,11007,580.173.02,devlab,GPU-d59cb1c4-ad97-d91a-6731-e7b5f38951a6,,nvidia0,0,10.244.76.99:9400,dcgm-exporter,NVIDIA H100 NVL,,,
2026-08-15 18:05:15.466909,11007,580.173.02,devlab,GPU-d59cb1c4-ad97-d91a-6731-e7b5f38951a6,,nvidia0,0,10.244.76.99:9400,dcgm-exporter,NVIDIA H100 NVL,,,
2026-08-15 18:05:20.467353,11007,580.173.02,devlab,GPU-d59cb1c4-ad97-d91a-6731-e7b5f38951a6,,nvidia0,0,10.244.76.99:9400,dcgm-exporter,NVIDIA H100 NVL,,,
2026-08-15 18:05:25.464425,11007,580.173.02,devlab,GPU-d59cb1c4-ad97-d91a-6731-e7b5f38951a6,,nvidia0,0,10.244.76.99:9400,dcgm-exporter,NVIDIA H100 NVL,,,
2026-08-15 18:05:30.467356,11007,580.173.02,devlab,GPU-d59cb1c4-ad97-d91a-6731-e7b5f38951a6,,nvidia0,0,10.244.76.99:9400,dcgm-exporter,NVIDIA H100 NVL,,,
2026-08-15 18:05:35.467375,11007,580.173.02,devlab,GPU-d59cb1c4-ad97-d91a-6731-e7b5f38951a6,,nvidia0,0,10.244.76.99:9400,dcgm-exporter,NVIDIA H100 NVL,,,
2026-08-15 18:05:40.467426,11007,580.173.02,devlab,GPU-d59cb1c4-ad97-d91a-6731-e7b5f38951a6,,nvidia0,0,10.244.76.99:9400,dcgm-exporter,NVIDIA H100 NVL,,,
2026-08-15 18:05:45.466895,11007,580.173.02,devlab,GPU-d59cb1c4-ad97-d91a-6731-e7b5f38951a6,,nvidia0,0,10.244.76.99:9400,dcgm-exporter,NVIDIA H100 NVL,,,
2026-08-15 18:05:50.466366,11007,580.173.02,devlab,GPU-d59cb1c4-ad97-d91a-6731-e7b5f38951a6,,nvidia0,0,10.244.76.99:9400,dcgm-exporter,NVIDIA H100 NVL,,,
2026-08-15 18:05:55.463813,11007,580.173.02,devlab,GPU-d59cb1c4-ad97-d91a-6731-e7b5f38951a6,,nvidia0,0,10.244.76.99:9400,dcgm-exporter,NVIDIA H100 NVL,,,
2026-08-15 18:06:00.466894,11007,580.173.02,devlab,GPU-d59cb1c4-ad97-d91a-6731-e7b5f38951a6,,nvidia0,0,10.244.76.99:9400,dcgm-exporter,NVIDIA H100 NVL,,,
2026-08-15 18:06:05.467385,11007,580.173.02,devlab,GPU-d59cb1c4-ad97-d91a-6731-e7b5f38951a6,,nvidia0,0,10.244.76.99:9400,dcgm-exporter,NVIDIA H100 NVL,,,
2026-08-15 18:06:10.467386,11007,580.173.02,devlab,GPU-d59cb1c4-ad97-d91a-6731-e7b5f38951a6,,nvidia0,0,10.244.76.99:9400,dcgm-exporter,NVIDIA H100 NVL,,,
2026-08-15 18:06:15.467366,11007,580.173.02,devlab,GPU-d59cb1c4-ad97-d91a-6731-e7b5f38951a6,,nvidia0,0,10.244.76.99:9400,dcgm-exporter,NVIDIA H100 NVL,,,
2026-08-15 18:06:20.467400,11007,580.173.02,devlab,GPU-d59cb1c4-ad97-d91a-6731-e7b5f38951a6,,nvidia0,0,10.244.76.99:9400,dcgm-exporter,NVIDIA H100 NVL,,,
2026-08-15 18:06:25.467441,11007,580.173.02,devlab,GPU-d59cb1c4-ad97-d91a-6731-e7b5f38951a6,,nvidia0,0,10.244.76.99:9400,dcgm-exporter,NVIDIA H100 NVL,,,
2026-08-15 18:06:30.467404,11007,580.173.02,devlab,GPU-d59cb1c4-ad97-d91a-6731-e7b5f38951a6,,nvidia0,0,10.244.76.99:9400,dcgm-exporter,NVIDIA H100 NVL,,,
2026-08-15 18:06:35.467427,11007,580.173.02,devlab,GPU-d59cb1c4-ad97-d91a-6731-e7b5f38951a6,,nvidia0,0,10.244.76.99:9400,dcgm-exporter,NVIDIA H100 NVL,,,
2026-08-15 18:06:40.467914,11007,580.173.02,devlab,GPU-d59cb1c4-ad97-d91a-6731-e7b5f38951a6,,nvidia0,0,10.244.76.99:9400,dcgm-exporter,NVIDIA H100 NVL,,,
2026-08-15 18:06:45.467335,11007,580.173.02,devlab,GPU-d59cb1c4-ad97-d91a-6731-e7b5f38951a6,,nvidia0,0,10.244.76.99:9400,dcgm-exporter,NVIDIA H100 NVL,,,
2026-08-15 18:06:50.467448,11007,580.173.02,devlab,GPU-d59cb1c4-ad97-d91a-6731-e7b5f38951a6,,nvidia0,0,10.244.76.99:9400,dcgm-exporter,NVIDIA H100 NVL,,,
2026-08-15 18:06:55.462973,11007,580.173.02,devlab,GPU-d59cb1c4-ad97-d91a-6731-e7b5f38951a6,,nvidia0,0,10.244.76.99:9400,dcgm-exporter,NVIDIA H100 NVL,,,
2026-08-15 18:07:00.466892,11007,580.173.02,devlab,GPU-d59cb1c4-ad97-d91a-6731-e7b5f38951a6,,nvidia0,0,10.244.76.99:9400,dcgm-exporter,NVIDIA H100 NVL,,,
2026-08-15 18:07:05.466917,11007,580.173.02,devlab,GPU-d59cb1c4-ad97-d91a-6731-e7b5f38951a6,,nvidia0,0,10.244.76.99:9400,dcgm-exporter,NVIDIA H100 NVL,,,
2026-08-15 18:07:10.466884,11007,580.173.02,devlab,GPU-d59cb1c4-ad97-d91a-6731-e7b5f38951a6,,nvidia0,0,10.244.76.99:9400,dcgm-exporter,NVIDIA H100 NVL,,,
2026-08-15 18:07:15.467210,11007,580.173.02,devlab,GPU-d59cb1c4-ad97-d91a-6731-e7b5f38951a6,,nvidia0,0,10.244.76.99:9400,dcgm-exporter,NVIDIA H100 NVL,,,
2026-08-15 18:07:20.467045,11007,580.173.02,devlab,GPU-d59cb1c4-ad97-d91a-6731-e7b5f38951a6,,nvidia0,0,10.244.76.99:9400,dcgm-exporter,NVIDIA H100 NVL,,,
2026-08-15 18:07:25.466900,11007,580.173.02,devlab,GPU-d59cb1c4-ad97-d91a-6731-e7b5f38951a6,,nvidia0,0,10.244.76.99:9400,dcgm-exporter,NVIDIA H100 NVL,,,
2026-08-15 18:07:30.464698,11007,580.173.02,devlab,GPU-d59cb1c4-ad97-d91a-6731-e7b5f38951a6,,nvidia0,0,10.244.76.99:9400,dcgm-exporter,NVIDIA H100 NVL,,,
2026-08-15 18:07:35.466933,11007,580.173.02,devlab,GPU-d59cb1c4-ad97-d91a-6731-e7b5f38951a6,,nvidia0,0,10.244.76.99:9400,dcgm-exporter,NVIDIA H100 NVL,,,
2026-08-15 18:07:40.464206,11007,580.173.02,devlab,GPU-d59cb1c4-ad97-d91a-6731-e7b5f38951a6,,nvidia0,0,10.244.76.99:9400,dcgm-exporter,NVIDIA H100 NVL,,,
2026-08-15 18:07:45.467378,11007,580.173.02,devlab,GPU-d59cb1c4-ad97-d91a-6731-e7b5f38951a6,,nvidia0,0,10.244.76.99:9400,dcgm-exporter,NVIDIA H100 NVL,,,
2026-08-15 18:07:50.467384,11007,580.173.02,devlab,GPU-d59cb1c4-ad97-d91a-6731-e7b5f38951a6,,nvidia0,0,10.244.76.99:9400,dcgm-exporter,NVIDIA H100 NVL,,,
2026-08-15 18:07:55.467267,11007,580.173.02,devlab,GPU-d59cb1c4-ad97-d91a-6731-e7b5f38951a6,,nvidia0,0,10.244.76.99:9400,dcgm-exporter,NVIDIA H100 NVL,,,
2026-08-15 18:08:00.466898,11007,580.173.02,devlab,GPU-d59cb1c4-ad97-d91a-6731-e7b5f38951a6,,nvidia0,0,10.244.76.99:9400,dcgm-exporter,NVIDIA H100 NVL,,,
2026-08-15 18:08:05.467051,11007,580.173.02,devlab,GPU-d59cb1c4-ad97-d91a-6731-e7b5f38951a6,,nvidia0,0,10.244.76.99:9400,dcgm-exporter,NVIDIA H100 NVL,,,
2026-08-15 18:08:10.467391,11007,580.173.02,devlab,GPU-d59cb1c4-ad97-d91a-6731-e7b5f38951a6,,nvidia0,0,10.244.76.99:9400,dcgm-exporter,NVIDIA H100 NVL,,,
2026-08-15 18:08:15.467370,11007,580.173.02,devlab,GPU-d59cb1c4-ad97-d91a-6731-e7b5f38951a6,,nvidia0,0,10.244.76.99:9400,dcgm-exporter,NVIDIA H100 NVL,,,
2026-08-15 18:08:20.467388,11007,580.173.02,devlab,GPU-d59cb1c4-ad97-d91a-6731-e7b5f38951a6,,nvidia0,0,10.244.76.99:9400,dcgm-exporter,NVIDIA H100 NVL,,,
2026-08-15 18:08:25.467394,11007,580.173.02,devlab,GPU-d59cb1c4-ad97-d91a-6731-e7b5f38951a6,,nvidia0,0,10.244.76.99:9400,dcgm-exporter,NVIDIA H100 NVL,,,
2026-08-15 18:08:30.466909,11007,580.173.02,devlab,GPU-d59cb1c4-ad97-d91a-6731-e7b5f38951a6,,nvidia0,0,10.244.76.99:9400,dcgm-exporter,NVIDIA H100 NVL,,,
2026-08-15 18:08:35.467428,11007,580.173.02,devlab,GPU-d59cb1c4-ad97-d91a-6731-e7b5f38951a6,,nvidia0,0,10.244.76.99:9400,dcgm-exporter,NVIDIA H100 NVL,,,
2026-08-15 18:08:40.466885,11007,580.173.02,devlab,GPU-d59cb1c4-ad97-d91a-6731-e7b5f38951a6,,nvidia0,0,10.244.76.99:9400,dcgm-exporter,NVIDIA H100 NVL,,,
2026-08-15 18:08:45.467384,11007,580.173.02,devlab,GPU-d59cb1c4-ad97-d91a-6731-e7b5f38951a6,,nvidia0,0,10.244.76.99:9400,dcgm-exporter,NVIDIA H100 NVL,,,
2026-08-15 18:08:50.463043,11007,580.173.02,devlab,GPU-d59cb1c4-ad97-d91a-6731-e7b5f38951a6,,nvidia0,0,10.244.76.99:9400,dcgm-exporter,NVIDIA H100 NVL,,,
2026-08-15 18:08:55.467356,11007,580.173.02,devlab,GPU-d59cb1c4-ad97-d91a-6731-e7b5f38951a6,,nvidia0,0,10.244.76.99:9400,dcgm-exporter,NVIDIA H100 NVL,,,
2026-08-15 18:09:00.466893,11007,580.173.02,devlab,GPU-d59cb1c4-ad97-d91a-6731-e7b5f38951a6,,nvidia0,0,10.244.76.99:9400,dcgm-exporter,NVIDIA H100 NVL,,,
2026-08-15 18:09:05.467398,11007,580.173.02,devlab,GPU-d59cb1c4-ad97-d91a-6731-e7b5f38951a6,,nvidia0,0,10.244.76.99:9400,dcgm-exporter,NVIDIA H100 NVL,,,
2026-08-15 18:09:10.466880,11007,580.173.02,devlab,GPU-d59cb1c4-ad97-d91a-6731-e7b5f38951a6,,nvidia0,0,10.244.76.99:9400,dcgm-exporter,NVIDIA H100 NVL,,,
2026-08-15 18:09:15.466699,11007,580.173.02,devlab,GPU-d59cb1c4-ad97-d91a-6731-e7b5f38951a6,,nvidia0,0,10.244.76.99:9400,dcgm-exporter,NVIDIA H100 NVL,,,
2026-08-15 18:09:20.464017,11007,580.173.02,devlab,GPU-d59cb1c4-ad97-d91a-6731-e7b5f38951a6,,nvidia0,0,10.244.76.99:9400,dcgm-exporter,NVIDIA H100 NVL,,,
2026-08-15 18:09:25.466883,11007,580.173.02,devlab,GPU-d59cb1c4-ad97-d91a-6731-e7b5f38951a6,,nvidia0,0,10.244.76.99:9400,dcgm-exporter,NVIDIA H100 NVL,,,
2026-08-15 18:09:30.465369,11007,580.173.02,devlab,GPU-d59cb1c4-ad97-d91a-6731-e7b5f38951a6,,nvidia0,0,10.244.76.99:9400,dcgm-exporter,NVIDIA H100 NVL,,,
2026-08-15 18:09:35.467410,11007,580.173.02,devlab,GPU-d59cb1c4-ad97-d91a-6731-e7b5f38951a6,,nvidia0,0,10.244.76.99:9400,dcgm-exporter,NVIDIA H100 NVL,,,
2026-08-15 18:09:40.467409,11007,580.173.02,devlab,GPU-d59cb1c4-ad97-d91a-6731-e7b5f38951a6,,nvidia0,0,10.244.76.99:9400,dcgm-exporter,NVIDIA H100 NVL,,,
2026-08-15 18:09:45.467369,11007,580.173.02,devlab,GPU-d59cb1c4-ad97-d91a-6731-e7b5f38951a6,,nvidia0,0,10.244.76.99:9400,dcgm-exporter,NVIDIA H100 NVL,,,
2026-08-15 18:09:50.467412,11007,580.173.02,devlab,GPU-d59cb1c4-ad97-d91a-6731-e7b5f38951a6,,nvidia0,0,10.244.76.99:9400,dcgm-exporter,NVIDIA H100 NVL,,,
2026-08-15 18:09:55.464941,11007,580.173.02,devlab,GPU-d59cb1c4-ad97-d91a-6731-e7b5f38951a6,,nvidia0,0,10.244.76.99:9400,dcgm-exporter,NVIDIA H100 NVL,,,
2026-08-15 18:10:00.467409,11007,580.173.02,devlab,GPU-d59cb1c4-ad97-d91a-6731-e7b5f38951a6,,nvidia0,0,10.244.76.99:9400,dcgm-exporter,NVIDIA H100 NVL,,,
2026-08-15 18:10:05.467082,11007,580.173.02,devlab,GPU-d59cb1c4-ad97-d91a-6731-e7b5f38951a6,,nvidia0,0,10.244.76.99:9400,dcgm-exporter,NVIDIA H100 NVL,,,
2026-08-15 18:10:10.465154,11007,580.173.02,devlab,GPU-d59cb1c4-ad97-d91a-6731-e7b5f38951a6,,nvidia0,0,10.244.76.99:9400,dcgm-exporter,NVIDIA H100 NVL,,,
2026-08-15 18:10:15.467421,11007,580.173.02,devlab,GPU-d59cb1c4-ad97-d91a-6731-e7b5f38951a6,,nvidia0,0,10.244.76.99:9400,dcgm-exporter,NVIDIA H100 NVL,,,
2026-08-15 18:10:20.467394,11007,580.173.02,devlab,GPU-d59cb1c4-ad97-d91a-6731-e7b5f38951a6,,nvidia0,0,10.244.76.99:9400,dcgm-exporter,NVIDIA H100 NVL,,,
2026-08-15 18:10:25.467876,11007,580.173.02,devlab,GPU-d59cb1c4-ad97-d91a-6731-e7b5f38951a6,,nvidia0,0,10.244.76.99:9400,dcgm-exporter,NVIDIA H100 NVL,,,
2026-08-15 18:10:30.467364,11007,580.173.02,devlab,GPU-d59cb1c4-ad97-d91a-6731-e7b5f38951a6,,nvidia0,0,10.244.76.99:9400,dcgm-exporter,NVIDIA H100 NVL,,,
2026-08-15 18:10:35.465457,11007,580.173.02,devlab,GPU-d59cb1c4-ad97-d91a-6731-e7b5f38951a6,,nvidia0,0,10.244.76.99:9400,dcgm-exporter,NVIDIA H100 NVL,,,
2026-08-15 18:10:40.466884,11007,580.173.02,devlab,GPU-d59cb1c4-ad97-d91a-6731-e7b5f38951a6,,nvidia0,0,10.244.76.99:9400,dcgm-exporter,NVIDIA H100 NVL,,,
2026-08-15 18:10:45.466926,11007,580.173.02,devlab,GPU-d59cb1c4-ad97-d91a-6731-e7b5f38951a6,,nvidia0,0,10.244.76.99:9400,dcgm-exporter,NVIDIA H100 NVL,,,
2026-08-15 18:10:50.467452,11007,580.173.02,devlab,GPU-d59cb1c4-ad97-d91a-6731-e7b5f38951a6,,nvidia0,0,10.244.76.99:9400,dcgm-exporter,NVIDIA H100 NVL,,,
2026-08-15 18:10:55.467411,11007,580.173.02,devlab,GPU-d59cb1c4-ad97-d91a-6731-e7b5f38951a6,,nvidia0,0,10.244.76.99:9400,dcgm-exporter,NVIDIA H100 NVL,,,
2026-08-15 18:11:00.467452,11007,580.173.02,devlab,GPU-d59cb1c4-ad97-d91a-6731-e7b5f38951a6,,nvidia0,0,10.244.76.99:9400,dcgm-exporter,NVIDIA H100 NVL,,,
2026-08-15 18:11:05.466889,11007,580.173.02,devlab,GPU-d59cb1c4-ad97-d91a-6731-e7b5f38951a6,,nvidia0,0,10.244.76.99:9400,dcgm-exporter,NVIDIA H100 NVL,,,
2026-08-15 18:11:10.467396,11007,580.173.02,devlab,GPU-d59cb1c4-ad97-d91a-6731-e7b5f38951a6,,nvidia0,0,10.244.76.99:9400,dcgm-exporter,NVIDIA H100 NVL,,,
2026-08-15 18:11:15.467406,11007,580.173.02,devlab,GPU-d59cb1c4-ad97-d91a-6731-e7b5f38951a6,,nvidia0,0,10.244.76.99:9400,dcgm-exporter,NVIDIA H100 NVL,,,
2026-08-15 18:11:20.467423,11007,580.173.02,devlab,GPU-d59cb1c4-ad97-d91a-6731-e7b5f38951a6,,nvidia0,0,10.244.76.99:9400,dcgm-exporter,NVIDIA H100 NVL,,,
2026-08-15 18:11:25.464253,11007,580.173.02,devlab,GPU-d59cb1c4-ad97-d91a-6731-e7b5f38951a6,,nvidia0,0,10.244.76.99:9400,dcgm-exporter,NVIDIA H100 NVL,,,
2026-08-15 18:11:30.465287,11007,580.173.02,devlab,GPU-d59cb1c4-ad97-d91a-6731-e7b5f38951a6,,nvidia0,0,10.244.76.99:9400,dcgm-exporter,NVIDIA H100 NVL,,,
2026-08-15 18:11:35.464760,11007,580.173.02,devlab,GPU-d59cb1c4-ad97-d91a-6731-e7b5f38951a6,,nvidia0,0,10.244.76.99:9400,dcgm-exporter,NVIDIA H100 NVL,,,
2026-08-15 18:11:40.467413,11007,580.173.02,devlab,GPU-d59cb1c4-ad97-d91a-6731-e7b5f38951a6,,nvidia0,0,10.244.76.99:9400,dcgm-exporter,NVIDIA H100 NVL,,,
2026-08-15 18:11:45.467406,11007,580.173.02,devlab,GPU-d59cb1c4-ad97-d91a-6731-e7b5f38951a6,,nvidia0,0,10.244.76.99:9400,dcgm-exporter,NVIDIA H100 NVL,,,
2026-08-15 18:11:50.467413,11007,580.173.02,devlab,GPU-d59cb1c4-ad97-d91a-6731-e7b5f38951a6,,nvidia0,0,10.244.76.99:9400,dcgm-exporter,NVIDIA H100 NVL,,,
2026-08-15 18:11:55.467384,11007,580.173.02,devlab,GPU-d59cb1c4-ad97-d91a-6731-e7b5f38951a6,,nvidia0,0,10.244.76.99:9400,dcgm-exporter,NVIDIA H100 NVL,,,
2026-08-15 18:12:00.467389,11007,580.173.02,devlab,GPU-d59cb1c4-ad97-d91a-6731-e7b5f38951a6,,nvidia0,0,10.244.76.99:9400,dcgm-exporter,NVIDIA H100 NVL,,,
2026-08-15 18:12:05.466889,11007,580.173.02,devlab,GPU-d59cb1c4-ad97-d91a-6731-e7b5f38951a6,,nvidia0,0,10.244.76.99:9400,dcgm-exporter,NVIDIA H100 NVL,,,
2026-08-15 18:12:10.467409,11007,580.173.02,devlab,GPU-d59cb1c4-ad97-d91a-6731-e7b5f38951a6,,nvidia0,0,10.244.76.99:9400,dcgm-exporter,NVIDIA H100 NVL,,,
2026-08-15 18:12:15.467434,11007,580.173.02,devlab,GPU-d59cb1c4-ad97-d91a-6731-e7b5f38951a6,,nvidia0,0,10.244.76.99:9400,dcgm-exporter,NVIDIA H100 NVL,,,
2026-08-15 18:12:20.467451,11007,580.173.02,devlab,GPU-d59cb1c4-ad97-d91a-6731-e7b5f38951a6,,nvidia0,0,10.244.76.99:9400,dcgm-exporter,NVIDIA H100 NVL,,,
2026-08-15 18:12:25.467393,11007,580.173.02,devlab,GPU-d59cb1c4-ad97-d91a-6731-e7b5f38951a6,,nvidia0,0,10.244.76.99:9400,dcgm-exporter,NVIDIA H100 NVL,,,
2026-08-15 18:12:30.467401,11007,580.173.02,devlab,GPU-d59cb1c4-ad97-d91a-6731-e7b5f38951a6,,nvidia0,0,10.244.76.99:9400,dcgm-exporter,NVIDIA H100 NVL,,,
2026-08-15 18:12:35.466895,11007,580.173.02,devlab,GPU-d59cb1c4-ad97-d91a-6731-e7b5f38951a6,,nvidia0,0,10.244.76.99:9400,dcgm-exporter,NVIDIA H100 NVL,,,
2026-08-15 18:12:40.467435,11007,580.173.02,devlab,GPU-d59cb1c4-ad97-d91a-6731-e7b5f38951a6,,nvidia0,0,10.244.76.99:9400,dcgm-exporter,NVIDIA H100 NVL,,,
2026-08-15 18:12:45.467397,11007,580.173.02,devlab,GPU-d59cb1c4-ad97-d91a-6731-e7b5f38951a6,,nvidia0,0,10.244.76.99:9400,dcgm-exporter,NVIDIA H100 NVL,,,
2026-08-15 18:12:50.467409,11007,580.173.02,devlab,GPU-d59cb1c4-ad97-d91a-6731-e7b5f38951a6,,nvidia0,0,10.244.76.99:9400,dcgm-exporter,NVIDIA H100 NVL,,,
2026-08-15 18:12:55.467424,11007,580.173.02,devlab,GPU-d59cb1c4-ad97-d91a-6731-e7b5f38951a6,,nvidia0,0,10.244.76.99:9400,dcgm-exporter,NVIDIA H100 NVL,,,
2026-08-15 18:13:00.467468,11007,580.173.02,devlab,GPU-d59cb1c4-ad97-d91a-6731-e7b5f38951a6,,nvidia0,0,10.244.76.99:9400,dcgm-exporter,NVIDIA H100 NVL,,,
2026-08-15 18:13:05.465747,11007,580.173.02,devlab,GPU-d59cb1c4-ad97-d91a-6731-e7b5f38951a6,,nvidia0,0,10.244.76.99:9400,dcgm-exporter,NVIDIA H100 NVL,,,
2026-08-15 18:13:10.466728,11007,580.173.02,devlab,GPU-d59cb1c4-ad97-d91a-6731-e7b5f38951a6,,nvidia0,0,10.244.76.99:9400,dcgm-exporter,NVIDIA H100 NVL,,,
2026-08-15 18:13:15.467453,11007,580.173.02,devlab,GPU-d59cb1c4-ad97-d91a-6731-e7b5f38951a6,,nvidia0,0,10.244.76.99:9400,dcgm-exporter,NVIDIA H100 NVL,,,
2026-08-15 18:13:20.467352,11007,580.173.02,devlab,GPU-d59cb1c4-ad97-d91a-6731-e7b5f38951a6,,nvidia0,0,10.244.76.99:9400,dcgm-exporter,NVIDIA H100 NVL,,,
2026-08-15 18:13:25.467402,11007,580.173.02,devlab,GPU-d59cb1c4-ad97-d91a-6731-e7b5f38951a6,,nvidia0,0,10.244.76.99:9400,dcgm-exporter,NVIDIA H100 NVL,,,
2026-08-15 18:13:30.467408,11007,580.173.02,devlab,GPU-d59cb1c4-ad97-d91a-6731-e7b5f38951a6,,nvidia0,0,10.244.76.99:9400,dcgm-exporter,NVIDIA H100 NVL,,,
2026-08-15 18:13:35.467391,11007,580.173.02,devlab,GPU-d59cb1c4-ad97-d91a-6731-e7b5f38951a6,,nvidia0,0,10.244.76.99:9400,dcgm-exporter,NVIDIA H100 NVL,,,
2026-08-15 18:13:40.467414,11007,580.173.02,devlab,GPU-d59cb1c4-ad97-d91a-6731-e7b5f38951a6,,nvidia0,0,10.244.76.99:9400,dcgm-exporter,NVIDIA H100 NVL,,,
2026-08-15 18:13:45.463269,11007,580.173.02,devlab,GPU-d59cb1c4-ad97-d91a-6731-e7b5f38951a6,,nvidia0,0,10.244.76.99:9400,dcgm-exporter,NVIDIA H100 NVL,,,
2026-08-15 18:13:50.466881,11007,580.173.02,devlab,GPU-d59cb1c4-ad97-d91a-6731-e7b5f38951a6,,nvidia0,0,10.244.76.99:9400,dcgm-exporter,NVIDIA H100 NVL,,,
2026-08-15 18:13:55.467430,11007,580.173.02,devlab,GPU-d59cb1c4-ad97-d91a-6731-e7b5f38951a6,,nvidia0,0,10.244.76.99:9400,dcgm-exporter,NVIDIA H100 NVL,,,
2026-08-15 18:14:00.467423,11007,580.173.02,devlab,GPU-d59cb1c4-ad97-d91a-6731-e7b5f38951a6,,nvidia0,0,10.244.76.99:9400,dcgm-exporter,NVIDIA H100 NVL,,,
2026-08-15 18:14:05.467407,11007,580.173.02,devlab,GPU-d59cb1c4-ad97-d91a-6731-e7b5f38951a6,,nvidia0,0,10.244.76.99:9400,dcgm-exporter,NVIDIA H100 NVL,,,
2026-08-15 18:14:10.466886,11007,580.173.02,devlab,GPU-d59cb1c4-ad97-d91a-6731-e7b5f38951a6,,nvidia0,0,10.244.76.99:9400,dcgm-exporter,NVIDIA H100 NVL,,,
2026-08-15 18:14:15.466888,11007,580.173.02,devlab,GPU-d59cb1c4-ad97-d91a-6731-e7b5f38951a6,,nvidia0,0,10.244.76.99:9400,dcgm-exporter,NVIDIA H100 NVL,,,
2026-08-15 18:14:20.467446,11007,580.173.02,devlab,GPU-d59cb1c4-ad97-d91a-6731-e7b5f38951a6,,nvidia0,0,10.244.76.99:9400,dcgm-exporter,NVIDIA H100 NVL,,,
2026-08-15 18:14:25.467611,11007,580.173.02,devlab,GPU-d59cb1c4-ad97-d91a-6731-e7b5f38951a6,,nvidia0,0,10.244.76.99:9400,dcgm-exporter,NVIDIA H100 NVL,,,
2026-08-15 18:14:30.464283,11007,580.173.02,devlab,GPU-d59cb1c4-ad97-d91a-6731-e7b5f38951a6,,nvidia0,0,10.244.76.99:9400,dcgm-exporter,NVIDIA H100 NVL,,,
2026-08-15 18:14:35.467421,11007,580.173.02,devlab,GPU-d59cb1c4-ad97-d91a-6731-e7b5f38951a6,,nvidia0,0,10.244.76.99:9400,dcgm-exporter,NVIDIA H100 NVL,,,
2026-08-15 18:14:40.464241,11007,580.173.02,devlab,GPU-d59cb1c4-ad97-d91a-6731-e7b5f38951a6,,nvidia0,0,10.244.76.99:9400,dcgm-exporter,NVIDIA H100 NVL,,,
2026-08-15 18:14:45.463240,11007,580.173.02,devlab,GPU-d59cb1c4-ad97-d91a-6731-e7b5f38951a6,,nvidia0,0,10.244.76.99:9400,dcgm-exporter,NVIDIA H100 NVL,,,
2026-08-15 18:14:50.466899,11007,580.173.02,devlab,GPU-d59cb1c4-ad97-d91a-6731-e7b5f38951a6,,nvidia0,0,10.244.76.99:9400,dcgm-exporter,NVIDIA H100 NVL,,,
2026-08-15 18:14:55.467404,11007,580.173.02,devlab,GPU-d59cb1c4-ad97-d91a-6731-e7b5f38951a6,,nvidia0,0,10.244.76.99:9400,dcgm-exporter,NVIDIA H100 NVL,,,
2026-08-15 18:15:00.464933,11007,580.173.02,devlab,GPU-d59cb1c4-ad97-d91a-6731-e7b5f38951a6,,nvidia0,0,10.244.76.99:9400,dcgm-exporter,NVIDIA H100 NVL,,,
2026-08-15 18:15:05.463253,11007,580.173.02,devlab,GPU-d59cb1c4-ad97-d91a-6731-e7b5f38951a6,,nvidia0,0,10.244.76.99:9400,dcgm-exporter,NVIDIA H100 NVL,,,
2026-08-15 18:15:10.467411,11007,580.173.02,devlab,GPU-d59cb1c4-ad97-d91a-6731-e7b5f38951a6,,nvidia0,0,10.244.76.99:9400,dcgm-exporter,NVIDIA H100 NVL,,,
2026-08-15 18:15:15.463827,11007,580.173.02,devlab,GPU-d59cb1c4-ad97-d91a-6731-e7b5f38951a6,,nvidia0,0,10.244.76.99:9400,dcgm-exporter,NVIDIA H100 NVL,,,
2026-08-15 18:15:20.467416,11007,580.173.02,devlab,GPU-d59cb1c4-ad97-d91a-6731-e7b5f38951a6,,nvidia0,0,10.244.76.99:9400,dcgm-exporter,NVIDIA H100 NVL,,,
2026-08-15 18:15:25.467417,11007,580.173.02,devlab,GPU-d59cb1c4-ad97-d91a-6731-e7b5f38951a6,,nvidia0,0,10.244.76.99:9400,dcgm-exporter,NVIDIA H100 NVL,,,
2026-08-15 18:15:30.467411,11007,580.173.02,devlab,GPU-d59cb1c4-ad97-d91a-6731-e7b5f38951a6,,nvidia0,0,10.244.76.99:9400,dcgm-exporter,NVIDIA H100 NVL,,,
2026-08-15 18:15:35.462761,11007,580.173.02,devlab,GPU-d59cb1c4-ad97-d91a-6731-e7b5f38951a6,,nvidia0,0,10.244.76.99:9400,dcgm-exporter,NVIDIA H100 NVL,,,
2026-08-15 18:15:40.467412,11007,580.173.02,devlab,GPU-d59cb1c4-ad97-d91a-6731-e7b5f38951a6,,nvidia0,0,10.244.76.99:9400,dcgm-exporter,NVIDIA H100 NVL,,,
2026-08-15 18:15:45.466908,11007,580.173.02,devlab,GPU-d59cb1c4-ad97-d91a-6731-e7b5f38951a6,,nvidia0,0,10.244.76.99:9400,dcgm-exporter,NVIDIA H100 NVL,,,
2026-08-15 18:15:50.466923,11007,580.173.02,devlab,GPU-d59cb1c4-ad97-d91a-6731-e7b5f38951a6,,nvidia0,0,10.244.76.99:9400,dcgm-exporter,NVIDIA H100 NVL,,,
2026-08-15 18:15:55.464275,11007,580.173.02,devlab,GPU-d59cb1c4-ad97-d91a-6731-e7b5f38951a6,,nvidia0,0,10.244.76.99:9400,dcgm-exporter,NVIDIA H100 NVL,,,
2026-08-15 18:16:00.467429,11007,580.173.02,devlab,GPU-d59cb1c4-ad97-d91a-6731-e7b5f38951a6,,nvidia0,0,10.244.76.99:9400,dcgm-exporter,NVIDIA H100 NVL,,,
2026-08-15 18:16:05.466584,11007,580.173.02,devlab,GPU-d59cb1c4-ad97-d91a-6731-e7b5f38951a6,,nvidia0,0,10.244.76.99:9400,dcgm-exporter,NVIDIA H100 NVL,,,
2026-08-15 18:16:10.466893,11007,580.173.02,devlab,GPU-d59cb1c4-ad97-d91a-6731-e7b5f38951a6,,nvidia0,0,10.244.76.99:9400,dcgm-exporter,NVIDIA H100 NVL,,,
2026-08-15 18:16:15.467311,11007,580.173.02,devlab,GPU-d59cb1c4-ad97-d91a-6731-e7b5f38951a6,,nvidia0,0,10.244.76.99:9400,dcgm-exporter,NVIDIA H100 NVL,,,
2026-08-15 18:16:20.467410,11007,580.173.02,devlab,GPU-d59cb1c4-ad97-d91a-6731-e7b5f38951a6,,nvidia0,0,10.244.76.99:9400,dcgm-exporter,NVIDIA H100 NVL,,,
2026-08-15 18:16:25.467420,11007,580.173.02,devlab,GPU-d59cb1c4-ad97-d91a-6731-e7b5f38951a6,,nvidia0,0,10.244.76.99:9400,dcgm-exporter,NVIDIA H100 NVL,,,
2026-08-15 18:16:30.464953,11007,580.173.02,devlab,GPU-d59cb1c4-ad97-d91a-6731-e7b5f38951a6,,nvidia0,0,10.244.76.99:9400,dcgm-exporter,NVIDIA H100 NVL,,,
2026-08-15 18:16:35.467415,11007,580.173.02,devlab,GPU-d59cb1c4-ad97-d91a-6731-e7b5f38951a6,,nvidia0,0,10.244.76.99:9400,dcgm-exporter,NVIDIA H100 NVL,,,
2026-08-15 18:16:40.467404,11007,580.173.02,devlab,GPU-d59cb1c4-ad97-d91a-6731-e7b5f38951a6,,nvidia0,0,10.244.76.99:9400,dcgm-exporter,NVIDIA H100 NVL,,,
2026-08-15 18:16:45.467438,11007,580.173.02,devlab,GPU-d59cb1c4-ad97-d91a-6731-e7b5f38951a6,,nvidia0,0,10.244.76.99:9400,dcgm-exporter,NVIDIA H100 NVL,,,
2026-08-15 18:16:50.467410,11007,580.173.02,devlab,GPU-d59cb1c4-ad97-d91a-6731-e7b5f38951a6,,nvidia0,0,10.244.76.99:9400,dcgm-exporter,NVIDIA H100 NVL,,,
2026-08-15 18:16:55.464971,11007,580.173.02,devlab,GPU-d59cb1c4-ad97-d91a-6731-e7b5f38951a6,,nvidia0,0,10.244.76.99:9400,dcgm-exporter,NVIDIA H100 NVL,,,
2026-08-15 18:17:00.467410,11007,580.173.02,devlab,GPU-d59cb1c4-ad97-d91a-6731-e7b5f38951a6,,nvidia0,0,10.244.76.99:9400,dcgm-exporter,NVIDIA H100 NVL,,,
2026-08-15 18:17:05.467421,11007,580.173.02,devlab,GPU-d59cb1c4-ad97-d91a-6731-e7b5f38951a6,,nvidia0,0,10.244.76.99:9400,dcgm-exporter,NVIDIA H100 NVL,,,
2026-08-15 18:17:10.467367,11007,580.173.02,devlab,GPU-d59cb1c4-ad97-d91a-6731-e7b5f38951a6,,nvidia0,0,10.244.76.99:9400,dcgm-exporter,NVIDIA H100 NVL,,,
2026-08-15 18:17:15.463421,11007,580.173.02,devlab,GPU-d59cb1c4-ad97-d91a-6731-e7b5f38951a6,,nvidia0,0,10.244.76.99:9400,dcgm-exporter,NVIDIA H100 NVL,,,
2026-08-15 18:17:20.466896,11007,580.173.02,devlab,GPU-d59cb1c4-ad97-d91a-6731-e7b5f38951a6,,nvidia0,0,10.244.76.99:9400,dcgm-exporter,NVIDIA H100 NVL,,,
2026-08-15 18:17:25.466892,11007,580.173.02,devlab,GPU-d59cb1c4-ad97-d91a-6731-e7b5f38951a6,,nvidia0,0,10.244.76.99:9400,dcgm-exporter,NVIDIA H100 NVL,,,
2026-08-15 18:17:30.467408,11007,580.173.02,devlab,GPU-d59cb1c4-ad97-d91a-6731-e7b5f38951a6,,nvidia0,0,10.244.76.99:9400,dcgm-exporter,NVIDIA H100 NVL,,,
2026-08-15 18:17:35.464929,11007,580.173.02,devlab,GPU-d59cb1c4-ad97-d91a-6731-e7b5f38951a6,,nvidia0,0,10.244.76.99:9400,dcgm-exporter,NVIDIA H100 NVL,,,
2026-08-15 18:17:40.466893,11007,580.173.02,devlab,GPU-d59cb1c4-ad97-d91a-6731-e7b5f38951a6,,nvidia0,0,10.244.76.99:9400,dcgm-exporter,NVIDIA H100 NVL,,,
2026-08-15 18:17:45.466558,11007,580.173.02,devlab,GPU-d59cb1c4-ad97-d91a-6731-e7b5f38951a6,,nvidia0,0,10.244.76.99:9400,dcgm-exporter,NVIDIA H100 NVL,,,
2026-08-15 18:17:50.463516,11007,580.173.02,devlab,GPU-d59cb1c4-ad97-d91a-6731-e7b5f38951a6,,nvidia0,0,10.244.76.99:9400,dcgm-exporter,NVIDIA H100 NVL,,,
2026-08-15 18:17:55.467397,11007,580.173.02,devlab,GPU-d59cb1c4-ad97-d91a-6731-e7b5f38951a6,,nvidia0,0,10.244.76.99:9400,dcgm-exporter,NVIDIA H100 NVL,,,
2026-08-15 18:18:00.464388,11007,580.173.02,devlab,GPU-d59cb1c4-ad97-d91a-6731-e7b5f38951a6,,nvidia0,0,10.244.76.99:9400,dcgm-exporter,NVIDIA H100 NVL,,,
2026-08-15 18:18:05.466885,11007,580.173.02,devlab,GPU-d59cb1c4-ad97-d91a-6731-e7b5f38951a6,,nvidia0,0,10.244.76.99:9400,dcgm-exporter,NVIDIA H100 NVL,,,
2026-08-15 18:18:10.467426,11007,580.173.02,devlab,GPU-d59cb1c4-ad97-d91a-6731-e7b5f38951a6,,nvidia0,0,10.244.76.99:9400,dcgm-exporter,NVIDIA H100 NVL,,,
2026-08-15 18:18:15.466935,11007,580.173.02,devlab,GPU-d59cb1c4-ad97-d91a-6731-e7b5f38951a6,,nvidia0,0,10.244.76.99:9400,dcgm-exporter,NVIDIA H100 NVL,,,
2026-08-15 18:18:20.463952,11007,580.173.02,devlab,GPU-d59cb1c4-ad97-d91a-6731-e7b5f38951a6,,nvidia0,0,10.244.76.99:9400,dcgm-exporter,NVIDIA H100 NVL,,,
2026-08-15 18:18:25.462910,11007,580.173.02,devlab,GPU-d59cb1c4-ad97-d91a-6731-e7b5f38951a6,,nvidia0,0,10.244.76.99:9400,dcgm-exporter,NVIDIA H100 NVL,,,
2026-08-15 18:18:30.467415,11007,580.173.02,devlab,GPU-d59cb1c4-ad97-d91a-6731-e7b5f38951a6,,nvidia0,0,10.244.76.99:9400,dcgm-exporter,NVIDIA H100 NVL,,,
2026-08-15 18:18:35.467415,11007,580.173.02,devlab,GPU-d59cb1c4-ad97-d91a-6731-e7b5f38951a6,,nvidia0,0,10.244.76.99:9400,dcgm-exporter,NVIDIA H100 NVL,,,
2026-08-15 18:18:40.464665,11007,580.173.02,devlab,GPU-d59cb1c4-ad97-d91a-6731-e7b5f38951a6,,nvidia0,0,10.244.76.99:9400,dcgm-exporter,NVIDIA H100 NVL,,,
2026-08-15 18:18:45.467447,11007,580.173.02,devlab,GPU-d59cb1c4-ad97-d91a-6731-e7b5f38951a6,,nvidia0,0,10.244.76.99:9400,dcgm-exporter,NVIDIA H100 NVL,,,
2026-08-15 18:18:50.467439,11007,580.173.02,devlab,GPU-d59cb1c4-ad97-d91a-6731-e7b5f38951a6,,nvidia0,0,10.244.76.99:9400,dcgm-exporter,NVIDIA H100 NVL,,,
2026-08-15 18:18:55.467008,11007,580.173.02,devlab,GPU-d59cb1c4-ad97-d91a-6731-e7b5f38951a6,,nvidia0,0,10.244.76.99:9400,dcgm-exporter,NVIDIA H100 NVL,,,
2026-08-15 18:19:00.467405,11007,580.173.02,devlab,GPU-d59cb1c4-ad97-d91a-6731-e7b5f38951a6,,nvidia0,0,10.244.76.99:9400,dcgm-exporter,NVIDIA H100 NVL,,,
2026-08-15 18:19:05.467193,11007,580.173.02,devlab,GPU-d59cb1c4-ad97-d91a-6731-e7b5f38951a6,,nvidia0,0,10.244.76.99:9400,dcgm-exporter,NVIDIA H100 NVL,,,
2026-08-15 18:19:10.467394,11007,580.173.02,devlab,GPU-d59cb1c4-ad97-d91a-6731-e7b5f38951a6,,nvidia0,0,10.244.76.99:9400,dcgm-exporter,NVIDIA H100 NVL,,,
2026-08-15 18:19:15.466889,11007,580.173.02,devlab,GPU-d59cb1c4-ad97-d91a-6731-e7b5f38951a6,,nvidia0,0,10.244.76.99:9400,dcgm-exporter,NVIDIA H100 NVL,,,
2026-08-15 18:19:20.463927,11007,580.173.02,devlab,GPU-d59cb1c4-ad97-d91a-6731-e7b5f38951a6,,nvidia0,0,10.244.76.99:9400,dcgm-exporter,NVIDIA H100 NVL,,,
2026-08-15 18:19:25.467413,11007,580.173.02,devlab,GPU-d59cb1c4-ad97-d91a-6731-e7b5f38951a6,,nvidia0,0,10.244.76.99:9400,dcgm-exporter,NVIDIA H100 NVL,,,
2026-08-15 18:19:30.464929,11007,580.173.02,devlab,GPU-d59cb1c4-ad97-d91a-6731-e7b5f38951a6,,nvidia0,0,10.244.76.99:9400,dcgm-exporter,NVIDIA H100 NVL,,,
2026-08-15 18:19:35.467415,11007,580.173.02,devlab,GPU-d59cb1c4-ad97-d91a-6731-e7b5f38951a6,,nvidia0,0,10.244.76.99:9400,dcgm-exporter,NVIDIA H100 NVL,,,
2026-08-15 18:19:40.467192,11007,580.173.02,devlab,GPU-d59cb1c4-ad97-d91a-6731-e7b5f38951a6,,nvidia0,0,10.244.76.99:9400,dcgm-exporter,NVIDIA H100 NVL,,,
2026-08-15 18:19:45.467404,11007,580.173.02,devlab,GPU-d59cb1c4-ad97-d91a-6731-e7b5f38951a6,,nvidia0,0,10.244.76.99:9400,dcgm-exporter,NVIDIA H100 NVL,,,
2026-08-15 18:19:50.467881,11007,580.173.02,devlab,GPU-d59cb1c4-ad97-d91a-6731-e7b5f38951a6,,nvidia0,0,10.244.76.99:9400,dcgm-exporter,NVIDIA H100 NVL,,,
2026-08-15 18:19:55.464312,11007,580.173.02,devlab,GPU-d59cb1c4-ad97-d91a-6731-e7b5f38951a6,,nvidia0,0,10.244.76.99:9400,dcgm-exporter,NVIDIA H100 NVL,,,
2026-08-15 18:20:00.467415,11007,580.173.02,devlab,GPU-d59cb1c4-ad97-d91a-6731-e7b5f38951a6,,nvidia0,0,10.244.76.99:9400,dcgm-exporter,NVIDIA H100 NVL,,,
2026-08-15 18:20:05.465994,11007,580.173.02,devlab,GPU-d59cb1c4-ad97-d91a-6731-e7b5f38951a6,,nvidia0,0,10.244.76.99:9400,dcgm-exporter,NVIDIA H100 NVL,,,
2026-08-15 18:20:10.467403,11007,580.173.02,devlab,GPU-d59cb1c4-ad97-d91a-6731-e7b5f38951a6,,nvidia0,0,10.244.76.99:9400,dcgm-exporter,NVIDIA H100 NVL,,,
2026-08-15 18:20:15.467141,11007,580.173.02,devlab,GPU-d59cb1c4-ad97-d91a-6731-e7b5f38951a6,,nvidia0,0,10.244.76.99:9400,dcgm-exporter,NVIDIA H100 NVL,,,
2026-08-15 18:20:20.467506,11007,580.173.02,devlab,GPU-d59cb1c4-ad97-d91a-6731-e7b5f38951a6,,nvidia0,0,10.244.76.99:9400,dcgm-exporter,NVIDIA H100 NVL,,,
2026-08-15 18:20:25.467475,11007,580.173.02,devlab,GPU-d59cb1c4-ad97-d91a-6731-e7b5f38951a6,,nvidia0,0,10.244.76.99:9400,dcgm-exporter,NVIDIA H100 NVL,,,
2026-08-15 18:20:30.467369,11007,580.173.02,devlab,GPU-d59cb1c4-ad97-d91a-6731-e7b5f38951a6,,nvidia0,0,10.244.76.99:9400,dcgm-exporter,NVIDIA H100 NVL,,,
2026-08-15 18:20:35.464629,11007,580.173.02,devlab,GPU-d59cb1c4-ad97-d91a-6731-e7b5f38951a6,,nvidia0,0,10.244.76.99:9400,dcgm-exporter,NVIDIA H100 NVL,,,
2026-08-15 18:20:40.466892,11007,580.173.02,devlab,GPU-d59cb1c4-ad97-d91a-6731-e7b5f38951a6,,nvidia0,0,10.244.76.99:9400,dcgm-exporter,NVIDIA H100 NVL,,,
2026-08-15 18:20:45.467061,11007,580.173.02,devlab,GPU-d59cb1c4-ad97-d91a-6731-e7b5f38951a6,,nvidia0,0,10.244.76.99:9400,dcgm-exporter,NVIDIA H100 NVL,,,
2026-08-15 18:20:50.467432,11007,580.173.02,devlab,GPU-d59cb1c4-ad97-d91a-6731-e7b5f38951a6,,nvidia0,0,10.244.76.99:9400,dcgm-exporter,NVIDIA H100 NVL,,,
2026-08-15 18:20:55.464957,11007,580.173.02,devlab,GPU-d59cb1c4-ad97-d91a-6731-e7b5f38951a6,,nvidia0,0,10.244.76.99:9400,dcgm-exporter,NVIDIA H100 NVL,,,
2026-08-15 18:21:00.465405,11007,580.173.02,devlab,GPU-d59cb1c4-ad97-d91a-6731-e7b5f38951a6,,nvidia0,0,10.244.76.99:9400,dcgm-exporter,NVIDIA H100 NVL,,,
2026-08-15 18:21:05.464950,11007,580.173.02,devlab,GPU-d59cb1c4-ad97-d91a-6731-e7b5f38951a6,,nvidia0,0,10.244.76.99:9400,dcgm-exporter,NVIDIA H100 NVL,,,
2026-08-15 18:21:10.467412,11007,580.173.02,devlab,GPU-d59cb1c4-ad97-d91a-6731-e7b5f38951a6,,nvidia0,0,10.244.76.99:9400,dcgm-exporter,NVIDIA H100 NVL,,,
2026-08-15 18:21:15.467412,11007,580.173.02,devlab,GPU-d59cb1c4-ad97-d91a-6731-e7b5f38951a6,,nvidia0,0,10.244.76.99:9400,dcgm-exporter,NVIDIA H100 NVL,,,
2026-08-15 18:21:20.466702,11007,580.173.02,devlab,GPU-d59cb1c4-ad97-d91a-6731-e7b5f38951a6,,nvidia0,0,10.244.76.99:9400,dcgm-exporter,NVIDIA H100 NVL,,,
2026-08-15 18:21:25.466509,11007,580.173.02,devlab,GPU-d59cb1c4-ad97-d91a-6731-e7b5f38951a6,,nvidia0,0,10.244.76.99:9400,dcgm-exporter,NVIDIA H100 NVL,,,
2026-08-15 18:21:30.467446,11007,580.173.02,devlab,GPU-d59cb1c4-ad97-d91a-6731-e7b5f38951a6,,nvidia0,0,10.244.76.99:9400,dcgm-exporter,NVIDIA H100 NVL,,,
2026-08-15 18:21:35.466519,11007,580.173.02,devlab,GPU-d59cb1c4-ad97-d91a-6731-e7b5f38951a6,,nvidia0,0,10.244.76.99:9400,dcgm-exporter,NVIDIA H100 NVL,,,
2026-08-15 18:21:40.466889,11007,580.173.02,devlab,GPU-d59cb1c4-ad97-d91a-6731-e7b5f38951a6,,nvidia0,0,10.244.76.99:9400,dcgm-exporter,NVIDIA H100 NVL,,,
2026-08-15 18:21:45.467413,11007,580.173.02,devlab,GPU-d59cb1c4-ad97-d91a-6731-e7b5f38951a6,,nvidia0,0,10.244.76.99:9400,dcgm-exporter,NVIDIA H100 NVL,,,
2026-08-15 18:21:50.464944,11007,580.173.02,devlab,GPU-d59cb1c4-ad97-d91a-6731-e7b5f38951a6,,nvidia0,0,10.244.76.99:9400,dcgm-exporter,NVIDIA H100 NVL,,,
2026-08-15 18:21:55.467396,11007,580.173.02,devlab,GPU-d59cb1c4-ad97-d91a-6731-e7b5f38951a6,,nvidia0,0,10.244.76.99:9400,dcgm-exporter,NVIDIA H100 NVL,,,
2026-08-15 18:22:00.467428,11007,580.173.02,devlab,GPU-d59cb1c4-ad97-d91a-6731-e7b5f38951a6,,nvidia0,0,10.244.76.99:9400,dcgm-exporter,NVIDIA H100 NVL,,,
2026-08-15 18:22:05.467387,11007,580.173.02,devlab,GPU-d59cb1c4-ad97-d91a-6731-e7b5f38951a6,,nvidia0,0,10.244.76.99:9400,dcgm-exporter,NVIDIA H100 NVL,,,
2026-08-15 18:22:10.465064,11007,580.173.02,devlab,GPU-d59cb1c4-ad97-d91a-6731-e7b5f38951a6,,nvidia0,0,10.244.76.99:9400,dcgm-exporter,NVIDIA H100 NVL,,,
2026-08-15 18:22:15.463448,11007,580.173.02,devlab,GPU-d59cb1c4-ad97-d91a-6731-e7b5f38951a6,,nvidia0,0,10.244.76.99:9400,dcgm-exporter,NVIDIA H100 NVL,,,
2026-08-15 18:22:20.467432,11007,580.173.02,devlab,GPU-d59cb1c4-ad97-d91a-6731-e7b5f38951a6,,nvidia0,0,10.244.76.99:9400,dcgm-exporter,NVIDIA H100 NVL,,,
2026-08-15 18:22:25.466933,11007,580.173.02,devlab,GPU-d59cb1c4-ad97-d91a-6731-e7b5f38951a6,,nvidia0,0,10.244.76.99:9400,dcgm-exporter,NVIDIA H100 NVL,,,
2026-08-15 18:22:30.467401,11007,580.173.02,devlab,GPU-d59cb1c4-ad97-d91a-6731-e7b5f38951a6,,nvidia0,0,10.244.76.99:9400,dcgm-exporter,NVIDIA H100 NVL,,,
