timestamp,value,instance,job
2026-08-18 12:59:49.251,0.11326744350700879,172.22.174.66:9100,node-exporter
2026-08-18 12:59:54.251,0.112970719377531,172.22.174.66:9100,node-exporter
2026-08-18 12:59:59.251,0.11314801874190095,172.22.174.66:9100,node-exporter
2026-08-18 13:00:04.251,0.13783368459913303,172.22.174.66:9100,node-exporter
2026-08-18 13:00:09.251,0.14287998832789572,172.22.174.66:9100,node-exporter
2026-08-18 13:00:14.251,0.15780278865859698,172.22.174.66:9100,node-exporter
2026-08-18 13:00:19.251,0.20660291240682516,172.22.174.66:9100,node-exporter
2026-08-18 13:00:24.251,0.23198874254942403,172.22.174.66:9100,node-exporter
2026-08-18 13:00:29.251,0.23242233481084884,172.22.174.66:9100,node-exporter
2026-08-18 13:00:34.251,0.22947845516808651,172.22.174.66:9100,node-exporter
2026-08-18 13:00:39.251,0.22632868149888608,172.22.174.66:9100,node-exporter
2026-08-18 13:00:44.251,0.22517181249103302,172.22.174.66:9100,node-exporter
2026-08-18 13:00:49.251,0.22482718140048685,172.22.174.66:9100,node-exporter
2026-08-18 13:00:54.251,0.22426531809505723,172.22.174.66:9100,node-exporter
2026-08-18 13:00:59.251,0.22428942731993817,172.22.174.66:9100,node-exporter
2026-08-18 13:01:04.251,0.22443838121319493,172.22.174.66:9100,node-exporter
2026-08-18 13:01:09.251,0.2240764313512872,172.22.174.66:9100,node-exporter
2026-08-18 13:01:14.251,0.22418514090533692,172.22.174.66:9100,node-exporter
2026-08-18 13:01:19.251,0.22371049443410196,172.22.174.66:9100,node-exporter
2026-08-18 13:01:24.251,0.22353275898556102,172.22.174.66:9100,node-exporter
2026-08-18 13:01:29.251,0.2238708488135427,172.22.174.66:9100,node-exporter
2026-08-18 13:01:34.251,0.2236786602896209,172.22.174.66:9100,node-exporter
2026-08-18 13:01:39.251,0.2228205089388845,172.22.174.66:9100,node-exporter
2026-08-18 13:01:44.251,0.22340479943024982,172.22.174.66:9100,node-exporter
2026-08-18 13:01:49.251,0.22296659713616052,172.22.174.66:9100,node-exporter
2026-08-18 13:01:54.251,0.22343794182724375,172.22.174.66:9100,node-exporter
2026-08-18 13:01:59.251,0.22295494745902167,172.22.174.66:9100,node-exporter
2026-08-18 13:02:04.251,0.22356054377702594,172.22.174.66:9100,node-exporter
2026-08-18 13:02:09.251,0.22271385521021214,172.22.174.66:9100,node-exporter
2026-08-18 13:02:14.251,0.21910233070168994,172.22.174.66:9100,node-exporter
2026-08-18 13:02:19.251,0.21952377490406616,172.22.174.66:9100,node-exporter
2026-08-18 13:02:24.251,0.2195262045158759,172.22.174.66:9100,node-exporter
2026-08-18 13:02:29.251,0.21952227975833716,172.22.174.66:9100,node-exporter
2026-08-18 13:02:34.251,0.21898047632477236,172.22.174.66:9100,node-exporter
2026-08-18 13:02:39.251,0.21904850545544408,172.22.174.66:9100,node-exporter
2026-08-18 13:02:44.251,0.2196320483739449,172.22.174.66:9100,node-exporter
2026-08-18 13:02:49.251,0.21937413573568365,172.22.174.66:9100,node-exporter
2026-08-18 13:02:54.251,0.21994341247201976,172.22.174.66:9100,node-exporter
2026-08-18 13:02:59.251,0.21936628622060617,172.22.174.66:9100,node-exporter
2026-08-18 13:03:04.251,0.21940322877966145,172.22.174.66:9100,node-exporter
2026-08-18 13:03:09.251,0.21924916647183046,172.22.174.66:9100,node-exporter
2026-08-18 13:03:14.251,0.21901249736246953,172.22.174.66:9100,node-exporter
2026-08-18 13:03:19.251,0.21944104350705873,172.22.174.66:9100,node-exporter
2026-08-18 13:03:24.251,0.21930411307737308,172.22.174.66:9100,node-exporter
2026-08-18 13:03:29.251,0.21975620776719484,172.22.174.66:9100,node-exporter
2026-08-18 13:03:34.251,0.21960451277343485,172.22.174.66:9100,node-exporter
2026-08-18 13:03:39.251,0.21962127086514804,172.22.174.66:9100,node-exporter
2026-08-18 13:03:44.251,0.21918157342532962,172.22.174.66:9100,node-exporter
2026-08-18 13:03:49.251,0.2195052724756692,172.22.174.66:9100,node-exporter
2026-08-18 13:03:54.251,0.2196471867244516,172.22.174.66:9100,node-exporter
2026-08-18 13:03:59.251,0.21946322150203956,172.22.174.66:9100,node-exporter
2026-08-18 13:04:04.251,0.21950296745933684,172.22.174.66:9100,node-exporter
2026-08-18 13:04:09.251,0.21916182504215842,172.22.174.66:9100,node-exporter
2026-08-18 13:04:14.251,0.2131337089513191,172.22.174.66:9100,node-exporter
2026-08-18 13:04:19.251,0.21389585948670276,172.22.174.66:9100,node-exporter
2026-08-18 13:04:24.251,0.2130305438960146,172.22.174.66:9100,node-exporter
2026-08-18 13:04:29.251,0.2135934039652635,172.22.174.66:9100,node-exporter
2026-08-18 13:04:34.251,0.21360119118260235,172.22.174.66:9100,node-exporter
2026-08-18 13:04:39.251,0.21364704231829323,172.22.174.66:9100,node-exporter
2026-08-18 13:04:44.251,0.21340171382325146,172.22.174.66:9100,node-exporter
2026-08-18 13:04:49.251,0.21370367096278098,172.22.174.66:9100,node-exporter
2026-08-18 13:04:54.251,0.21341118307953544,172.22.174.66:9100,node-exporter
2026-08-18 13:04:59.251,0.21329649294256947,172.22.174.66:9100,node-exporter
2026-08-18 13:05:04.251,0.213747341677617,172.22.174.66:9100,node-exporter
2026-08-18 13:05:09.251,0.21330278501417932,172.22.174.66:9100,node-exporter
2026-08-18 13:05:14.251,0.213489802825788,172.22.174.66:9100,node-exporter
2026-08-18 13:05:19.251,0.2133870738546545,172.22.174.66:9100,node-exporter
2026-08-18 13:05:24.251,0.21347709408709115,172.22.174.66:9100,node-exporter
2026-08-18 13:05:29.251,0.21324329067371084,172.22.174.66:9100,node-exporter
2026-08-18 13:05:34.251,0.21301739907314665,172.22.174.66:9100,node-exporter
2026-08-18 13:05:39.251,0.21351789910594643,172.22.174.66:9100,node-exporter
2026-08-18 13:05:44.251,0.2136985002504681,172.22.174.66:9100,node-exporter
2026-08-18 13:05:49.251,0.2137455350431945,172.22.174.66:9100,node-exporter
2026-08-18 13:05:54.251,0.21339074942123848,172.22.174.66:9100,node-exporter
2026-08-18 13:05:59.251,0.21338508032701575,172.22.174.66:9100,node-exporter
2026-08-18 13:06:04.251,0.21365408196276747,172.22.174.66:9100,node-exporter
2026-08-18 13:06:09.251,0.21395740965254872,172.22.174.66:9100,node-exporter
2026-08-18 13:06:14.251,0.21321270248400392,172.22.174.66:9100,node-exporter
2026-08-18 13:06:19.251,0.21306057140607304,172.22.174.66:9100,node-exporter
2026-08-18 13:06:24.251,0.21394451402063563,172.22.174.66:9100,node-exporter
2026-08-18 13:06:29.251,0.2139753514012973,172.22.174.66:9100,node-exporter
2026-08-18 13:06:34.251,0.21390570252941898,172.22.174.66:9100,node-exporter
2026-08-18 13:06:39.251,0.21345391932829083,172.22.174.66:9100,node-exporter
2026-08-18 13:06:44.251,0.21380340964245648,172.22.174.66:9100,node-exporter
2026-08-18 13:06:49.251,0.2139817057706458,172.22.174.66:9100,node-exporter
2026-08-18 13:06:54.251,0.2137888942693369,172.22.174.66:9100,node-exporter
2026-08-18 13:06:59.251,0.21312766607066425,172.22.174.66:9100,node-exporter
2026-08-18 13:07:04.251,0.21364523568387062,172.22.174.66:9100,node-exporter
2026-08-18 13:07:09.251,0.21382758116507616,172.22.174.66:9100,node-exporter
2026-08-18 13:07:14.251,0.2148123838186109,172.22.174.66:9100,node-exporter
2026-08-18 13:07:19.251,0.21397391855330694,172.22.174.66:9100,node-exporter
2026-08-18 13:07:24.251,0.21396594444275208,172.22.174.66:9100,node-exporter
2026-08-18 13:07:29.251,0.21377581174420768,172.22.174.66:9100,node-exporter
2026-08-18 13:07:34.251,0.21403004881588505,172.22.174.66:9100,node-exporter
2026-08-18 13:07:39.251,0.21404842664880463,172.22.174.66:9100,node-exporter
2026-08-18 13:07:44.251,0.2137648473421947,172.22.174.66:9100,node-exporter
2026-08-18 13:07:49.251,0.21483082394926922,172.22.174.66:9100,node-exporter
2026-08-18 13:07:54.251,0.2140382721173949,172.22.174.66:9100,node-exporter
2026-08-18 13:07:59.251,0.21390264994022223,172.22.174.66:9100,node-exporter
2026-08-18 13:08:04.251,0.21412648571540882,172.22.174.66:9100,node-exporter
2026-08-18 13:08:09.251,0.2137267211261039,172.22.174.66:9100,node-exporter
2026-08-18 13:08:14.251,0.21448619285872295,172.22.174.66:9100,node-exporter
2026-08-18 13:08:19.251,0.2153957398438956,172.22.174.66:9100,node-exporter
2026-08-18 13:08:24.251,0.21556593726605255,172.22.174.66:9100,node-exporter
2026-08-18 13:08:29.251,0.2160233272636647,172.22.174.66:9100,node-exporter
2026-08-18 13:08:34.251,0.2160310521832648,172.22.174.66:9100,node-exporter
2026-08-18 13:08:39.251,0.2163155036582166,172.22.174.66:9100,node-exporter
2026-08-18 13:08:44.251,0.21654002470852918,172.22.174.66:9100,node-exporter
2026-08-18 13:08:49.251,0.2154301904934025,172.22.174.66:9100,node-exporter
2026-08-18 13:08:54.251,0.21659360076382006,172.22.174.66:9100,node-exporter
2026-08-18 13:08:59.251,0.21798209276419866,172.22.174.66:9100,node-exporter
2026-08-18 13:09:04.251,0.2168455328191652,172.22.174.66:9100,node-exporter
2026-08-18 13:09:09.251,0.21650551176128352,172.22.174.66:9100,node-exporter
2026-08-18 13:09:14.251,0.2181675531323396,172.22.174.66:9100,node-exporter
2026-08-18 13:09:19.251,0.21711297701144916,172.22.174.66:9100,node-exporter
2026-08-18 13:09:24.251,0.21697679415462812,172.22.174.66:9100,node-exporter
2026-08-18 13:09:29.251,0.2163411703265654,172.22.174.66:9100,node-exporter
2026-08-18 13:09:34.251,0.21771857332945344,172.22.174.66:9100,node-exporter
2026-08-18 13:09:39.251,0.21621308617577673,172.22.174.66:9100,node-exporter
2026-08-18 13:09:44.251,0.21724735323384758,172.22.174.66:9100,node-exporter
2026-08-18 13:09:49.251,0.21670947455782152,172.22.174.66:9100,node-exporter
2026-08-18 13:09:54.251,0.21591879165810857,172.22.174.66:9100,node-exporter
2026-08-18 13:09:59.251,0.21682260725131974,172.22.174.66:9100,node-exporter
2026-08-18 13:10:04.251,0.2174587294612922,172.22.174.66:9100,node-exporter
2026-08-18 13:10:09.251,0.21723944142103135,172.22.174.66:9100,node-exporter
2026-08-18 13:10:14.251,0.21659004979271357,172.22.174.66:9100,node-exporter
2026-08-18 13:10:19.251,0.21791724081820107,172.22.174.66:9100,node-exporter
2026-08-18 13:10:24.251,0.21753871975779637,172.22.174.66:9100,node-exporter
2026-08-18 13:10:29.251,0.217226608086857,172.22.174.66:9100,node-exporter
2026-08-18 13:10:34.251,0.2171296728054235,172.22.174.66:9100,node-exporter
2026-08-18 13:10:39.251,0.21677850045231273,172.22.174.66:9100,node-exporter
2026-08-18 13:10:44.251,0.2171133507978814,172.22.174.66:9100,node-exporter
2026-08-18 13:10:49.251,0.21677494948120624,172.22.174.66:9100,node-exporter
2026-08-18 13:10:54.251,0.21708606438832623,172.22.174.66:9100,node-exporter
2026-08-18 13:10:59.251,0.21612568244836594,172.22.174.66:9100,node-exporter
2026-08-18 13:11:04.251,0.21742857735575627,172.22.174.66:9100,node-exporter
2026-08-18 13:11:09.251,0.2166856768216342,172.22.174.66:9100,node-exporter
2026-08-18 13:11:14.251,0.21787338321014893,172.22.174.66:9100,node-exporter
2026-08-18 13:11:19.251,0.21674784996486718,172.22.174.66:9100,node-exporter
2026-08-18 13:11:24.251,0.21708681196119073,172.22.174.66:9100,node-exporter
2026-08-18 13:11:29.251,0.21718960323006298,172.22.174.66:9100,node-exporter
2026-08-18 13:11:34.251,0.21708606438832623,172.22.174.66:9100,node-exporter
2026-08-18 13:11:39.251,0.21774455148649574,172.22.174.66:9100,node-exporter
2026-08-18 13:11:44.251,0.21665845270981765,172.22.174.66:9100,node-exporter
2026-08-18 13:11:49.251,0.2171056258782813,172.22.174.66:9100,node-exporter
2026-08-18 13:11:54.251,0.2175978403118326,172.22.174.66:9100,node-exporter
2026-08-18 13:11:59.251,0.21719059999388235,172.22.174.66:9100,node-exporter
2026-08-18 13:12:04.251,0.2166065586934719,172.22.174.66:9100,node-exporter
2026-08-18 13:12:09.251,0.21647747777886384,172.22.174.66:9100,node-exporter
2026-08-18 13:12:14.251,0.21689773832420456,172.22.174.66:9100,node-exporter
2026-08-18 13:12:19.251,0.21710979982677492,172.22.174.66:9100,node-exporter
2026-08-18 13:12:24.251,0.21656282568089713,172.22.174.66:9100,node-exporter
2026-08-18 13:12:29.251,0.2179946146096794,172.22.174.66:9100,node-exporter
2026-08-18 13:12:34.251,0.21632895996977808,172.22.174.66:9100,node-exporter
2026-08-18 13:12:39.251,0.21720362022127282,172.22.174.66:9100,node-exporter
2026-08-18 13:12:44.251,0.21681575450006163,172.22.174.66:9100,node-exporter
2026-08-18 13:12:49.251,0.21648937664695755,172.22.174.66:9100,node-exporter
2026-08-18 13:12:54.251,0.2176365895053105,172.22.174.66:9100,node-exporter
2026-08-18 13:12:59.251,0.21725482896249282,172.22.174.66:9100,node-exporter
2026-08-18 13:13:04.251,0.21648725852384143,172.22.174.66:9100,node-exporter
2026-08-18 13:13:09.251,0.21741817363339166,172.22.174.66:9100,node-exporter
2026-08-18 13:13:14.251,0.21777177559831218,172.22.174.66:9100,node-exporter
2026-08-18 13:13:19.251,0.21761110973017794,172.22.174.66:9100,node-exporter
2026-08-18 13:13:24.251,0.21799598515993102,172.22.174.66:9100,node-exporter
2026-08-18 13:13:29.251,0.21725134028912507,172.22.174.66:9100,node-exporter
2026-08-18 13:13:34.251,0.21752015503166067,172.22.174.66:9100,node-exporter
2026-08-18 13:13:39.251,0.21750021975527334,172.22.174.66:9100,node-exporter
2026-08-18 13:13:44.251,0.21746857250400842,172.22.174.66:9100,node-exporter
2026-08-18 13:13:49.251,0.21644869622357965,172.22.174.66:9100,node-exporter
2026-08-18 13:13:54.251,0.21615670672224374,172.22.174.66:9100,node-exporter
2026-08-18 13:13:59.251,0.217688545819395,172.22.174.66:9100,node-exporter
2026-08-18 13:14:04.251,0.2165219583643031,172.22.174.66:9100,node-exporter
2026-08-18 13:14:09.251,0.21733662589341962,172.22.174.66:9100,node-exporter
2026-08-18 13:14:14.251,0.21632030058409735,172.22.174.66:9100,node-exporter
2026-08-18 13:14:19.251,0.21620660721095075,172.22.174.66:9100,node-exporter
2026-08-18 13:14:24.251,0.2169047779686788,172.22.174.66:9100,node-exporter
2026-08-18 13:14:29.251,0.21712680710944288,172.22.174.66:9100,node-exporter
2026-08-18 13:14:34.251,0.21673950206787995,172.22.174.66:9100,node-exporter
2026-08-18 13:14:39.251,0.21662269380779786,172.22.174.66:9100,node-exporter
2026-08-18 13:14:44.251,0.2166045028680944,172.22.174.66:9100,node-exporter
2026-08-18 13:14:49.251,0.21749554742486998,172.22.174.66:9100,node-exporter
2026-08-18 13:14:54.251,0.21634216709038478,172.22.174.66:9100,node-exporter
2026-08-18 13:14:59.251,0.21682073831915838,172.22.174.66:9100,node-exporter
2026-08-18 13:15:04.251,0.21695268492974717,172.22.174.66:9100,node-exporter
2026-08-18 13:15:09.251,0.21667857487942122,172.22.174.66:9100,node-exporter
2026-08-18 13:15:14.251,0.2179415992340369,172.22.174.66:9100,node-exporter
2026-08-18 13:15:19.251,0.21652613231279672,172.22.174.66:9100,node-exporter
2026-08-18 13:15:24.251,0.21660911290075902,172.22.174.66:9100,node-exporter
2026-08-18 13:15:29.251,0.2181617594426396,172.22.174.66:9100,node-exporter
2026-08-18 13:15:34.251,0.21582285314049443,172.22.174.66:9100,node-exporter
2026-08-18 13:15:39.251,0.21708027069862612,172.22.174.66:9100,node-exporter
2026-08-18 13:15:44.251,0.2172693443356124,172.22.174.66:9100,node-exporter
2026-08-18 13:15:49.251,0.21671296323118938,172.22.174.66:9100,node-exporter
2026-08-18 13:15:54.251,0.21772094064352443,172.22.174.66:9100,node-exporter
2026-08-18 13:15:59.251,0.2179569244777596,172.22.174.66:9100,node-exporter
2026-08-18 13:16:04.251,0.21670891387817315,172.22.174.66:9100,node-exporter
2026-08-18 13:16:09.251,0.21744321732435323,172.22.174.66:9100,node-exporter
2026-08-18 13:16:14.251,0.21785114291742924,172.22.174.66:9100,node-exporter
2026-08-18 13:16:19.251,0.21883202081342534,172.22.174.66:9100,node-exporter
2026-08-18 13:16:24.251,0.21842222628818797,172.22.174.66:9100,node-exporter
2026-08-18 13:16:29.251,0.2179247165468463,172.22.174.66:9100,node-exporter
2026-08-18 13:16:34.251,0.216971000464928,172.22.174.66:9100,node-exporter
2026-08-18 13:16:39.251,0.21802507820390882,172.22.174.66:9100,node-exporter
2026-08-18 13:16:44.251,0.21711939367853628,172.22.174.66:9100,node-exporter
2026-08-18 13:16:49.251,0.21691362424757565,172.22.174.66:9100,node-exporter
2026-08-18 13:16:54.251,0.21668773264701158,172.22.174.66:9100,node-exporter
2026-08-18 13:16:59.251,0.21682958459805535,172.22.174.66:9100,node-exporter
2026-08-18 13:17:04.251,0.2167872221357322,172.22.174.66:9100,node-exporter
2026-08-18 13:17:09.251,0.21749598350904098,172.22.174.66:9100,node-exporter
2026-08-18 13:17:14.251,0.21687325531289137,172.22.174.66:9100,node-exporter
2026-08-18 13:17:19.251,0.21734615744744235,172.22.174.66:9100,node-exporter
2026-08-18 13:17:24.251,0.21792789373152055,172.22.174.66:9100,node-exporter
2026-08-18 13:17:29.251,0.2179589803031371,172.22.174.66:9100,node-exporter
2026-08-18 13:17:34.251,0.2164204130502051,172.22.174.66:9100,node-exporter
2026-08-18 13:17:39.251,0.21776847381816045,172.22.174.66:9100,node-exporter
2026-08-18 13:17:44.251,0.21806463726798997,172.22.174.66:9100,node-exporter
2026-08-18 13:17:49.251,0.2171212003129589,172.22.174.66:9100,node-exporter
2026-08-18 13:17:54.251,0.21775819469127322,172.22.174.66:9100,node-exporter
2026-08-18 13:17:59.251,0.2181865539426463,172.22.174.66:9100,node-exporter
2026-08-18 13:18:04.251,0.21782965019757417,172.22.174.66:9100,node-exporter
2026-08-18 13:18:09.251,0.21759379095881637,172.22.174.66:9100,node-exporter
2026-08-18 13:18:14.251,0.21852800784851834,172.22.174.66:9100,node-exporter
2026-08-18 13:18:19.251,0.2178577464777326,172.22.174.66:9100,node-exporter
2026-08-18 13:18:24.251,0.21728005954667062,172.22.174.66:9100,node-exporter
2026-08-18 13:18:29.251,0.21707640823882612,172.22.174.66:9100,node-exporter
2026-08-18 13:18:34.251,0.21798707658329552,172.22.174.66:9100,node-exporter
2026-08-18 13:18:39.251,0.21704575775138057,172.22.174.66:9100,node-exporter
2026-08-18 13:18:44.251,0.21715602474889806,172.22.174.66:9100,node-exporter
2026-08-18 13:18:49.251,0.21784385408200013,172.22.174.66:9100,node-exporter
2026-08-18 13:18:54.251,0.21824953695648264,172.22.174.66:9100,node-exporter
2026-08-18 13:18:59.251,0.21693480547873722,172.22.174.66:9100,node-exporter
2026-08-18 13:19:04.251,0.21776311621263145,172.22.174.66:9100,node-exporter
2026-08-18 13:19:09.251,0.21600370347597087,172.22.174.66:9100,node-exporter
2026-08-18 13:19:14.251,0.2176048176585681,172.22.174.66:9100,node-exporter
2026-08-18 13:19:19.251,0.216870950296559,172.22.174.66:9100,node-exporter
2026-08-18 13:19:24.251,0.2186259398937711,172.22.174.66:9100,node-exporter
2026-08-18 13:19:29.251,0.21725215015972832,172.22.174.66:9100,node-exporter
2026-08-18 13:19:34.251,0.21632372695972646,172.22.174.66:9100,node-exporter
2026-08-18 13:19:39.251,0.2174558014675727,172.22.174.66:9100,node-exporter
2026-08-18 13:19:44.251,0.21750451829924433,172.22.174.66:9100,node-exporter
2026-08-18 13:19:49.251,0.21715583785568193,172.22.174.66:9100,node-exporter
2026-08-18 13:19:54.251,0.2172692197401349,172.22.174.66:9100,node-exporter
2026-08-18 13:19:59.251,0.21783718822395814,172.22.174.66:9100,node-exporter
2026-08-18 13:20:04.251,0.21679787504905168,172.22.174.66:9100,node-exporter
2026-08-18 13:20:09.251,0.21705566309183555,172.22.174.66:9100,node-exporter
2026-08-18 13:20:14.251,0.21721987993107628,172.22.174.66:9100,node-exporter
2026-08-18 13:20:19.251,0.21621663714688322,172.22.174.66:9100,node-exporter
2026-08-18 13:20:24.251,0.21591355864805684,172.22.174.66:9100,node-exporter
2026-08-18 13:20:29.251,0.21639026094466918,172.22.174.66:9100,node-exporter
2026-08-18 13:20:34.251,0.21676915579150613,172.22.174.66:9100,node-exporter
2026-08-18 13:20:39.251,0.21662456273995923,172.22.174.66:9100,node-exporter
2026-08-18 13:20:44.251,0.21559914196078522,172.22.174.66:9100,node-exporter
2026-08-18 13:20:49.251,0.21695579981668267,172.22.174.66:9100,node-exporter
2026-08-18 13:20:54.251,0.21702987182800937,172.22.174.66:9100,node-exporter
2026-08-18 13:20:59.251,0.21609627791569463,172.22.174.66:9100,node-exporter
2026-08-18 13:21:04.251,0.21632160883661034,172.22.174.66:9100,node-exporter
2026-08-18 13:21:09.251,0.21667265659424373,172.22.174.66:9100,node-exporter
2026-08-18 13:21:14.251,0.21752594872136066,172.22.174.66:9100,node-exporter
2026-08-18 13:21:19.251,0.21689449884179157,172.22.174.66:9100,node-exporter
2026-08-18 13:21:24.251,0.21621389604637997,172.22.174.66:9100,node-exporter
2026-08-18 13:21:29.251,0.21801068742626672,172.22.174.66:9100,node-exporter
2026-08-18 13:21:34.251,0.21698483056292173,172.22.174.66:9100,node-exporter
2026-08-18 13:21:39.251,0.2159647050915381,172.22.174.66:9100,node-exporter
2026-08-18 13:21:44.251,0.21746452315099218,172.22.174.66:9100,node-exporter
2026-08-18 13:21:49.251,0.21751691554924768,172.22.174.66:9100,node-exporter
2026-08-18 13:21:54.251,0.2165433264886808,172.22.174.66:9100,node-exporter
2026-08-18 13:21:59.251,0.21740253690097533,172.22.174.66:9100,node-exporter
2026-08-18 13:22:04.251,0.21765272461963647,172.22.174.66:9100,node-exporter
2026-08-18 13:22:09.251,0.21676012261939315,172.22.174.66:9100,node-exporter
2026-08-18 13:22:14.251,0.217230470546657,172.22.174.66:9100,node-exporter
2026-08-18 13:22:19.251,0.2168978006219432,172.22.174.66:9100,node-exporter
2026-08-18 13:22:24.251,0.21630640818836488,172.22.174.66:9100,node-exporter
2026-08-18 13:22:29.251,0.21661528037689137,172.22.174.66:9100,node-exporter
2026-08-18 13:22:34.251,0.21744016473515637,172.22.174.66:9100,node-exporter
2026-08-18 13:22:39.251,0.21711048510190067,172.22.174.66:9100,node-exporter
2026-08-18 13:22:44.251,0.2169102601696853,172.22.174.66:9100,node-exporter
2026-08-18 13:22:49.251,0.21713303688331387,172.22.174.66:9100,node-exporter
2026-08-18 13:22:54.251,0.21675906355783503,172.22.174.66:9100,node-exporter
2026-08-18 13:22:59.251,0.21726822297631554,172.22.174.66:9100,node-exporter
2026-08-18 13:23:04.251,0.21738091958564276,172.22.174.66:9100,node-exporter
2026-08-18 13:23:09.251,0.21631276255771337,172.22.174.66:9100,node-exporter
2026-08-18 13:23:14.251,0.21661285076508163,172.22.174.66:9100,node-exporter
2026-08-18 13:23:19.251,0.21648744541705756,172.22.174.66:9100,node-exporter
2026-08-18 13:23:24.251,0.21781077398274484,172.22.174.66:9100,node-exporter
2026-08-18 13:23:29.251,0.21687929819354623,172.22.174.66:9100,node-exporter
2026-08-18 13:23:34.251,0.21673701015833158,172.22.174.66:9100,node-exporter
2026-08-18 13:23:39.251,0.2172954470881321,172.22.174.66:9100,node-exporter
2026-08-18 13:23:44.251,0.21639480867959504,172.22.174.66:9100,node-exporter
2026-08-18 13:23:49.251,0.21710276018230068,172.22.174.66:9100,node-exporter
2026-08-18 13:23:54.251,0.21714381439211083,172.22.174.66:9100,node-exporter
2026-08-18 13:23:59.251,0.21699093574131534,172.22.174.66:9100,node-exporter
2026-08-18 13:24:04.251,0.2163485837574719,172.22.174.66:9100,node-exporter
2026-08-18 13:24:09.251,0.21687294382419775,172.22.174.66:9100,node-exporter
2026-08-18 13:24:14.251,0.21590396479629548,172.22.174.66:9100,node-exporter
2026-08-18 13:24:19.251,0.2173852804273525,172.22.174.66:9100,node-exporter
2026-08-18 13:24:24.251,0.21613920105766604,172.22.174.66:9100,node-exporter
2026-08-18 13:24:29.251,0.2171421323531656,172.22.174.66:9100,node-exporter
2026-08-18 13:24:34.251,0.21661035885553326,172.22.174.66:9100,node-exporter
2026-08-18 13:24:39.251,0.2172681606785769,172.22.174.66:9100,node-exporter
2026-08-18 13:24:44.251,0.21658456759170708,172.22.174.66:9100,node-exporter
2026-08-18 13:24:49.251,0.21735481683312308,172.22.174.66:9100,node-exporter
2026-08-18 13:24:54.251,0.2156125982723467,172.22.174.66:9100,node-exporter
2026-08-18 13:24:59.251,0.21672081274626687,172.22.174.66:9100,node-exporter
2026-08-18 13:25:04.251,0.2165405230904388,172.22.174.66:9100,node-exporter
2026-08-18 13:25:09.251,0.21690502715963367,172.22.174.66:9100,node-exporter
2026-08-18 13:25:14.251,0.2173480263796037,172.22.174.66:9100,node-exporter
2026-08-18 13:25:19.251,0.21625737986799987,172.22.174.66:9100,node-exporter
2026-08-18 13:25:24.251,0.21619221643330866,172.22.174.66:9100,node-exporter
2026-08-18 13:25:29.251,0.2152134566604288,172.22.174.66:9100,node-exporter
2026-08-18 13:25:34.251,0.21591168971589547,172.22.174.66:9100,node-exporter
2026-08-18 13:25:39.251,0.215897174342776,172.22.174.66:9100,node-exporter
2026-08-18 13:25:44.251,0.21607403762297495,172.22.174.66:9100,node-exporter
2026-08-18 13:25:49.251,0.21484864110254043,172.22.174.66:9100,node-exporter
2026-08-18 13:25:54.251,0.21583693242944302,172.22.174.66:9100,node-exporter
2026-08-18 13:25:59.251,0.21565390167311171,172.22.174.66:9100,node-exporter
2026-08-18 13:26:04.251,0.21675289608170278,172.22.174.66:9100,node-exporter
2026-08-18 13:26:09.251,0.21569613953995737,172.22.174.66:9100,node-exporter
2026-08-18 13:26:14.251,0.21585244456638186,172.22.174.66:9100,node-exporter
2026-08-18 13:26:19.251,0.21535904647579507,172.22.174.66:9100,node-exporter
2026-08-18 13:26:24.251,0.21542682641551214,172.22.174.66:9100,node-exporter
2026-08-18 13:26:29.251,0.21473245581984546,172.22.174.66:9100,node-exporter
2026-08-18 13:26:34.251,0.2178243548897838,172.22.174.66:9100,node-exporter
2026-08-18 13:26:39.251,0.21607191949985882,172.22.174.66:9100,node-exporter
2026-08-18 13:26:44.251,0.21578753032264564,172.22.174.66:9100,node-exporter
2026-08-18 13:26:49.251,0.21599118163049003,172.22.174.66:9100,node-exporter
2026-08-18 13:26:54.251,0.21677501177894498,172.22.174.66:9100,node-exporter
2026-08-18 13:26:59.251,0.21625881271599012,172.22.174.66:9100,node-exporter
2026-08-18 13:27:04.251,0.21646564120850886,172.22.174.66:9100,node-exporter
2026-08-18 13:27:09.251,0.2156373927723534,172.22.174.66:9100,node-exporter
2026-08-18 13:27:14.251,0.21669763798746655,172.22.174.66:9100,node-exporter
2026-08-18 13:27:19.251,0.21522516863530639,172.22.174.66:9100,node-exporter
2026-08-18 13:27:24.251,0.21715621164211418,172.22.174.66:9100,node-exporter
2026-08-18 13:27:29.251,0.21666362342213064,172.22.174.66:9100,node-exporter
2026-08-18 13:27:34.251,0.2159580392334961,172.22.174.66:9100,node-exporter
2026-08-18 13:27:39.251,0.21581593809149757,172.22.174.66:9100,node-exporter
2026-08-18 13:27:44.251,0.21572791138669967,172.22.174.66:9100,node-exporter
2026-08-18 13:27:49.251,0.216616650927143,172.22.174.66:9100,node-exporter
2026-08-18 13:27:54.251,0.21595710476741548,172.22.174.66:9100,node-exporter
2026-08-18 13:27:59.251,0.21660319461558153,172.22.174.66:9100,node-exporter
2026-08-18 13:28:04.251,0.21604481998351976,172.22.174.66:9100,node-exporter
2026-08-18 13:28:09.251,0.2157898353389779,172.22.174.66:9100,node-exporter
2026-08-18 13:28:14.251,0.21676043410808665,172.22.174.66:9100,node-exporter
2026-08-18 13:28:19.251,0.21614480785415002,172.22.174.66:9100,node-exporter
2026-08-18 13:28:24.251,0.21566318403617957,172.22.174.66:9100,node-exporter
2026-08-18 13:28:29.251,0.2164789106268542,172.22.174.66:9100,node-exporter
2026-08-18 13:28:34.251,0.21651591548364824,172.22.174.66:9100,node-exporter
2026-08-18 13:28:39.251,0.21748053366984077,172.22.174.66:9100,node-exporter
2026-08-18 13:28:44.251,0.21691954253275314,172.22.174.66:9100,node-exporter
2026-08-18 13:28:49.251,0.21686777311188477,172.22.174.66:9100,node-exporter
2026-08-18 13:28:54.251,0.21639007405145305,172.22.174.66:9100,node-exporter
2026-08-18 13:28:59.251,0.21526354404235204,172.22.174.66:9100,node-exporter
2026-08-18 13:29:04.251,0.21582497126361055,172.22.174.66:9100,node-exporter
2026-08-18 13:29:09.251,0.21703641309057398,172.22.174.66:9100,node-exporter
2026-08-18 13:29:14.251,0.21513066296568262,172.22.174.66:9100,node-exporter
2026-08-18 13:29:19.251,0.21663396969850446,172.22.174.66:9100,node-exporter
2026-08-18 13:29:24.251,0.2162918928152454,172.22.174.66:9100,node-exporter
2026-08-18 13:29:29.251,0.21519813141670607,172.22.174.66:9100,node-exporter
2026-08-18 13:29:34.251,0.21586938955131107,172.22.174.66:9100,node-exporter
2026-08-18 13:29:39.251,0.2160615157774941,172.22.174.66:9100,node-exporter
2026-08-18 13:29:44.251,0.21656207810803263,172.22.174.66:9100,node-exporter
2026-08-18 13:29:49.251,0.21681463314076477,172.22.174.66:9100,node-exporter
2026-08-18 13:29:54.251,0.2159189785513247,172.22.174.66:9100,node-exporter
2026-08-18 13:29:59.251,0.21657148506657786,172.22.174.66:9100,node-exporter
2026-08-18 13:30:04.251,0.21533811443558837,172.22.174.66:9100,node-exporter
2026-08-18 13:30:09.251,0.21635269540822677,172.22.174.66:9100,node-exporter
2026-08-18 13:30:14.251,0.21586073016563034,172.22.174.66:9100,node-exporter
2026-08-18 13:30:19.251,0.2170334850968546,172.22.174.66:9100,node-exporter
2026-08-18 13:30:24.251,0.21660587341834603,172.22.174.66:9100,node-exporter
2026-08-18 13:30:29.251,0.2156907196366895,172.22.174.66:9100,node-exporter
2026-08-18 13:30:34.251,0.2159809025036028,172.22.174.66:9100,node-exporter
2026-08-18 13:30:39.251,0.21562786121833066,172.22.174.66:9100,node-exporter
2026-08-18 13:30:44.251,0.21608543810915892,172.22.174.66:9100,node-exporter
2026-08-18 13:30:49.251,0.21736634191478454,172.22.174.66:9100,node-exporter
2026-08-18 13:30:54.251,0.21500232962393906,172.22.174.66:9100,node-exporter
2026-08-18 13:30:59.251,0.21628877792830992,172.22.174.66:9100,node-exporter
2026-08-18 13:31:04.251,0.21533923579488523,172.22.174.66:9100,node-exporter
2026-08-18 13:31:09.251,0.21578603517691652,172.22.174.66:9100,node-exporter
2026-08-18 13:31:14.251,0.21658705950125556,172.22.174.66:9100,node-exporter
2026-08-18 13:31:19.251,0.2164569195250894,172.22.174.66:9100,node-exporter
2026-08-18 13:31:24.251,0.2156850505424669,172.22.174.66:9100,node-exporter
2026-08-18 13:31:29.251,0.2178875870945749,172.22.174.66:9100,node-exporter
2026-08-18 13:31:34.251,0.2166565837776564,172.22.174.66:9100,node-exporter
2026-08-18 13:31:39.251,0.21508904807622398,172.22.174.66:9100,node-exporter
2026-08-18 13:31:44.251,0.2159525570324896,172.22.174.66:9100,node-exporter
2026-08-18 13:31:49.251,0.21550594454367433,172.22.174.66:9100,node-exporter
2026-08-18 13:31:54.251,0.21558020344821727,172.22.174.66:9100,node-exporter
2026-08-18 13:31:59.251,0.21640502550874363,172.22.174.66:9100,node-exporter
2026-08-18 13:32:04.251,0.21712711859813638,172.22.174.66:9100,node-exporter
2026-08-18 13:32:09.251,0.21559029568188826,172.22.174.66:9100,node-exporter
2026-08-18 13:32:14.251,0.21644838473488603,172.22.174.66:9100,node-exporter
2026-08-18 13:32:19.251,0.21672193410556362,172.22.174.66:9100,node-exporter
2026-08-18 13:32:24.251,0.21554282480499098,172.22.174.66:9100,node-exporter
2026-08-18 13:32:29.251,0.21554674956252973,172.22.174.66:9100,node-exporter
2026-08-18 13:32:34.251,0.2168097739171454,172.22.174.66:9100,node-exporter
2026-08-18 13:32:39.251,0.21619402306773128,172.22.174.66:9100,node-exporter
2026-08-18 13:32:44.251,0.21519009500841235,172.22.174.66:9100,node-exporter
2026-08-18 13:32:49.251,0.21591000767695034,172.22.174.66:9100,node-exporter
2026-08-18 13:32:54.251,0.21627544621222583,172.22.174.66:9100,node-exporter
2026-08-18 13:32:59.251,0.21526591135642303,172.22.174.66:9100,node-exporter
2026-08-18 13:33:04.251,0.21607733940312657,172.22.174.66:9100,node-exporter
2026-08-18 13:33:09.251,0.21703647538831272,172.22.174.66:9100,node-exporter
2026-08-18 13:33:14.251,0.21540446152731507,172.22.174.66:9100,node-exporter
2026-08-18 13:33:19.251,0.2164652674220766,172.22.174.66:9100,node-exporter
2026-08-18 13:33:24.251,0.21556967513037517,172.22.174.66:9100,node-exporter
2026-08-18 13:33:29.251,0.21638023100873682,172.22.174.66:9100,node-exporter
2026-08-18 13:33:34.251,0.21725215015972832,172.22.174.66:9100,node-exporter
2026-08-18 13:33:39.251,0.2163981727574854,172.22.174.66:9100,node-exporter
2026-08-18 13:33:44.251,0.21632372695972646,172.22.174.66:9100,node-exporter
2026-08-18 13:33:49.251,0.21675937504652865,172.22.174.66:9100,node-exporter
2026-08-18 13:33:54.251,0.21586695993950145,172.22.174.66:9100,node-exporter
2026-08-18 13:33:59.251,0.21631301174866824,172.22.174.66:9100,node-exporter
2026-08-18 13:34:04.251,0.21635861369340426,172.22.174.66:9100,node-exporter
2026-08-18 13:34:09.251,0.21657173425753273,172.22.174.66:9100,node-exporter
2026-08-18 13:34:14.251,0.21590377790307924,172.22.174.66:9100,node-exporter
2026-08-18 13:34:19.251,0.21520728918429644,172.22.174.66:9100,node-exporter
2026-08-18 13:34:24.251,0.21625065171221913,172.22.174.66:9100,node-exporter
2026-08-18 13:34:29.251,0.21531556265417517,172.22.174.66:9100,node-exporter
2026-08-18 13:34:34.251,0.2165703637072811,172.22.174.66:9100,node-exporter
2026-08-18 13:34:39.251,0.21628560074363568,172.22.174.66:9100,node-exporter
2026-08-18 13:34:44.251,0.21654637907787755,172.22.174.66:9100,node-exporter
2026-08-18 13:34:49.251,0.21668530303520195,172.22.174.66:9100,node-exporter
2026-08-18 13:34:54.251,0.21604320024231327,172.22.174.66:9100,node-exporter
2026-08-18 13:34:59.251,0.21709160888707146,172.22.174.66:9100,node-exporter
2026-08-18 13:35:04.251,0.21683849317469095,172.22.174.66:9100,node-exporter
2026-08-18 13:35:09.251,0.21706637830289377,172.22.174.66:9100,node-exporter
2026-08-18 13:35:14.251,0.21641561612432436,172.22.174.66:9100,node-exporter
2026-08-18 13:35:19.251,0.21704868574509995,172.22.174.66:9100,node-exporter
2026-08-18 13:35:24.251,0.21633680948485567,172.22.174.66:9100,node-exporter
2026-08-18 13:35:29.251,0.21708481843355198,172.22.174.66:9100,node-exporter
2026-08-18 13:35:34.251,0.21763908141485888,172.22.174.66:9100,node-exporter
2026-08-18 13:35:39.251,0.21699099803905408,172.22.174.66:9100,node-exporter
2026-08-18 13:35:44.251,0.2170444494988677,172.22.174.66:9100,node-exporter
2026-08-18 13:35:49.251,0.2179089552189526,172.22.174.66:9100,node-exporter
2026-08-18 13:35:54.251,0.2164072059295985,172.22.174.66:9100,node-exporter
2026-08-18 13:35:59.251,0.2166545279522789,172.22.174.66:9100,node-exporter
2026-08-18 13:36:04.251,0.21658923992211043,172.22.174.66:9100,node-exporter
2026-08-18 13:36:09.251,0.21714661779035282,172.22.174.66:9100,node-exporter
2026-08-18 13:36:14.251,0.21624591708407714,172.22.174.66:9100,node-exporter
2026-08-18 13:36:19.251,0.21702713072750612,172.22.174.66:9100,node-exporter
2026-08-18 13:36:24.251,0.21727887588963513,172.22.174.66:9100,node-exporter
2026-08-18 13:36:29.251,0.21713864367979785,172.22.174.66:9100,node-exporter
2026-08-18 13:36:34.251,0.2167183208367185,172.22.174.66:9100,node-exporter
2026-08-18 13:36:39.251,0.2175218370706058,172.22.174.66:9100,node-exporter
2026-08-18 13:36:44.251,0.21686970434178487,172.22.174.66:9100,node-exporter
2026-08-18 13:36:49.251,0.21751984354296705,172.22.174.66:9100,node-exporter
2026-08-18 13:36:54.251,0.21690770596239817,172.22.174.66:9100,node-exporter
2026-08-18 13:36:59.251,0.21885500867900942,172.22.174.66:9100,node-exporter
2026-08-18 13:37:04.251,0.21803473435340892,172.22.174.66:9100,node-exporter
2026-08-18 13:37:09.251,0.21682989608674885,172.22.174.66:9100,node-exporter
2026-08-18 13:37:14.251,0.21663745837187232,172.22.174.66:9100,node-exporter
2026-08-18 13:37:19.251,0.21757535082815815,172.22.174.66:9100,node-exporter
2026-08-18 13:37:24.251,0.21645860156403451,172.22.174.66:9100,node-exporter
2026-08-18 13:37:29.251,0.21693530386064697,172.22.174.66:9100,node-exporter
2026-08-18 13:37:34.251,0.21677470029025137,172.22.174.66:9100,node-exporter
2026-08-18 13:37:39.251,0.21569047044573475,172.22.174.66:9100,node-exporter
2026-08-18 13:37:44.251,0.2163506395828494,172.22.174.66:9100,node-exporter
2026-08-18 13:37:49.251,0.21737973592860727,172.22.174.66:9100,node-exporter
2026-08-18 13:37:54.251,0.2172127779888633,172.22.174.66:9100,node-exporter
2026-08-18 13:37:59.251,0.21678896647241608,172.22.174.66:9100,node-exporter
2026-08-18 13:38:04.251,0.2177323411297084,172.22.174.66:9100,node-exporter
2026-08-18 13:38:09.251,0.21748825858944087,172.22.174.66:9100,node-exporter
2026-08-18 13:38:14.251,0.21742085243615616,172.22.174.66:9100,node-exporter
2026-08-18 13:38:19.251,0.2173981760592656,172.22.174.66:9100,node-exporter
2026-08-18 13:38:24.251,0.21807784438859656,172.22.174.66:9100,node-exporter
2026-08-18 13:38:29.251,0.21748402234320863,172.22.174.66:9100,node-exporter
2026-08-18 13:38:34.251,0.21762612348520716,172.22.174.66:9100,node-exporter
2026-08-18 13:38:39.251,0.2174926194311506,172.22.174.66:9100,node-exporter
2026-08-18 13:38:44.251,0.2177311574726729,172.22.174.66:9100,node-exporter
2026-08-18 13:38:49.251,0.21755740907940946,172.22.174.66:9100,node-exporter
2026-08-18 13:38:54.251,0.21705043008178382,172.22.174.66:9100,node-exporter
2026-08-18 13:38:59.251,0.2171324762036655,172.22.174.66:9100,node-exporter
2026-08-18 13:39:04.251,0.2172689082514414,172.22.174.66:9100,node-exporter
2026-08-18 13:39:09.251,0.2169665150277409,172.22.174.66:9100,node-exporter
2026-08-18 13:39:14.251,0.21851012839750839,172.22.174.66:9100,node-exporter
2026-08-18 13:39:19.251,0.21710880306295555,172.22.174.66:9100,node-exporter
2026-08-18 13:39:24.251,0.21768219145004652,172.22.174.66:9100,node-exporter
2026-08-18 13:39:29.251,0.21787886541115542,172.22.174.66:9100,node-exporter
2026-08-18 13:39:34.251,0.21759005309449375,172.22.174.66:9100,node-exporter
2026-08-18 13:39:39.251,0.2184712546085531,172.22.174.66:9100,node-exporter
2026-08-18 13:39:44.251,0.21775632575911197,172.22.174.66:9100,node-exporter
2026-08-18 13:39:49.251,0.21749990826657972,172.22.174.66:9100,node-exporter
2026-08-18 13:39:54.251,0.21791643094759783,172.22.174.66:9100,node-exporter
2026-08-18 13:39:59.251,0.2180888710883484,172.22.174.66:9100,node-exporter
2026-08-18 13:40:04.251,0.21735338398513282,172.22.174.66:9100,node-exporter
2026-08-18 13:40:09.251,0.21664424882539168,172.22.174.66:9100,node-exporter
2026-08-18 13:40:14.251,0.21819695766501102,172.22.174.66:9100,node-exporter
2026-08-18 13:40:19.251,0.21724448753786685,172.22.174.66:9100,node-exporter
2026-08-18 13:40:24.251,0.2188454771249868,172.22.174.66:9100,node-exporter
2026-08-18 13:40:29.251,0.21710008137953607,172.22.174.66:9100,node-exporter
2026-08-18 13:40:34.251,0.21769377882944663,172.22.174.66:9100,node-exporter
2026-08-18 13:40:39.251,0.21807871655693856,172.22.174.66:9100,node-exporter
2026-08-18 13:40:44.251,0.21762631037842328,172.22.174.66:9100,node-exporter
2026-08-18 13:40:49.251,0.21840852078567163,172.22.174.66:9100,node-exporter
2026-08-18 13:40:54.251,0.21685269705911692,172.22.174.66:9100,node-exporter
2026-08-18 13:40:59.251,0.218514302346002,172.22.174.66:9100,node-exporter
2026-08-18 13:41:04.251,0.2163536298743075,172.22.174.66:9100,node-exporter
2026-08-18 13:41:09.251,0.21827183954694096,172.22.174.66:9100,node-exporter
2026-08-18 13:41:14.251,0.21754133626282224,172.22.174.66:9100,node-exporter
2026-08-18 13:41:19.251,0.21715322135065607,172.22.174.66:9100,node-exporter
2026-08-18 13:41:24.251,0.21746371328038894,172.22.174.66:9100,node-exporter
2026-08-18 13:41:29.251,0.2170451970717322,172.22.174.66:9100,node-exporter
2026-08-18 13:41:34.251,0.217379798226346,172.22.174.66:9100,node-exporter
2026-08-18 13:41:39.251,0.2184901308233823,172.22.174.66:9100,node-exporter
2026-08-18 13:41:44.251,0.21677501177894498,172.22.174.66:9100,node-exporter
2026-08-18 13:41:49.251,0.2180924220594549,172.22.174.66:9100,node-exporter
2026-08-18 13:41:54.251,0.21744458787460486,172.22.174.66:9100,node-exporter
2026-08-18 13:41:59.251,0.21821776510974022,172.22.174.66:9100,node-exporter
2026-08-18 13:42:04.251,0.21801386461094097,172.22.174.66:9100,node-exporter
2026-08-18 13:42:09.251,0.23085859927147778,172.22.174.66:9100,node-exporter
2026-08-18 13:42:14.251,0.23764980036378136,172.22.174.66:9100,node-exporter
2026-08-18 13:42:19.251,0.23671714091754725,172.22.174.66:9100,node-exporter
2026-08-18 13:42:24.251,0.2355742266031653,172.22.174.66:9100,node-exporter
2026-08-18 13:42:29.251,0.2322787385231212,172.22.174.66:9100,node-exporter
2026-08-18 13:42:34.251,0.23191280160593608,172.22.174.66:9100,node-exporter
2026-08-18 13:42:39.251,0.23196214141499472,172.22.174.66:9100,node-exporter
2026-08-18 13:42:44.251,0.23313252903214798,172.22.174.66:9100,node-exporter
2026-08-18 13:42:49.251,0.2315267425191474,172.22.174.66:9100,node-exporter
2026-08-18 13:42:54.251,0.2323474529289189,172.22.174.66:9100,node-exporter
2026-08-18 13:42:59.251,0.2319970281486725,172.22.174.66:9100,node-exporter
2026-08-18 13:43:04.251,0.23233910503193167,172.22.174.66:9100,node-exporter
2026-08-18 13:43:09.251,0.23135997147261944,172.22.174.66:9100,node-exporter
2026-08-18 13:43:14.251,0.2316671616222007,172.22.174.66:9100,node-exporter
2026-08-18 13:43:19.251,0.2316201268294743,172.22.174.66:9100,node-exporter
2026-08-18 13:43:24.251,0.23153259850658614,172.22.174.66:9100,node-exporter
2026-08-18 13:43:29.251,0.23352525397697865,172.22.174.66:9100,node-exporter
2026-08-18 13:43:34.251,0.23126160334319568,172.22.174.66:9100,node-exporter
2026-08-18 13:43:39.251,0.2319159787906102,172.22.174.66:9100,node-exporter
2026-08-18 13:43:44.251,0.2311648549549784,172.22.174.66:9100,node-exporter
2026-08-18 13:43:49.251,0.23347927824581027,172.22.174.66:9100,node-exporter
2026-08-18 13:43:54.251,0.23220840437611712,172.22.174.66:9100,node-exporter
2026-08-18 13:43:59.251,0.23231418593644748,172.22.174.66:9100,node-exporter
2026-08-18 13:44:04.251,0.2323513153887189,172.22.174.66:9100,node-exporter
2026-08-18 13:44:09.251,0.23063208469352658,172.22.174.66:9100,node-exporter
2026-08-18 13:44:14.251,0.23031810409042597,172.22.174.66:9100,node-exporter
2026-08-18 13:44:19.251,0.23077362515587674,172.22.174.66:9100,node-exporter
2026-08-18 13:44:24.251,0.23064261301136868,172.22.174.66:9100,node-exporter
2026-08-18 13:44:29.251,0.22956168494700357,172.22.174.66:9100,node-exporter
2026-08-18 13:44:34.251,0.23051185005781538,172.22.174.66:9100,node-exporter
2026-08-18 13:44:39.251,0.23071979990963087,172.22.174.66:9100,node-exporter
2026-08-18 13:44:44.251,0.2317749367101698,172.22.174.66:9100,node-exporter
2026-08-18 13:44:49.251,0.2311039900642583,172.22.174.66:9100,node-exporter
2026-08-18 13:44:54.251,0.23137760173267452,172.22.174.66:9100,node-exporter
2026-08-18 13:44:59.251,0.23045808710930826,172.22.174.66:9100,node-exporter
2026-08-18 13:45:04.251,0.23146488086460792,172.22.174.66:9100,node-exporter
2026-08-18 13:45:09.251,0.23096494151145652,172.22.174.66:9100,node-exporter
2026-08-18 13:45:14.251,0.2308519334134358,172.22.174.66:9100,node-exporter
2026-08-18 13:45:19.251,0.2304710450389601,172.22.174.66:9100,node-exporter
2026-08-18 13:45:24.251,0.23119239055548835,172.22.174.66:9100,node-exporter
2026-08-18 13:45:29.251,0.23089105639334595,172.22.174.66:9100,node-exporter
2026-08-18 13:45:34.251,0.22992058221971456,172.22.174.66:9100,node-exporter
2026-08-18 13:45:39.251,0.23104567938082532,172.22.174.66:9100,node-exporter
2026-08-18 13:45:44.251,0.23119918100900783,172.22.174.66:9100,node-exporter
2026-08-18 13:45:49.251,0.23114504427406846,172.22.174.66:9100,node-exporter
2026-08-18 13:45:54.251,0.23082065994860312,172.22.174.66:9100,node-exporter
2026-08-18 13:45:59.251,0.2305966372802003,172.22.174.66:9100,node-exporter
2026-08-18 13:46:04.251,0.22997172866319582,172.22.174.66:9100,node-exporter
2026-08-18 13:46:09.251,0.23124017292107935,172.22.174.66:9100,node-exporter
2026-08-18 13:46:14.251,0.2304198362977401,172.22.174.66:9100,node-exporter
2026-08-18 13:46:19.251,0.2302592327273445,172.22.174.66:9100,node-exporter
2026-08-18 13:46:24.251,0.23013370278384293,172.22.174.66:9100,node-exporter
2026-08-18 13:46:29.251,0.23003060002627718,172.22.174.66:9100,node-exporter
2026-08-18 13:46:34.251,0.23037541801003958,172.22.174.66:9100,node-exporter
2026-08-18 13:46:39.251,0.22959121407515237,172.22.174.66:9100,node-exporter
2026-08-18 13:46:44.251,0.23062915669980721,172.22.174.66:9100,node-exporter
2026-08-18 13:46:49.251,0.22899296889031595,172.22.174.66:9100,node-exporter
2026-08-18 13:46:54.251,0.22960691310530745,172.22.174.66:9100,node-exporter
2026-08-18 13:46:59.251,0.23075904748501852,172.22.174.66:9100,node-exporter
2026-08-18 13:47:04.251,0.22998468659284754,172.22.174.66:9100,node-exporter
2026-08-18 13:47:09.251,0.23116061870874605,172.22.174.66:9100,node-exporter
2026-08-18 13:47:14.251,0.2302926243152933,172.22.174.66:9100,node-exporter
2026-08-18 13:47:19.251,0.23123219881052437,172.22.174.66:9100,node-exporter
2026-08-18 13:47:24.251,0.23023381524995068,172.22.174.66:9100,node-exporter
2026-08-18 13:47:29.251,0.22996655795088283,172.22.174.66:9100,node-exporter
2026-08-18 13:47:34.251,0.23071799327520826,172.22.174.66:9100,node-exporter
2026-08-18 13:47:39.251,0.2301568152449046,172.22.174.66:9100,node-exporter
2026-08-18 13:47:44.251,0.23099777241975694,172.22.174.66:9100,node-exporter
2026-08-18 13:47:49.251,0.2300374527775353,172.22.174.66:9100,node-exporter
2026-08-18 13:47:54.251,0.23062716317216847,172.22.174.66:9100,node-exporter
2026-08-18 13:47:59.251,0.22994375697851477,172.22.174.66:9100,node-exporter
2026-08-18 13:48:04.251,0.23091242451772365,172.22.174.66:9100,node-exporter
2026-08-18 13:48:09.251,0.23040089778517214,172.22.174.66:9100,node-exporter
2026-08-18 13:48:14.251,0.22977032007394493,172.22.174.66:9100,node-exporter
2026-08-18 13:48:19.251,0.2302828435703158,172.22.174.66:9100,node-exporter
2026-08-18 13:48:24.251,0.22928626664416474,172.22.174.66:9100,node-exporter
2026-08-18 13:48:29.251,0.2289910999581546,172.22.174.66:9100,node-exporter
2026-08-18 13:48:34.251,0.23007364776372607,172.22.174.66:9100,node-exporter
2026-08-18 13:48:39.251,0.2305311623568157,172.22.174.66:9100,node-exporter
2026-08-18 13:48:44.251,0.22961862508018493,172.22.174.66:9100,node-exporter
2026-08-18 13:48:49.251,0.2316999925305011,172.22.174.66:9100,node-exporter
2026-08-18 13:48:54.251,0.2309132343883269,172.22.174.66:9100,node-exporter
2026-08-18 13:48:59.251,0.23047123193217622,172.22.174.66:9100,node-exporter
2026-08-18 13:49:04.251,0.23052823436309622,172.22.174.66:9100,node-exporter
2026-08-18 13:49:09.251,0.2310202619034314,172.22.174.66:9100,node-exporter
2026-08-18 13:49:14.251,0.22950150533140934,172.22.174.66:9100,node-exporter
2026-08-18 13:49:19.251,0.23085679263705516,172.22.174.66:9100,node-exporter
2026-08-18 13:49:24.251,0.23010473433534262,172.22.174.66:9100,node-exporter
2026-08-18 13:49:29.251,0.22990426021217236,172.22.174.66:9100,node-exporter
2026-08-18 13:49:34.251,0.22994755714057613,172.22.174.66:9100,node-exporter
2026-08-18 13:49:39.251,0.23062460896488135,172.22.174.66:9100,node-exporter
2026-08-18 13:49:44.251,0.22910404575843668,172.22.174.66:9100,node-exporter
2026-08-18 13:49:49.251,0.23007601507779707,172.22.174.66:9100,node-exporter
2026-08-18 13:49:54.251,0.22974079094579614,172.22.174.66:9100,node-exporter
2026-08-18 13:49:59.251,0.23077368745361548,172.22.174.66:9100,node-exporter
2026-08-18 13:50:04.251,0.2299746566569152,172.22.174.66:9100,node-exporter
2026-08-18 13:50:09.251,0.23009065504639403,172.22.174.66:9100,node-exporter
2026-08-18 13:50:14.251,0.2299920377260154,172.22.174.66:9100,node-exporter
2026-08-18 13:50:19.251,0.2285903386050303,172.22.174.66:9100,node-exporter
2026-08-18 13:50:24.251,0.22928794868310987,172.22.174.66:9100,node-exporter
2026-08-18 13:50:29.251,0.22872938715783198,172.22.174.66:9100,node-exporter
2026-08-18 13:50:34.251,0.22823287418030969,172.22.174.66:9100,node-exporter
2026-08-18 13:50:39.251,0.22838631351075356,172.22.174.66:9100,node-exporter
2026-08-18 13:50:44.251,0.22818577708984467,172.22.174.66:9100,node-exporter
2026-08-18 13:50:49.251,0.22847814037761272,172.22.174.66:9100,node-exporter
2026-08-18 13:50:54.251,0.22775928677063284,172.22.174.66:9100,node-exporter
2026-08-18 13:50:59.251,0.22754186766253337,172.22.174.66:9100,node-exporter
2026-08-18 13:51:04.251,0.2282906241840943,172.22.174.66:9100,node-exporter
2026-08-18 13:51:09.251,0.22844836205850916,172.22.174.66:9100,node-exporter
2026-08-18 13:51:14.251,0.22818764602200592,172.22.174.66:9100,node-exporter
2026-08-18 13:51:19.251,0.22811226575816623,172.22.174.66:9100,node-exporter
2026-08-18 13:51:24.251,0.22793390733223828,172.22.174.66:9100,node-exporter
2026-08-18 13:51:29.251,0.22798368322546791,172.22.174.66:9100,node-exporter
2026-08-18 13:51:34.251,0.22744698820647735,172.22.174.66:9100,node-exporter
2026-08-18 13:51:39.251,0.22749551814493285,172.22.174.66:9100,node-exporter
2026-08-18 13:51:44.251,0.22893565497070234,172.22.174.66:9100,node-exporter
2026-08-18 13:51:49.251,0.22801103193276184,172.22.174.66:9100,node-exporter
2026-08-18 13:51:54.251,0.22838201496678256,172.22.174.66:9100,node-exporter
2026-08-18 13:51:59.251,0.22823106754588707,172.22.174.66:9100,node-exporter
2026-08-18 13:52:04.251,0.2272635836637138,172.22.174.66:9100,node-exporter
2026-08-18 13:52:09.251,0.22759967996405672,172.22.174.66:9100,node-exporter
2026-08-18 13:52:14.251,0.22780974793898834,172.22.174.66:9100,node-exporter
2026-08-18 13:52:19.251,0.22760995909094395,172.22.174.66:9100,node-exporter
2026-08-18 13:52:24.251,0.22768621152312551,172.22.174.66:9100,node-exporter
2026-08-18 13:52:29.251,0.22775928677063284,172.22.174.66:9100,node-exporter
2026-08-18 13:52:34.251,0.22861195592036276,172.22.174.66:9100,node-exporter
2026-08-18 13:52:39.251,0.22848056998942246,172.22.174.66:9100,node-exporter
2026-08-18 13:52:44.251,0.22744026005069662,172.22.174.66:9100,node-exporter
2026-08-18 13:52:49.251,0.22939410402987248,172.22.174.66:9100,node-exporter
2026-08-18 13:52:54.251,0.22857376740653335,172.22.174.66:9100,node-exporter
2026-08-18 13:52:59.251,0.22863245187639858,172.22.174.66:9100,node-exporter
2026-08-18 13:53:04.251,0.2292109486780638,172.22.174.66:9100,node-exporter
2026-08-18 13:53:09.251,0.2285193814806391,172.22.174.66:9100,node-exporter
2026-08-18 13:53:14.251,0.22859563391282067,172.22.174.66:9100,node-exporter
2026-08-18 13:53:19.251,0.22857382970427198,172.22.174.66:9100,node-exporter
2026-08-18 13:53:24.251,0.22770851411358384,172.22.174.66:9100,node-exporter
2026-08-18 13:53:29.251,0.22889235804229857,172.22.174.66:9100,node-exporter
2026-08-18 13:53:34.251,0.22814123420666665,172.22.174.66:9100,node-exporter
2026-08-18 13:53:39.251,0.2279183328975607,172.22.174.66:9100,node-exporter
2026-08-18 13:53:44.251,0.22869680544048643,172.22.174.66:9100,node-exporter
2026-08-18 13:53:49.251,0.22922023104113165,172.22.174.66:9100,node-exporter
2026-08-18 13:53:54.251,0.2282133126903546,172.22.174.66:9100,node-exporter
2026-08-18 13:53:59.251,0.2274736516386454,172.22.174.66:9100,node-exporter
2026-08-18 13:54:04.251,0.22778408127063965,172.22.174.66:9100,node-exporter
2026-08-18 13:54:09.251,0.22819842353080289,172.22.174.66:9100,node-exporter
2026-08-18 13:54:14.251,0.22824190735242278,172.22.174.66:9100,node-exporter
2026-08-18 13:54:19.251,0.2288459462269593,172.22.174.66:9100,node-exporter
2026-08-18 13:54:24.251,0.22859071239146256,172.22.174.66:9100,node-exporter
2026-08-18 13:54:29.251,0.2285413725824038,172.22.174.66:9100,node-exporter
2026-08-18 13:54:34.251,0.22876813635130988,172.22.174.66:9100,node-exporter
2026-08-18 13:54:39.251,0.2275316508333849,172.22.174.66:9100,node-exporter
2026-08-18 13:54:44.251,0.22857501336130748,172.22.174.66:9100,node-exporter
2026-08-18 13:54:49.251,0.22863270106735334,172.22.174.66:9100,node-exporter
2026-08-18 13:54:54.251,0.2287237803613481,172.22.174.66:9100,node-exporter
2026-08-18 13:54:59.251,0.22756971475173693,172.22.174.66:9100,node-exporter
2026-08-18 13:55:04.251,0.2281239154353052,172.22.174.66:9100,node-exporter
2026-08-18 13:55:09.251,0.22832233373309796,172.22.174.66:9100,node-exporter
2026-08-18 13:55:14.251,0.22847259587886748,172.22.174.66:9100,node-exporter
2026-08-18 13:55:19.251,0.22861058537011114,172.22.174.66:9100,node-exporter
2026-08-18 13:55:24.251,0.2280768806425787,172.22.174.66:9100,node-exporter
2026-08-18 13:55:29.251,0.22833884263385618,172.22.174.66:9100,node-exporter
2026-08-18 13:55:34.251,0.22770172366006447,172.22.174.66:9100,node-exporter
2026-08-18 13:55:39.251,0.22804797449181713,172.22.174.66:9100,node-exporter
2026-08-18 13:55:44.251,0.22691945095507726,172.22.174.66:9100,node-exporter
2026-08-18 13:55:49.251,0.22745963464743557,172.22.174.66:9100,node-exporter
2026-08-18 13:55:54.251,0.22893951743050234,172.22.174.66:9100,node-exporter
2026-08-18 13:55:59.251,0.22680083606057255,172.22.174.66:9100,node-exporter
2026-08-18 13:56:04.251,0.22817605864260582,172.22.174.66:9100,node-exporter
2026-08-18 13:56:09.251,0.22753021798539452,172.22.174.66:9100,node-exporter
2026-08-18 13:56:14.251,0.22753794290499463,172.22.174.66:9100,node-exporter
2026-08-18 13:56:19.251,0.22770857641132258,172.22.174.66:9100,node-exporter
2026-08-18 13:56:24.251,0.2286314551125792,172.22.174.66:9100,node-exporter
2026-08-18 13:56:29.251,0.22773112819273578,172.22.174.66:9100,node-exporter
2026-08-18 13:56:34.251,0.22775367997414897,172.22.174.66:9100,node-exporter
2026-08-18 13:56:39.251,0.22786562901061158,172.22.174.66:9100,node-exporter
2026-08-18 13:56:44.251,0.22783740813497577,172.22.174.66:9100,node-exporter
2026-08-18 13:56:49.251,0.22780208531712698,172.22.174.66:9100,node-exporter
2026-08-18 13:56:54.251,0.22861444782991125,172.22.174.66:9100,node-exporter
2026-08-18 13:56:59.251,0.22763182559723127,172.22.174.66:9100,node-exporter
2026-08-18 13:57:04.251,0.2284240659404121,172.22.174.66:9100,node-exporter
2026-08-18 13:57:09.251,0.22798100442270341,172.22.174.66:9100,node-exporter
2026-08-18 13:57:14.251,0.2287017892595833,172.22.174.66:9100,node-exporter
2026-08-18 13:57:19.251,0.22880800690408465,172.22.174.66:9100,node-exporter
2026-08-18 13:57:24.251,0.22878794703221983,172.22.174.66:9100,node-exporter
2026-08-18 13:57:29.251,0.22835765655094675,172.22.174.66:9100,node-exporter
2026-08-18 13:57:34.251,0.22757226895902405,172.22.174.66:9100,node-exporter
2026-08-18 13:57:39.251,0.22797720426064205,172.22.174.66:9100,node-exporter
2026-08-18 13:57:44.251,0.22807233290765283,172.22.174.66:9100,node-exporter
2026-08-18 13:57:49.251,0.22881249234127177,172.22.174.66:9100,node-exporter
2026-08-18 13:57:54.251,0.22784706428447588,172.22.174.66:9100,node-exporter
2026-08-18 13:57:59.251,0.22892101500210538,172.22.174.66:9100,node-exporter
2026-08-18 13:58:04.251,0.22796038387119022,172.22.174.66:9100,node-exporter
2026-08-18 13:58:09.251,0.2280114057191941,172.22.174.66:9100,node-exporter
2026-08-18 13:58:14.251,0.22135159055783082,172.22.174.66:9100,node-exporter
2026-08-18 13:58:19.251,0.22092665768208675,172.22.174.66:9100,node-exporter
2026-08-18 13:58:24.251,0.2210655193416724,172.22.174.66:9100,node-exporter
2026-08-18 13:58:29.251,0.22101923212181052,172.22.174.66:9100,node-exporter
2026-08-18 13:58:34.251,0.22096079684290015,172.22.174.66:9100,node-exporter
2026-08-18 13:58:39.251,0.22187102910319856,172.22.174.66:9100,node-exporter
2026-08-18 13:58:44.251,0.22124107436935847,172.22.174.66:9100,node-exporter
2026-08-18 13:58:49.251,0.2218893446383794,172.22.174.66:9100,node-exporter
2026-08-18 13:58:54.251,0.2209191819534415,172.22.174.66:9100,node-exporter
2026-08-18 13:58:59.251,0.221742259677284,172.22.174.66:9100,node-exporter
2026-08-18 13:59:04.251,0.2213717750251729,172.22.174.66:9100,node-exporter
2026-08-18 13:59:09.251,0.22174188589085175,172.22.174.66:9100,node-exporter
2026-08-18 13:59:14.251,0.22198715208815478,172.22.174.66:9100,node-exporter
2026-08-18 13:59:19.251,0.221435443314135,172.22.174.66:9100,node-exporter
