timestamp,value,DCGM_FI_DRIVER_VERSION,Hostname,UUID,__name__,device,gpu,instance,job,modelName
2026-02-20 08:10:42.604,64.0,580.95.05,dcgm-exporter-ql757,GPU-b2272d68-21df-f504-eceb-3621e0c49ba3,DCGM_FI_DEV_GPU_TEMP,nvidia0,0,10.244.49.66:9400,dcgm-exporter,NVIDIA A16
2026-02-20 08:10:47.604,64.0,580.95.05,dcgm-exporter-ql757,GPU-b2272d68-21df-f504-eceb-3621e0c49ba3,DCGM_FI_DEV_GPU_TEMP,nvidia0,0,10.244.49.66:9400,dcgm-exporter,NVIDIA A16
2026-02-20 08:10:52.604,64.0,580.95.05,dcgm-exporter-ql757,GPU-b2272d68-21df-f504-eceb-3621e0c49ba3,DCGM_FI_DEV_GPU_TEMP,nvidia0,0,10.244.49.66:9400,dcgm-exporter,NVIDIA A16
2026-02-20 08:10:57.604,64.0,580.95.05,dcgm-exporter-ql757,GPU-b2272d68-21df-f504-eceb-3621e0c49ba3,DCGM_FI_DEV_GPU_TEMP,nvidia0,0,10.244.49.66:9400,dcgm-exporter,NVIDIA A16
2026-02-20 08:11:02.604,61.0,580.95.05,dcgm-exporter-ql757,GPU-b2272d68-21df-f504-eceb-3621e0c49ba3,DCGM_FI_DEV_GPU_TEMP,nvidia0,0,10.244.49.66:9400,dcgm-exporter,NVIDIA A16
2026-02-20 08:11:07.604,61.0,580.95.05,dcgm-exporter-ql757,GPU-b2272d68-21df-f504-eceb-3621e0c49ba3,DCGM_FI_DEV_GPU_TEMP,nvidia0,0,10.244.49.66:9400,dcgm-exporter,NVIDIA A16
2026-02-20 08:11:12.604,61.0,580.95.05,dcgm-exporter-ql757,GPU-b2272d68-21df-f504-eceb-3621e0c49ba3,DCGM_FI_DEV_GPU_TEMP,nvidia0,0,10.244.49.66:9400,dcgm-exporter,NVIDIA A16
2026-02-20 08:11:17.604,61.0,580.95.05,dcgm-exporter-ql757,GPU-b2272d68-21df-f504-eceb-3621e0c49ba3,DCGM_FI_DEV_GPU_TEMP,nvidia0,0,10.244.49.66:9400,dcgm-exporter,NVIDIA A16
2026-02-20 08:11:22.604,61.0,580.95.05,dcgm-exporter-ql757,GPU-b2272d68-21df-f504-eceb-3621e0c49ba3,DCGM_FI_DEV_GPU_TEMP,nvidia0,0,10.244.49.66:9400,dcgm-exporter,NVIDIA A16
2026-02-20 08:11:27.604,61.0,580.95.05,dcgm-exporter-ql757,GPU-b2272d68-21df-f504-eceb-3621e0c49ba3,DCGM_FI_DEV_GPU_TEMP,nvidia0,0,10.244.49.66:9400,dcgm-exporter,NVIDIA A16
2026-02-20 08:11:32.604,61.0,580.95.05,dcgm-exporter-ql757,GPU-b2272d68-21df-f504-eceb-3621e0c49ba3,DCGM_FI_DEV_GPU_TEMP,nvidia0,0,10.244.49.66:9400,dcgm-exporter,NVIDIA A16
2026-02-20 08:11:37.604,61.0,580.95.05,dcgm-exporter-ql757,GPU-b2272d68-21df-f504-eceb-3621e0c49ba3,DCGM_FI_DEV_GPU_TEMP,nvidia0,0,10.244.49.66:9400,dcgm-exporter,NVIDIA A16
2026-02-20 08:11:42.604,61.0,580.95.05,dcgm-exporter-ql757,GPU-b2272d68-21df-f504-eceb-3621e0c49ba3,DCGM_FI_DEV_GPU_TEMP,nvidia0,0,10.244.49.66:9400,dcgm-exporter,NVIDIA A16
2026-02-20 08:11:47.604,61.0,580.95.05,dcgm-exporter-ql757,GPU-b2272d68-21df-f504-eceb-3621e0c49ba3,DCGM_FI_DEV_GPU_TEMP,nvidia0,0,10.244.49.66:9400,dcgm-exporter,NVIDIA A16
2026-02-20 08:11:52.604,61.0,580.95.05,dcgm-exporter-ql757,GPU-b2272d68-21df-f504-eceb-3621e0c49ba3,DCGM_FI_DEV_GPU_TEMP,nvidia0,0,10.244.49.66:9400,dcgm-exporter,NVIDIA A16
2026-02-20 08:11:57.604,61.0,580.95.05,dcgm-exporter-ql757,GPU-b2272d68-21df-f504-eceb-3621e0c49ba3,DCGM_FI_DEV_GPU_TEMP,nvidia0,0,10.244.49.66:9400,dcgm-exporter,NVIDIA A16
2026-02-20 08:12:02.604,61.0,580.95.05,dcgm-exporter-ql757,GPU-b2272d68-21df-f504-eceb-3621e0c49ba3,DCGM_FI_DEV_GPU_TEMP,nvidia0,0,10.244.49.66:9400,dcgm-exporter,NVIDIA A16
2026-02-20 08:12:07.604,61.0,580.95.05,dcgm-exporter-ql757,GPU-b2272d68-21df-f504-eceb-3621e0c49ba3,DCGM_FI_DEV_GPU_TEMP,nvidia0,0,10.244.49.66:9400,dcgm-exporter,NVIDIA A16
2026-02-20 08:12:12.604,61.0,580.95.05,dcgm-exporter-ql757,GPU-b2272d68-21df-f504-eceb-3621e0c49ba3,DCGM_FI_DEV_GPU_TEMP,nvidia0,0,10.244.49.66:9400,dcgm-exporter,NVIDIA A16
2026-02-20 08:12:17.604,61.0,580.95.05,dcgm-exporter-ql757,GPU-b2272d68-21df-f504-eceb-3621e0c49ba3,DCGM_FI_DEV_GPU_TEMP,nvidia0,0,10.244.49.66:9400,dcgm-exporter,NVIDIA A16
2026-02-20 08:12:22.604,61.0,580.95.05,dcgm-exporter-ql757,GPU-b2272d68-21df-f504-eceb-3621e0c49ba3,DCGM_FI_DEV_GPU_TEMP,nvidia0,0,10.244.49.66:9400,dcgm-exporter,NVIDIA A16
2026-02-20 08:12:27.604,61.0,580.95.05,dcgm-exporter-ql757,GPU-b2272d68-21df-f504-eceb-3621e0c49ba3,DCGM_FI_DEV_GPU_TEMP,nvidia0,0,10.244.49.66:9400,dcgm-exporter,NVIDIA A16
2026-02-20 08:12:32.604,61.0,580.95.05,dcgm-exporter-ql757,GPU-b2272d68-21df-f504-eceb-3621e0c49ba3,DCGM_FI_DEV_GPU_TEMP,nvidia0,0,10.244.49.66:9400,dcgm-exporter,NVIDIA A16
2026-02-20 08:12:37.604,61.0,580.95.05,dcgm-exporter-ql757,GPU-b2272d68-21df-f504-eceb-3621e0c49ba3,DCGM_FI_DEV_GPU_TEMP,nvidia0,0,10.244.49.66:9400,dcgm-exporter,NVIDIA A16
2026-02-20 08:12:42.604,61.0,580.95.05,dcgm-exporter-ql757,GPU-b2272d68-21df-f504-eceb-3621e0c49ba3,DCGM_FI_DEV_GPU_TEMP,nvidia0,0,10.244.49.66:9400,dcgm-exporter,NVIDIA A16
2026-02-20 08:12:47.604,61.0,580.95.05,dcgm-exporter-ql757,GPU-b2272d68-21df-f504-eceb-3621e0c49ba3,DCGM_FI_DEV_GPU_TEMP,nvidia0,0,10.244.49.66:9400,dcgm-exporter,NVIDIA A16
2026-02-20 08:12:52.604,61.0,580.95.05,dcgm-exporter-ql757,GPU-b2272d68-21df-f504-eceb-3621e0c49ba3,DCGM_FI_DEV_GPU_TEMP,nvidia0,0,10.244.49.66:9400,dcgm-exporter,NVIDIA A16
2026-02-20 08:12:57.604,61.0,580.95.05,dcgm-exporter-ql757,GPU-b2272d68-21df-f504-eceb-3621e0c49ba3,DCGM_FI_DEV_GPU_TEMP,nvidia0,0,10.244.49.66:9400,dcgm-exporter,NVIDIA A16
2026-02-20 08:13:02.604,61.0,580.95.05,dcgm-exporter-ql757,GPU-b2272d68-21df-f504-eceb-3621e0c49ba3,DCGM_FI_DEV_GPU_TEMP,nvidia0,0,10.244.49.66:9400,dcgm-exporter,NVIDIA A16
2026-02-20 08:13:07.604,61.0,580.95.05,dcgm-exporter-ql757,GPU-b2272d68-21df-f504-eceb-3621e0c49ba3,DCGM_FI_DEV_GPU_TEMP,nvidia0,0,10.244.49.66:9400,dcgm-exporter,NVIDIA A16
2026-02-20 08:13:12.604,61.0,580.95.05,dcgm-exporter-ql757,GPU-b2272d68-21df-f504-eceb-3621e0c49ba3,DCGM_FI_DEV_GPU_TEMP,nvidia0,0,10.244.49.66:9400,dcgm-exporter,NVIDIA A16
2026-02-20 08:13:17.604,61.0,580.95.05,dcgm-exporter-ql757,GPU-b2272d68-21df-f504-eceb-3621e0c49ba3,DCGM_FI_DEV_GPU_TEMP,nvidia0,0,10.244.49.66:9400,dcgm-exporter,NVIDIA A16
2026-02-20 08:13:22.604,61.0,580.95.05,dcgm-exporter-ql757,GPU-b2272d68-21df-f504-eceb-3621e0c49ba3,DCGM_FI_DEV_GPU_TEMP,nvidia0,0,10.244.49.66:9400,dcgm-exporter,NVIDIA A16
2026-02-20 08:13:27.604,61.0,580.95.05,dcgm-exporter-ql757,GPU-b2272d68-21df-f504-eceb-3621e0c49ba3,DCGM_FI_DEV_GPU_TEMP,nvidia0,0,10.244.49.66:9400,dcgm-exporter,NVIDIA A16
2026-02-20 08:13:32.604,61.0,580.95.05,dcgm-exporter-ql757,GPU-b2272d68-21df-f504-eceb-3621e0c49ba3,DCGM_FI_DEV_GPU_TEMP,nvidia0,0,10.244.49.66:9400,dcgm-exporter,NVIDIA A16
2026-02-20 08:13:37.604,61.0,580.95.05,dcgm-exporter-ql757,GPU-b2272d68-21df-f504-eceb-3621e0c49ba3,DCGM_FI_DEV_GPU_TEMP,nvidia0,0,10.244.49.66:9400,dcgm-exporter,NVIDIA A16
2026-02-20 08:13:42.604,61.0,580.95.05,dcgm-exporter-ql757,GPU-b2272d68-21df-f504-eceb-3621e0c49ba3,DCGM_FI_DEV_GPU_TEMP,nvidia0,0,10.244.49.66:9400,dcgm-exporter,NVIDIA A16
2026-02-20 08:13:47.604,61.0,580.95.05,dcgm-exporter-ql757,GPU-b2272d68-21df-f504-eceb-3621e0c49ba3,DCGM_FI_DEV_GPU_TEMP,nvidia0,0,10.244.49.66:9400,dcgm-exporter,NVIDIA A16
2026-02-20 08:13:52.604,61.0,580.95.05,dcgm-exporter-ql757,GPU-b2272d68-21df-f504-eceb-3621e0c49ba3,DCGM_FI_DEV_GPU_TEMP,nvidia0,0,10.244.49.66:9400,dcgm-exporter,NVIDIA A16
2026-02-20 08:13:57.604,61.0,580.95.05,dcgm-exporter-ql757,GPU-b2272d68-21df-f504-eceb-3621e0c49ba3,DCGM_FI_DEV_GPU_TEMP,nvidia0,0,10.244.49.66:9400,dcgm-exporter,NVIDIA A16
2026-02-20 08:14:02.604,61.0,580.95.05,dcgm-exporter-ql757,GPU-b2272d68-21df-f504-eceb-3621e0c49ba3,DCGM_FI_DEV_GPU_TEMP,nvidia0,0,10.244.49.66:9400,dcgm-exporter,NVIDIA A16
2026-02-20 08:14:07.604,61.0,580.95.05,dcgm-exporter-ql757,GPU-b2272d68-21df-f504-eceb-3621e0c49ba3,DCGM_FI_DEV_GPU_TEMP,nvidia0,0,10.244.49.66:9400,dcgm-exporter,NVIDIA A16
2026-02-20 08:14:12.604,61.0,580.95.05,dcgm-exporter-ql757,GPU-b2272d68-21df-f504-eceb-3621e0c49ba3,DCGM_FI_DEV_GPU_TEMP,nvidia0,0,10.244.49.66:9400,dcgm-exporter,NVIDIA A16
2026-02-20 08:14:17.604,61.0,580.95.05,dcgm-exporter-ql757,GPU-b2272d68-21df-f504-eceb-3621e0c49ba3,DCGM_FI_DEV_GPU_TEMP,nvidia0,0,10.244.49.66:9400,dcgm-exporter,NVIDIA A16
2026-02-20 08:14:22.604,61.0,580.95.05,dcgm-exporter-ql757,GPU-b2272d68-21df-f504-eceb-3621e0c49ba3,DCGM_FI_DEV_GPU_TEMP,nvidia0,0,10.244.49.66:9400,dcgm-exporter,NVIDIA A16
2026-02-20 08:14:27.604,61.0,580.95.05,dcgm-exporter-ql757,GPU-b2272d68-21df-f504-eceb-3621e0c49ba3,DCGM_FI_DEV_GPU_TEMP,nvidia0,0,10.244.49.66:9400,dcgm-exporter,NVIDIA A16
2026-02-20 08:14:32.604,62.0,580.95.05,dcgm-exporter-ql757,GPU-b2272d68-21df-f504-eceb-3621e0c49ba3,DCGM_FI_DEV_GPU_TEMP,nvidia0,0,10.244.49.66:9400,dcgm-exporter,NVIDIA A16
2026-02-20 08:14:37.604,62.0,580.95.05,dcgm-exporter-ql757,GPU-b2272d68-21df-f504-eceb-3621e0c49ba3,DCGM_FI_DEV_GPU_TEMP,nvidia0,0,10.244.49.66:9400,dcgm-exporter,NVIDIA A16
2026-02-20 08:14:42.604,62.0,580.95.05,dcgm-exporter-ql757,GPU-b2272d68-21df-f504-eceb-3621e0c49ba3,DCGM_FI_DEV_GPU_TEMP,nvidia0,0,10.244.49.66:9400,dcgm-exporter,NVIDIA A16
2026-02-20 08:14:47.604,62.0,580.95.05,dcgm-exporter-ql757,GPU-b2272d68-21df-f504-eceb-3621e0c49ba3,DCGM_FI_DEV_GPU_TEMP,nvidia0,0,10.244.49.66:9400,dcgm-exporter,NVIDIA A16
2026-02-20 08:14:52.604,62.0,580.95.05,dcgm-exporter-ql757,GPU-b2272d68-21df-f504-eceb-3621e0c49ba3,DCGM_FI_DEV_GPU_TEMP,nvidia0,0,10.244.49.66:9400,dcgm-exporter,NVIDIA A16
2026-02-20 08:14:57.604,62.0,580.95.05,dcgm-exporter-ql757,GPU-b2272d68-21df-f504-eceb-3621e0c49ba3,DCGM_FI_DEV_GPU_TEMP,nvidia0,0,10.244.49.66:9400,dcgm-exporter,NVIDIA A16
2026-02-20 08:15:02.604,66.0,580.95.05,dcgm-exporter-ql757,GPU-b2272d68-21df-f504-eceb-3621e0c49ba3,DCGM_FI_DEV_GPU_TEMP,nvidia0,0,10.244.49.66:9400,dcgm-exporter,NVIDIA A16
2026-02-20 08:15:07.604,66.0,580.95.05,dcgm-exporter-ql757,GPU-b2272d68-21df-f504-eceb-3621e0c49ba3,DCGM_FI_DEV_GPU_TEMP,nvidia0,0,10.244.49.66:9400,dcgm-exporter,NVIDIA A16
2026-02-20 08:15:12.604,66.0,580.95.05,dcgm-exporter-ql757,GPU-b2272d68-21df-f504-eceb-3621e0c49ba3,DCGM_FI_DEV_GPU_TEMP,nvidia0,0,10.244.49.66:9400,dcgm-exporter,NVIDIA A16
2026-02-20 08:15:17.604,66.0,580.95.05,dcgm-exporter-ql757,GPU-b2272d68-21df-f504-eceb-3621e0c49ba3,DCGM_FI_DEV_GPU_TEMP,nvidia0,0,10.244.49.66:9400,dcgm-exporter,NVIDIA A16
2026-02-20 08:15:22.604,66.0,580.95.05,dcgm-exporter-ql757,GPU-b2272d68-21df-f504-eceb-3621e0c49ba3,DCGM_FI_DEV_GPU_TEMP,nvidia0,0,10.244.49.66:9400,dcgm-exporter,NVIDIA A16
2026-02-20 08:15:27.604,66.0,580.95.05,dcgm-exporter-ql757,GPU-b2272d68-21df-f504-eceb-3621e0c49ba3,DCGM_FI_DEV_GPU_TEMP,nvidia0,0,10.244.49.66:9400,dcgm-exporter,NVIDIA A16
2026-02-20 08:15:32.604,67.0,580.95.05,dcgm-exporter-ql757,GPU-b2272d68-21df-f504-eceb-3621e0c49ba3,DCGM_FI_DEV_GPU_TEMP,nvidia0,0,10.244.49.66:9400,dcgm-exporter,NVIDIA A16
2026-02-20 08:15:37.604,67.0,580.95.05,dcgm-exporter-ql757,GPU-b2272d68-21df-f504-eceb-3621e0c49ba3,DCGM_FI_DEV_GPU_TEMP,nvidia0,0,10.244.49.66:9400,dcgm-exporter,NVIDIA A16
2026-02-20 08:15:42.604,67.0,580.95.05,dcgm-exporter-ql757,GPU-b2272d68-21df-f504-eceb-3621e0c49ba3,DCGM_FI_DEV_GPU_TEMP,nvidia0,0,10.244.49.66:9400,dcgm-exporter,NVIDIA A16
2026-02-20 08:15:47.604,67.0,580.95.05,dcgm-exporter-ql757,GPU-b2272d68-21df-f504-eceb-3621e0c49ba3,DCGM_FI_DEV_GPU_TEMP,nvidia0,0,10.244.49.66:9400,dcgm-exporter,NVIDIA A16
2026-02-20 08:15:52.604,67.0,580.95.05,dcgm-exporter-ql757,GPU-b2272d68-21df-f504-eceb-3621e0c49ba3,DCGM_FI_DEV_GPU_TEMP,nvidia0,0,10.244.49.66:9400,dcgm-exporter,NVIDIA A16
2026-02-20 08:15:57.604,67.0,580.95.05,dcgm-exporter-ql757,GPU-b2272d68-21df-f504-eceb-3621e0c49ba3,DCGM_FI_DEV_GPU_TEMP,nvidia0,0,10.244.49.66:9400,dcgm-exporter,NVIDIA A16
2026-02-20 08:16:02.604,65.0,580.95.05,dcgm-exporter-ql757,GPU-b2272d68-21df-f504-eceb-3621e0c49ba3,DCGM_FI_DEV_GPU_TEMP,nvidia0,0,10.244.49.66:9400,dcgm-exporter,NVIDIA A16
2026-02-20 08:16:07.604,65.0,580.95.05,dcgm-exporter-ql757,GPU-b2272d68-21df-f504-eceb-3621e0c49ba3,DCGM_FI_DEV_GPU_TEMP,nvidia0,0,10.244.49.66:9400,dcgm-exporter,NVIDIA A16
2026-02-20 08:16:12.604,65.0,580.95.05,dcgm-exporter-ql757,GPU-b2272d68-21df-f504-eceb-3621e0c49ba3,DCGM_FI_DEV_GPU_TEMP,nvidia0,0,10.244.49.66:9400,dcgm-exporter,NVIDIA A16
2026-02-20 08:16:17.604,65.0,580.95.05,dcgm-exporter-ql757,GPU-b2272d68-21df-f504-eceb-3621e0c49ba3,DCGM_FI_DEV_GPU_TEMP,nvidia0,0,10.244.49.66:9400,dcgm-exporter,NVIDIA A16
2026-02-20 08:16:22.604,65.0,580.95.05,dcgm-exporter-ql757,GPU-b2272d68-21df-f504-eceb-3621e0c49ba3,DCGM_FI_DEV_GPU_TEMP,nvidia0,0,10.244.49.66:9400,dcgm-exporter,NVIDIA A16
2026-02-20 08:16:27.604,65.0,580.95.05,dcgm-exporter-ql757,GPU-b2272d68-21df-f504-eceb-3621e0c49ba3,DCGM_FI_DEV_GPU_TEMP,nvidia0,0,10.244.49.66:9400,dcgm-exporter,NVIDIA A16
2026-02-20 08:16:32.604,66.0,580.95.05,dcgm-exporter-ql757,GPU-b2272d68-21df-f504-eceb-3621e0c49ba3,DCGM_FI_DEV_GPU_TEMP,nvidia0,0,10.244.49.66:9400,dcgm-exporter,NVIDIA A16
2026-02-20 08:16:37.604,66.0,580.95.05,dcgm-exporter-ql757,GPU-b2272d68-21df-f504-eceb-3621e0c49ba3,DCGM_FI_DEV_GPU_TEMP,nvidia0,0,10.244.49.66:9400,dcgm-exporter,NVIDIA A16
2026-02-20 08:16:42.604,66.0,580.95.05,dcgm-exporter-ql757,GPU-b2272d68-21df-f504-eceb-3621e0c49ba3,DCGM_FI_DEV_GPU_TEMP,nvidia0,0,10.244.49.66:9400,dcgm-exporter,NVIDIA A16
2026-02-20 08:16:47.604,66.0,580.95.05,dcgm-exporter-ql757,GPU-b2272d68-21df-f504-eceb-3621e0c49ba3,DCGM_FI_DEV_GPU_TEMP,nvidia0,0,10.244.49.66:9400,dcgm-exporter,NVIDIA A16
2026-02-20 08:16:52.604,66.0,580.95.05,dcgm-exporter-ql757,GPU-b2272d68-21df-f504-eceb-3621e0c49ba3,DCGM_FI_DEV_GPU_TEMP,nvidia0,0,10.244.49.66:9400,dcgm-exporter,NVIDIA A16
2026-02-20 08:16:57.604,66.0,580.95.05,dcgm-exporter-ql757,GPU-b2272d68-21df-f504-eceb-3621e0c49ba3,DCGM_FI_DEV_GPU_TEMP,nvidia0,0,10.244.49.66:9400,dcgm-exporter,NVIDIA A16
2026-02-20 08:17:02.604,65.0,580.95.05,dcgm-exporter-ql757,GPU-b2272d68-21df-f504-eceb-3621e0c49ba3,DCGM_FI_DEV_GPU_TEMP,nvidia0,0,10.244.49.66:9400,dcgm-exporter,NVIDIA A16
2026-02-20 08:17:07.604,65.0,580.95.05,dcgm-exporter-ql757,GPU-b2272d68-21df-f504-eceb-3621e0c49ba3,DCGM_FI_DEV_GPU_TEMP,nvidia0,0,10.244.49.66:9400,dcgm-exporter,NVIDIA A16
2026-02-20 08:17:12.604,65.0,580.95.05,dcgm-exporter-ql757,GPU-b2272d68-21df-f504-eceb-3621e0c49ba3,DCGM_FI_DEV_GPU_TEMP,nvidia0,0,10.244.49.66:9400,dcgm-exporter,NVIDIA A16
2026-02-20 08:17:17.604,65.0,580.95.05,dcgm-exporter-ql757,GPU-b2272d68-21df-f504-eceb-3621e0c49ba3,DCGM_FI_DEV_GPU_TEMP,nvidia0,0,10.244.49.66:9400,dcgm-exporter,NVIDIA A16
2026-02-20 08:17:22.604,65.0,580.95.05,dcgm-exporter-ql757,GPU-b2272d68-21df-f504-eceb-3621e0c49ba3,DCGM_FI_DEV_GPU_TEMP,nvidia0,0,10.244.49.66:9400,dcgm-exporter,NVIDIA A16
2026-02-20 08:17:27.604,65.0,580.95.05,dcgm-exporter-ql757,GPU-b2272d68-21df-f504-eceb-3621e0c49ba3,DCGM_FI_DEV_GPU_TEMP,nvidia0,0,10.244.49.66:9400,dcgm-exporter,NVIDIA A16
2026-02-20 08:17:32.604,66.0,580.95.05,dcgm-exporter-ql757,GPU-b2272d68-21df-f504-eceb-3621e0c49ba3,DCGM_FI_DEV_GPU_TEMP,nvidia0,0,10.244.49.66:9400,dcgm-exporter,NVIDIA A16
2026-02-20 08:17:37.604,66.0,580.95.05,dcgm-exporter-ql757,GPU-b2272d68-21df-f504-eceb-3621e0c49ba3,DCGM_FI_DEV_GPU_TEMP,nvidia0,0,10.244.49.66:9400,dcgm-exporter,NVIDIA A16
2026-02-20 08:17:42.604,66.0,580.95.05,dcgm-exporter-ql757,GPU-b2272d68-21df-f504-eceb-3621e0c49ba3,DCGM_FI_DEV_GPU_TEMP,nvidia0,0,10.244.49.66:9400,dcgm-exporter,NVIDIA A16
2026-02-20 08:17:47.604,66.0,580.95.05,dcgm-exporter-ql757,GPU-b2272d68-21df-f504-eceb-3621e0c49ba3,DCGM_FI_DEV_GPU_TEMP,nvidia0,0,10.244.49.66:9400,dcgm-exporter,NVIDIA A16
2026-02-20 08:17:52.604,66.0,580.95.05,dcgm-exporter-ql757,GPU-b2272d68-21df-f504-eceb-3621e0c49ba3,DCGM_FI_DEV_GPU_TEMP,nvidia0,0,10.244.49.66:9400,dcgm-exporter,NVIDIA A16
2026-02-20 08:17:57.604,66.0,580.95.05,dcgm-exporter-ql757,GPU-b2272d68-21df-f504-eceb-3621e0c49ba3,DCGM_FI_DEV_GPU_TEMP,nvidia0,0,10.244.49.66:9400,dcgm-exporter,NVIDIA A16
2026-02-20 08:18:02.604,65.0,580.95.05,dcgm-exporter-ql757,GPU-b2272d68-21df-f504-eceb-3621e0c49ba3,DCGM_FI_DEV_GPU_TEMP,nvidia0,0,10.244.49.66:9400,dcgm-exporter,NVIDIA A16
2026-02-20 08:18:07.604,65.0,580.95.05,dcgm-exporter-ql757,GPU-b2272d68-21df-f504-eceb-3621e0c49ba3,DCGM_FI_DEV_GPU_TEMP,nvidia0,0,10.244.49.66:9400,dcgm-exporter,NVIDIA A16
2026-02-20 08:18:12.604,65.0,580.95.05,dcgm-exporter-ql757,GPU-b2272d68-21df-f504-eceb-3621e0c49ba3,DCGM_FI_DEV_GPU_TEMP,nvidia0,0,10.244.49.66:9400,dcgm-exporter,NVIDIA A16
2026-02-20 08:18:17.604,65.0,580.95.05,dcgm-exporter-ql757,GPU-b2272d68-21df-f504-eceb-3621e0c49ba3,DCGM_FI_DEV_GPU_TEMP,nvidia0,0,10.244.49.66:9400,dcgm-exporter,NVIDIA A16
2026-02-20 08:18:22.604,65.0,580.95.05,dcgm-exporter-ql757,GPU-b2272d68-21df-f504-eceb-3621e0c49ba3,DCGM_FI_DEV_GPU_TEMP,nvidia0,0,10.244.49.66:9400,dcgm-exporter,NVIDIA A16
2026-02-20 08:18:27.604,65.0,580.95.05,dcgm-exporter-ql757,GPU-b2272d68-21df-f504-eceb-3621e0c49ba3,DCGM_FI_DEV_GPU_TEMP,nvidia0,0,10.244.49.66:9400,dcgm-exporter,NVIDIA A16
2026-02-20 08:18:32.604,66.0,580.95.05,dcgm-exporter-ql757,GPU-b2272d68-21df-f504-eceb-3621e0c49ba3,DCGM_FI_DEV_GPU_TEMP,nvidia0,0,10.244.49.66:9400,dcgm-exporter,NVIDIA A16
2026-02-20 08:18:37.604,66.0,580.95.05,dcgm-exporter-ql757,GPU-b2272d68-21df-f504-eceb-3621e0c49ba3,DCGM_FI_DEV_GPU_TEMP,nvidia0,0,10.244.49.66:9400,dcgm-exporter,NVIDIA A16
2026-02-20 08:18:42.604,66.0,580.95.05,dcgm-exporter-ql757,GPU-b2272d68-21df-f504-eceb-3621e0c49ba3,DCGM_FI_DEV_GPU_TEMP,nvidia0,0,10.244.49.66:9400,dcgm-exporter,NVIDIA A16
2026-02-20 08:18:47.604,66.0,580.95.05,dcgm-exporter-ql757,GPU-b2272d68-21df-f504-eceb-3621e0c49ba3,DCGM_FI_DEV_GPU_TEMP,nvidia0,0,10.244.49.66:9400,dcgm-exporter,NVIDIA A16
2026-02-20 08:18:52.604,66.0,580.95.05,dcgm-exporter-ql757,GPU-b2272d68-21df-f504-eceb-3621e0c49ba3,DCGM_FI_DEV_GPU_TEMP,nvidia0,0,10.244.49.66:9400,dcgm-exporter,NVIDIA A16
2026-02-20 08:18:57.604,66.0,580.95.05,dcgm-exporter-ql757,GPU-b2272d68-21df-f504-eceb-3621e0c49ba3,DCGM_FI_DEV_GPU_TEMP,nvidia0,0,10.244.49.66:9400,dcgm-exporter,NVIDIA A16
2026-02-20 08:19:02.604,66.0,580.95.05,dcgm-exporter-ql757,GPU-b2272d68-21df-f504-eceb-3621e0c49ba3,DCGM_FI_DEV_GPU_TEMP,nvidia0,0,10.244.49.66:9400,dcgm-exporter,NVIDIA A16
2026-02-20 08:19:07.604,66.0,580.95.05,dcgm-exporter-ql757,GPU-b2272d68-21df-f504-eceb-3621e0c49ba3,DCGM_FI_DEV_GPU_TEMP,nvidia0,0,10.244.49.66:9400,dcgm-exporter,NVIDIA A16
2026-02-20 08:19:12.604,66.0,580.95.05,dcgm-exporter-ql757,GPU-b2272d68-21df-f504-eceb-3621e0c49ba3,DCGM_FI_DEV_GPU_TEMP,nvidia0,0,10.244.49.66:9400,dcgm-exporter,NVIDIA A16
2026-02-20 08:19:17.604,66.0,580.95.05,dcgm-exporter-ql757,GPU-b2272d68-21df-f504-eceb-3621e0c49ba3,DCGM_FI_DEV_GPU_TEMP,nvidia0,0,10.244.49.66:9400,dcgm-exporter,NVIDIA A16
2026-02-20 08:19:22.604,66.0,580.95.05,dcgm-exporter-ql757,GPU-b2272d68-21df-f504-eceb-3621e0c49ba3,DCGM_FI_DEV_GPU_TEMP,nvidia0,0,10.244.49.66:9400,dcgm-exporter,NVIDIA A16
2026-02-20 08:19:27.604,66.0,580.95.05,dcgm-exporter-ql757,GPU-b2272d68-21df-f504-eceb-3621e0c49ba3,DCGM_FI_DEV_GPU_TEMP,nvidia0,0,10.244.49.66:9400,dcgm-exporter,NVIDIA A16
2026-02-20 08:19:32.604,65.0,580.95.05,dcgm-exporter-ql757,GPU-b2272d68-21df-f504-eceb-3621e0c49ba3,DCGM_FI_DEV_GPU_TEMP,nvidia0,0,10.244.49.66:9400,dcgm-exporter,NVIDIA A16
2026-02-20 08:19:37.604,65.0,580.95.05,dcgm-exporter-ql757,GPU-b2272d68-21df-f504-eceb-3621e0c49ba3,DCGM_FI_DEV_GPU_TEMP,nvidia0,0,10.244.49.66:9400,dcgm-exporter,NVIDIA A16
2026-02-20 08:19:42.604,65.0,580.95.05,dcgm-exporter-ql757,GPU-b2272d68-21df-f504-eceb-3621e0c49ba3,DCGM_FI_DEV_GPU_TEMP,nvidia0,0,10.244.49.66:9400,dcgm-exporter,NVIDIA A16
2026-02-20 08:19:47.604,65.0,580.95.05,dcgm-exporter-ql757,GPU-b2272d68-21df-f504-eceb-3621e0c49ba3,DCGM_FI_DEV_GPU_TEMP,nvidia0,0,10.244.49.66:9400,dcgm-exporter,NVIDIA A16
2026-02-20 08:19:52.604,65.0,580.95.05,dcgm-exporter-ql757,GPU-b2272d68-21df-f504-eceb-3621e0c49ba3,DCGM_FI_DEV_GPU_TEMP,nvidia0,0,10.244.49.66:9400,dcgm-exporter,NVIDIA A16
2026-02-20 08:19:57.604,65.0,580.95.05,dcgm-exporter-ql757,GPU-b2272d68-21df-f504-eceb-3621e0c49ba3,DCGM_FI_DEV_GPU_TEMP,nvidia0,0,10.244.49.66:9400,dcgm-exporter,NVIDIA A16
2026-02-20 08:20:02.604,66.0,580.95.05,dcgm-exporter-ql757,GPU-b2272d68-21df-f504-eceb-3621e0c49ba3,DCGM_FI_DEV_GPU_TEMP,nvidia0,0,10.244.49.66:9400,dcgm-exporter,NVIDIA A16
2026-02-20 08:20:07.604,66.0,580.95.05,dcgm-exporter-ql757,GPU-b2272d68-21df-f504-eceb-3621e0c49ba3,DCGM_FI_DEV_GPU_TEMP,nvidia0,0,10.244.49.66:9400,dcgm-exporter,NVIDIA A16
2026-02-20 08:20:12.604,66.0,580.95.05,dcgm-exporter-ql757,GPU-b2272d68-21df-f504-eceb-3621e0c49ba3,DCGM_FI_DEV_GPU_TEMP,nvidia0,0,10.244.49.66:9400,dcgm-exporter,NVIDIA A16
2026-02-20 08:20:17.604,66.0,580.95.05,dcgm-exporter-ql757,GPU-b2272d68-21df-f504-eceb-3621e0c49ba3,DCGM_FI_DEV_GPU_TEMP,nvidia0,0,10.244.49.66:9400,dcgm-exporter,NVIDIA A16
2026-02-20 08:20:22.604,66.0,580.95.05,dcgm-exporter-ql757,GPU-b2272d68-21df-f504-eceb-3621e0c49ba3,DCGM_FI_DEV_GPU_TEMP,nvidia0,0,10.244.49.66:9400,dcgm-exporter,NVIDIA A16
2026-02-20 08:20:27.604,66.0,580.95.05,dcgm-exporter-ql757,GPU-b2272d68-21df-f504-eceb-3621e0c49ba3,DCGM_FI_DEV_GPU_TEMP,nvidia0,0,10.244.49.66:9400,dcgm-exporter,NVIDIA A16
2026-02-20 08:20:32.604,66.0,580.95.05,dcgm-exporter-ql757,GPU-b2272d68-21df-f504-eceb-3621e0c49ba3,DCGM_FI_DEV_GPU_TEMP,nvidia0,0,10.244.49.66:9400,dcgm-exporter,NVIDIA A16
2026-02-20 08:20:37.604,66.0,580.95.05,dcgm-exporter-ql757,GPU-b2272d68-21df-f504-eceb-3621e0c49ba3,DCGM_FI_DEV_GPU_TEMP,nvidia0,0,10.244.49.66:9400,dcgm-exporter,NVIDIA A16
2026-02-20 08:20:42.604,66.0,580.95.05,dcgm-exporter-ql757,GPU-b2272d68-21df-f504-eceb-3621e0c49ba3,DCGM_FI_DEV_GPU_TEMP,nvidia0,0,10.244.49.66:9400,dcgm-exporter,NVIDIA A16
2026-02-20 08:20:47.604,66.0,580.95.05,dcgm-exporter-ql757,GPU-b2272d68-21df-f504-eceb-3621e0c49ba3,DCGM_FI_DEV_GPU_TEMP,nvidia0,0,10.244.49.66:9400,dcgm-exporter,NVIDIA A16
2026-02-20 08:20:52.604,66.0,580.95.05,dcgm-exporter-ql757,GPU-b2272d68-21df-f504-eceb-3621e0c49ba3,DCGM_FI_DEV_GPU_TEMP,nvidia0,0,10.244.49.66:9400,dcgm-exporter,NVIDIA A16
2026-02-20 08:20:57.604,66.0,580.95.05,dcgm-exporter-ql757,GPU-b2272d68-21df-f504-eceb-3621e0c49ba3,DCGM_FI_DEV_GPU_TEMP,nvidia0,0,10.244.49.66:9400,dcgm-exporter,NVIDIA A16
2026-02-20 08:21:02.604,66.0,580.95.05,dcgm-exporter-ql757,GPU-b2272d68-21df-f504-eceb-3621e0c49ba3,DCGM_FI_DEV_GPU_TEMP,nvidia0,0,10.244.49.66:9400,dcgm-exporter,NVIDIA A16
2026-02-20 08:21:07.604,66.0,580.95.05,dcgm-exporter-ql757,GPU-b2272d68-21df-f504-eceb-3621e0c49ba3,DCGM_FI_DEV_GPU_TEMP,nvidia0,0,10.244.49.66:9400,dcgm-exporter,NVIDIA A16
2026-02-20 08:21:12.604,66.0,580.95.05,dcgm-exporter-ql757,GPU-b2272d68-21df-f504-eceb-3621e0c49ba3,DCGM_FI_DEV_GPU_TEMP,nvidia0,0,10.244.49.66:9400,dcgm-exporter,NVIDIA A16
2026-02-20 08:21:17.604,66.0,580.95.05,dcgm-exporter-ql757,GPU-b2272d68-21df-f504-eceb-3621e0c49ba3,DCGM_FI_DEV_GPU_TEMP,nvidia0,0,10.244.49.66:9400,dcgm-exporter,NVIDIA A16
2026-02-20 08:21:22.604,66.0,580.95.05,dcgm-exporter-ql757,GPU-b2272d68-21df-f504-eceb-3621e0c49ba3,DCGM_FI_DEV_GPU_TEMP,nvidia0,0,10.244.49.66:9400,dcgm-exporter,NVIDIA A16
2026-02-20 08:21:27.604,66.0,580.95.05,dcgm-exporter-ql757,GPU-b2272d68-21df-f504-eceb-3621e0c49ba3,DCGM_FI_DEV_GPU_TEMP,nvidia0,0,10.244.49.66:9400,dcgm-exporter,NVIDIA A16
2026-02-20 08:21:32.604,66.0,580.95.05,dcgm-exporter-ql757,GPU-b2272d68-21df-f504-eceb-3621e0c49ba3,DCGM_FI_DEV_GPU_TEMP,nvidia0,0,10.244.49.66:9400,dcgm-exporter,NVIDIA A16
2026-02-20 08:21:37.604,66.0,580.95.05,dcgm-exporter-ql757,GPU-b2272d68-21df-f504-eceb-3621e0c49ba3,DCGM_FI_DEV_GPU_TEMP,nvidia0,0,10.244.49.66:9400,dcgm-exporter,NVIDIA A16
2026-02-20 08:21:42.604,66.0,580.95.05,dcgm-exporter-ql757,GPU-b2272d68-21df-f504-eceb-3621e0c49ba3,DCGM_FI_DEV_GPU_TEMP,nvidia0,0,10.244.49.66:9400,dcgm-exporter,NVIDIA A16
2026-02-20 08:21:47.604,66.0,580.95.05,dcgm-exporter-ql757,GPU-b2272d68-21df-f504-eceb-3621e0c49ba3,DCGM_FI_DEV_GPU_TEMP,nvidia0,0,10.244.49.66:9400,dcgm-exporter,NVIDIA A16
2026-02-20 08:21:52.604,66.0,580.95.05,dcgm-exporter-ql757,GPU-b2272d68-21df-f504-eceb-3621e0c49ba3,DCGM_FI_DEV_GPU_TEMP,nvidia0,0,10.244.49.66:9400,dcgm-exporter,NVIDIA A16
2026-02-20 08:21:57.604,66.0,580.95.05,dcgm-exporter-ql757,GPU-b2272d68-21df-f504-eceb-3621e0c49ba3,DCGM_FI_DEV_GPU_TEMP,nvidia0,0,10.244.49.66:9400,dcgm-exporter,NVIDIA A16
2026-02-20 08:22:02.604,68.0,580.95.05,dcgm-exporter-ql757,GPU-b2272d68-21df-f504-eceb-3621e0c49ba3,DCGM_FI_DEV_GPU_TEMP,nvidia0,0,10.244.49.66:9400,dcgm-exporter,NVIDIA A16
2026-02-20 08:22:07.604,68.0,580.95.05,dcgm-exporter-ql757,GPU-b2272d68-21df-f504-eceb-3621e0c49ba3,DCGM_FI_DEV_GPU_TEMP,nvidia0,0,10.244.49.66:9400,dcgm-exporter,NVIDIA A16
2026-02-20 08:22:12.604,68.0,580.95.05,dcgm-exporter-ql757,GPU-b2272d68-21df-f504-eceb-3621e0c49ba3,DCGM_FI_DEV_GPU_TEMP,nvidia0,0,10.244.49.66:9400,dcgm-exporter,NVIDIA A16
2026-02-20 08:22:17.604,68.0,580.95.05,dcgm-exporter-ql757,GPU-b2272d68-21df-f504-eceb-3621e0c49ba3,DCGM_FI_DEV_GPU_TEMP,nvidia0,0,10.244.49.66:9400,dcgm-exporter,NVIDIA A16
2026-02-20 08:22:22.604,68.0,580.95.05,dcgm-exporter-ql757,GPU-b2272d68-21df-f504-eceb-3621e0c49ba3,DCGM_FI_DEV_GPU_TEMP,nvidia0,0,10.244.49.66:9400,dcgm-exporter,NVIDIA A16
2026-02-20 08:22:27.604,68.0,580.95.05,dcgm-exporter-ql757,GPU-b2272d68-21df-f504-eceb-3621e0c49ba3,DCGM_FI_DEV_GPU_TEMP,nvidia0,0,10.244.49.66:9400,dcgm-exporter,NVIDIA A16
2026-02-20 08:22:32.604,70.0,580.95.05,dcgm-exporter-ql757,GPU-b2272d68-21df-f504-eceb-3621e0c49ba3,DCGM_FI_DEV_GPU_TEMP,nvidia0,0,10.244.49.66:9400,dcgm-exporter,NVIDIA A16
2026-02-20 08:22:37.604,70.0,580.95.05,dcgm-exporter-ql757,GPU-b2272d68-21df-f504-eceb-3621e0c49ba3,DCGM_FI_DEV_GPU_TEMP,nvidia0,0,10.244.49.66:9400,dcgm-exporter,NVIDIA A16
2026-02-20 08:22:42.604,70.0,580.95.05,dcgm-exporter-ql757,GPU-b2272d68-21df-f504-eceb-3621e0c49ba3,DCGM_FI_DEV_GPU_TEMP,nvidia0,0,10.244.49.66:9400,dcgm-exporter,NVIDIA A16
2026-02-20 08:22:47.604,70.0,580.95.05,dcgm-exporter-ql757,GPU-b2272d68-21df-f504-eceb-3621e0c49ba3,DCGM_FI_DEV_GPU_TEMP,nvidia0,0,10.244.49.66:9400,dcgm-exporter,NVIDIA A16
2026-02-20 08:22:52.604,70.0,580.95.05,dcgm-exporter-ql757,GPU-b2272d68-21df-f504-eceb-3621e0c49ba3,DCGM_FI_DEV_GPU_TEMP,nvidia0,0,10.244.49.66:9400,dcgm-exporter,NVIDIA A16
2026-02-20 08:22:57.604,70.0,580.95.05,dcgm-exporter-ql757,GPU-b2272d68-21df-f504-eceb-3621e0c49ba3,DCGM_FI_DEV_GPU_TEMP,nvidia0,0,10.244.49.66:9400,dcgm-exporter,NVIDIA A16
2026-02-20 08:23:02.604,71.0,580.95.05,dcgm-exporter-ql757,GPU-b2272d68-21df-f504-eceb-3621e0c49ba3,DCGM_FI_DEV_GPU_TEMP,nvidia0,0,10.244.49.66:9400,dcgm-exporter,NVIDIA A16
2026-02-20 08:23:07.604,71.0,580.95.05,dcgm-exporter-ql757,GPU-b2272d68-21df-f504-eceb-3621e0c49ba3,DCGM_FI_DEV_GPU_TEMP,nvidia0,0,10.244.49.66:9400,dcgm-exporter,NVIDIA A16
2026-02-20 08:23:12.604,71.0,580.95.05,dcgm-exporter-ql757,GPU-b2272d68-21df-f504-eceb-3621e0c49ba3,DCGM_FI_DEV_GPU_TEMP,nvidia0,0,10.244.49.66:9400,dcgm-exporter,NVIDIA A16
2026-02-20 08:23:17.604,71.0,580.95.05,dcgm-exporter-ql757,GPU-b2272d68-21df-f504-eceb-3621e0c49ba3,DCGM_FI_DEV_GPU_TEMP,nvidia0,0,10.244.49.66:9400,dcgm-exporter,NVIDIA A16
2026-02-20 08:23:22.604,71.0,580.95.05,dcgm-exporter-ql757,GPU-b2272d68-21df-f504-eceb-3621e0c49ba3,DCGM_FI_DEV_GPU_TEMP,nvidia0,0,10.244.49.66:9400,dcgm-exporter,NVIDIA A16
2026-02-20 08:23:27.604,71.0,580.95.05,dcgm-exporter-ql757,GPU-b2272d68-21df-f504-eceb-3621e0c49ba3,DCGM_FI_DEV_GPU_TEMP,nvidia0,0,10.244.49.66:9400,dcgm-exporter,NVIDIA A16
2026-02-20 08:23:32.604,71.0,580.95.05,dcgm-exporter-ql757,GPU-b2272d68-21df-f504-eceb-3621e0c49ba3,DCGM_FI_DEV_GPU_TEMP,nvidia0,0,10.244.49.66:9400,dcgm-exporter,NVIDIA A16
2026-02-20 08:23:37.604,71.0,580.95.05,dcgm-exporter-ql757,GPU-b2272d68-21df-f504-eceb-3621e0c49ba3,DCGM_FI_DEV_GPU_TEMP,nvidia0,0,10.244.49.66:9400,dcgm-exporter,NVIDIA A16
2026-02-20 08:23:42.604,71.0,580.95.05,dcgm-exporter-ql757,GPU-b2272d68-21df-f504-eceb-3621e0c49ba3,DCGM_FI_DEV_GPU_TEMP,nvidia0,0,10.244.49.66:9400,dcgm-exporter,NVIDIA A16
2026-02-20 08:23:47.604,71.0,580.95.05,dcgm-exporter-ql757,GPU-b2272d68-21df-f504-eceb-3621e0c49ba3,DCGM_FI_DEV_GPU_TEMP,nvidia0,0,10.244.49.66:9400,dcgm-exporter,NVIDIA A16
2026-02-20 08:23:52.604,71.0,580.95.05,dcgm-exporter-ql757,GPU-b2272d68-21df-f504-eceb-3621e0c49ba3,DCGM_FI_DEV_GPU_TEMP,nvidia0,0,10.244.49.66:9400,dcgm-exporter,NVIDIA A16
2026-02-20 08:23:57.604,71.0,580.95.05,dcgm-exporter-ql757,GPU-b2272d68-21df-f504-eceb-3621e0c49ba3,DCGM_FI_DEV_GPU_TEMP,nvidia0,0,10.244.49.66:9400,dcgm-exporter,NVIDIA A16
2026-02-20 08:24:02.604,70.0,580.95.05,dcgm-exporter-ql757,GPU-b2272d68-21df-f504-eceb-3621e0c49ba3,DCGM_FI_DEV_GPU_TEMP,nvidia0,0,10.244.49.66:9400,dcgm-exporter,NVIDIA A16
2026-02-20 08:24:07.604,70.0,580.95.05,dcgm-exporter-ql757,GPU-b2272d68-21df-f504-eceb-3621e0c49ba3,DCGM_FI_DEV_GPU_TEMP,nvidia0,0,10.244.49.66:9400,dcgm-exporter,NVIDIA A16
2026-02-20 08:24:12.604,70.0,580.95.05,dcgm-exporter-ql757,GPU-b2272d68-21df-f504-eceb-3621e0c49ba3,DCGM_FI_DEV_GPU_TEMP,nvidia0,0,10.244.49.66:9400,dcgm-exporter,NVIDIA A16
2026-02-20 08:24:17.604,70.0,580.95.05,dcgm-exporter-ql757,GPU-b2272d68-21df-f504-eceb-3621e0c49ba3,DCGM_FI_DEV_GPU_TEMP,nvidia0,0,10.244.49.66:9400,dcgm-exporter,NVIDIA A16
2026-02-20 08:24:22.604,70.0,580.95.05,dcgm-exporter-ql757,GPU-b2272d68-21df-f504-eceb-3621e0c49ba3,DCGM_FI_DEV_GPU_TEMP,nvidia0,0,10.244.49.66:9400,dcgm-exporter,NVIDIA A16
2026-02-20 08:24:27.604,70.0,580.95.05,dcgm-exporter-ql757,GPU-b2272d68-21df-f504-eceb-3621e0c49ba3,DCGM_FI_DEV_GPU_TEMP,nvidia0,0,10.244.49.66:9400,dcgm-exporter,NVIDIA A16
2026-02-20 08:24:32.604,73.0,580.95.05,dcgm-exporter-ql757,GPU-b2272d68-21df-f504-eceb-3621e0c49ba3,DCGM_FI_DEV_GPU_TEMP,nvidia0,0,10.244.49.66:9400,dcgm-exporter,NVIDIA A16
2026-02-20 08:24:37.604,73.0,580.95.05,dcgm-exporter-ql757,GPU-b2272d68-21df-f504-eceb-3621e0c49ba3,DCGM_FI_DEV_GPU_TEMP,nvidia0,0,10.244.49.66:9400,dcgm-exporter,NVIDIA A16
2026-02-20 08:24:42.604,73.0,580.95.05,dcgm-exporter-ql757,GPU-b2272d68-21df-f504-eceb-3621e0c49ba3,DCGM_FI_DEV_GPU_TEMP,nvidia0,0,10.244.49.66:9400,dcgm-exporter,NVIDIA A16
2026-02-20 08:24:47.604,73.0,580.95.05,dcgm-exporter-ql757,GPU-b2272d68-21df-f504-eceb-3621e0c49ba3,DCGM_FI_DEV_GPU_TEMP,nvidia0,0,10.244.49.66:9400,dcgm-exporter,NVIDIA A16
2026-02-20 08:24:52.604,73.0,580.95.05,dcgm-exporter-ql757,GPU-b2272d68-21df-f504-eceb-3621e0c49ba3,DCGM_FI_DEV_GPU_TEMP,nvidia0,0,10.244.49.66:9400,dcgm-exporter,NVIDIA A16
2026-02-20 08:24:57.604,73.0,580.95.05,dcgm-exporter-ql757,GPU-b2272d68-21df-f504-eceb-3621e0c49ba3,DCGM_FI_DEV_GPU_TEMP,nvidia0,0,10.244.49.66:9400,dcgm-exporter,NVIDIA A16
2026-02-20 08:25:02.604,70.0,580.95.05,dcgm-exporter-ql757,GPU-b2272d68-21df-f504-eceb-3621e0c49ba3,DCGM_FI_DEV_GPU_TEMP,nvidia0,0,10.244.49.66:9400,dcgm-exporter,NVIDIA A16
2026-02-20 08:25:07.604,70.0,580.95.05,dcgm-exporter-ql757,GPU-b2272d68-21df-f504-eceb-3621e0c49ba3,DCGM_FI_DEV_GPU_TEMP,nvidia0,0,10.244.49.66:9400,dcgm-exporter,NVIDIA A16
2026-02-20 08:25:12.604,70.0,580.95.05,dcgm-exporter-ql757,GPU-b2272d68-21df-f504-eceb-3621e0c49ba3,DCGM_FI_DEV_GPU_TEMP,nvidia0,0,10.244.49.66:9400,dcgm-exporter,NVIDIA A16
2026-02-20 08:25:17.604,70.0,580.95.05,dcgm-exporter-ql757,GPU-b2272d68-21df-f504-eceb-3621e0c49ba3,DCGM_FI_DEV_GPU_TEMP,nvidia0,0,10.244.49.66:9400,dcgm-exporter,NVIDIA A16
2026-02-20 08:25:22.604,70.0,580.95.05,dcgm-exporter-ql757,GPU-b2272d68-21df-f504-eceb-3621e0c49ba3,DCGM_FI_DEV_GPU_TEMP,nvidia0,0,10.244.49.66:9400,dcgm-exporter,NVIDIA A16
2026-02-20 08:25:27.604,70.0,580.95.05,dcgm-exporter-ql757,GPU-b2272d68-21df-f504-eceb-3621e0c49ba3,DCGM_FI_DEV_GPU_TEMP,nvidia0,0,10.244.49.66:9400,dcgm-exporter,NVIDIA A16
2026-02-20 08:25:32.604,72.0,580.95.05,dcgm-exporter-ql757,GPU-b2272d68-21df-f504-eceb-3621e0c49ba3,DCGM_FI_DEV_GPU_TEMP,nvidia0,0,10.244.49.66:9400,dcgm-exporter,NVIDIA A16
2026-02-20 08:25:37.604,72.0,580.95.05,dcgm-exporter-ql757,GPU-b2272d68-21df-f504-eceb-3621e0c49ba3,DCGM_FI_DEV_GPU_TEMP,nvidia0,0,10.244.49.66:9400,dcgm-exporter,NVIDIA A16
2026-02-20 08:25:42.604,72.0,580.95.05,dcgm-exporter-ql757,GPU-b2272d68-21df-f504-eceb-3621e0c49ba3,DCGM_FI_DEV_GPU_TEMP,nvidia0,0,10.244.49.66:9400,dcgm-exporter,NVIDIA A16
2026-02-20 08:25:47.604,72.0,580.95.05,dcgm-exporter-ql757,GPU-b2272d68-21df-f504-eceb-3621e0c49ba3,DCGM_FI_DEV_GPU_TEMP,nvidia0,0,10.244.49.66:9400,dcgm-exporter,NVIDIA A16
2026-02-20 08:25:52.604,72.0,580.95.05,dcgm-exporter-ql757,GPU-b2272d68-21df-f504-eceb-3621e0c49ba3,DCGM_FI_DEV_GPU_TEMP,nvidia0,0,10.244.49.66:9400,dcgm-exporter,NVIDIA A16
2026-02-20 08:25:57.604,72.0,580.95.05,dcgm-exporter-ql757,GPU-b2272d68-21df-f504-eceb-3621e0c49ba3,DCGM_FI_DEV_GPU_TEMP,nvidia0,0,10.244.49.66:9400,dcgm-exporter,NVIDIA A16
2026-02-20 08:26:02.604,71.0,580.95.05,dcgm-exporter-ql757,GPU-b2272d68-21df-f504-eceb-3621e0c49ba3,DCGM_FI_DEV_GPU_TEMP,nvidia0,0,10.244.49.66:9400,dcgm-exporter,NVIDIA A16
2026-02-20 08:26:07.604,71.0,580.95.05,dcgm-exporter-ql757,GPU-b2272d68-21df-f504-eceb-3621e0c49ba3,DCGM_FI_DEV_GPU_TEMP,nvidia0,0,10.244.49.66:9400,dcgm-exporter,NVIDIA A16
2026-02-20 08:26:12.604,71.0,580.95.05,dcgm-exporter-ql757,GPU-b2272d68-21df-f504-eceb-3621e0c49ba3,DCGM_FI_DEV_GPU_TEMP,nvidia0,0,10.244.49.66:9400,dcgm-exporter,NVIDIA A16
2026-02-20 08:26:17.604,71.0,580.95.05,dcgm-exporter-ql757,GPU-b2272d68-21df-f504-eceb-3621e0c49ba3,DCGM_FI_DEV_GPU_TEMP,nvidia0,0,10.244.49.66:9400,dcgm-exporter,NVIDIA A16
2026-02-20 08:26:22.604,71.0,580.95.05,dcgm-exporter-ql757,GPU-b2272d68-21df-f504-eceb-3621e0c49ba3,DCGM_FI_DEV_GPU_TEMP,nvidia0,0,10.244.49.66:9400,dcgm-exporter,NVIDIA A16
2026-02-20 08:26:27.604,71.0,580.95.05,dcgm-exporter-ql757,GPU-b2272d68-21df-f504-eceb-3621e0c49ba3,DCGM_FI_DEV_GPU_TEMP,nvidia0,0,10.244.49.66:9400,dcgm-exporter,NVIDIA A16
2026-02-20 08:26:32.604,71.0,580.95.05,dcgm-exporter-ql757,GPU-b2272d68-21df-f504-eceb-3621e0c49ba3,DCGM_FI_DEV_GPU_TEMP,nvidia0,0,10.244.49.66:9400,dcgm-exporter,NVIDIA A16
2026-02-20 08:26:37.604,71.0,580.95.05,dcgm-exporter-ql757,GPU-b2272d68-21df-f504-eceb-3621e0c49ba3,DCGM_FI_DEV_GPU_TEMP,nvidia0,0,10.244.49.66:9400,dcgm-exporter,NVIDIA A16
2026-02-20 08:26:42.604,71.0,580.95.05,dcgm-exporter-ql757,GPU-b2272d68-21df-f504-eceb-3621e0c49ba3,DCGM_FI_DEV_GPU_TEMP,nvidia0,0,10.244.49.66:9400,dcgm-exporter,NVIDIA A16
2026-02-20 08:26:47.604,71.0,580.95.05,dcgm-exporter-ql757,GPU-b2272d68-21df-f504-eceb-3621e0c49ba3,DCGM_FI_DEV_GPU_TEMP,nvidia0,0,10.244.49.66:9400,dcgm-exporter,NVIDIA A16
2026-02-20 08:26:52.604,71.0,580.95.05,dcgm-exporter-ql757,GPU-b2272d68-21df-f504-eceb-3621e0c49ba3,DCGM_FI_DEV_GPU_TEMP,nvidia0,0,10.244.49.66:9400,dcgm-exporter,NVIDIA A16
2026-02-20 08:26:57.604,71.0,580.95.05,dcgm-exporter-ql757,GPU-b2272d68-21df-f504-eceb-3621e0c49ba3,DCGM_FI_DEV_GPU_TEMP,nvidia0,0,10.244.49.66:9400,dcgm-exporter,NVIDIA A16
2026-02-20 08:27:02.604,72.0,580.95.05,dcgm-exporter-ql757,GPU-b2272d68-21df-f504-eceb-3621e0c49ba3,DCGM_FI_DEV_GPU_TEMP,nvidia0,0,10.244.49.66:9400,dcgm-exporter,NVIDIA A16
2026-02-20 08:27:07.604,72.0,580.95.05,dcgm-exporter-ql757,GPU-b2272d68-21df-f504-eceb-3621e0c49ba3,DCGM_FI_DEV_GPU_TEMP,nvidia0,0,10.244.49.66:9400,dcgm-exporter,NVIDIA A16
2026-02-20 08:27:12.604,72.0,580.95.05,dcgm-exporter-ql757,GPU-b2272d68-21df-f504-eceb-3621e0c49ba3,DCGM_FI_DEV_GPU_TEMP,nvidia0,0,10.244.49.66:9400,dcgm-exporter,NVIDIA A16
2026-02-20 08:27:17.604,72.0,580.95.05,dcgm-exporter-ql757,GPU-b2272d68-21df-f504-eceb-3621e0c49ba3,DCGM_FI_DEV_GPU_TEMP,nvidia0,0,10.244.49.66:9400,dcgm-exporter,NVIDIA A16
2026-02-20 08:27:22.604,72.0,580.95.05,dcgm-exporter-ql757,GPU-b2272d68-21df-f504-eceb-3621e0c49ba3,DCGM_FI_DEV_GPU_TEMP,nvidia0,0,10.244.49.66:9400,dcgm-exporter,NVIDIA A16
2026-02-20 08:27:27.604,72.0,580.95.05,dcgm-exporter-ql757,GPU-b2272d68-21df-f504-eceb-3621e0c49ba3,DCGM_FI_DEV_GPU_TEMP,nvidia0,0,10.244.49.66:9400,dcgm-exporter,NVIDIA A16
2026-02-20 08:27:32.604,70.0,580.95.05,dcgm-exporter-ql757,GPU-b2272d68-21df-f504-eceb-3621e0c49ba3,DCGM_FI_DEV_GPU_TEMP,nvidia0,0,10.244.49.66:9400,dcgm-exporter,NVIDIA A16
2026-02-20 08:27:37.604,70.0,580.95.05,dcgm-exporter-ql757,GPU-b2272d68-21df-f504-eceb-3621e0c49ba3,DCGM_FI_DEV_GPU_TEMP,nvidia0,0,10.244.49.66:9400,dcgm-exporter,NVIDIA A16
2026-02-20 08:27:42.604,70.0,580.95.05,dcgm-exporter-ql757,GPU-b2272d68-21df-f504-eceb-3621e0c49ba3,DCGM_FI_DEV_GPU_TEMP,nvidia0,0,10.244.49.66:9400,dcgm-exporter,NVIDIA A16
2026-02-20 08:27:47.604,70.0,580.95.05,dcgm-exporter-ql757,GPU-b2272d68-21df-f504-eceb-3621e0c49ba3,DCGM_FI_DEV_GPU_TEMP,nvidia0,0,10.244.49.66:9400,dcgm-exporter,NVIDIA A16
2026-02-20 08:27:52.604,70.0,580.95.05,dcgm-exporter-ql757,GPU-b2272d68-21df-f504-eceb-3621e0c49ba3,DCGM_FI_DEV_GPU_TEMP,nvidia0,0,10.244.49.66:9400,dcgm-exporter,NVIDIA A16
2026-02-20 08:27:57.604,70.0,580.95.05,dcgm-exporter-ql757,GPU-b2272d68-21df-f504-eceb-3621e0c49ba3,DCGM_FI_DEV_GPU_TEMP,nvidia0,0,10.244.49.66:9400,dcgm-exporter,NVIDIA A16
2026-02-20 08:28:02.604,73.0,580.95.05,dcgm-exporter-ql757,GPU-b2272d68-21df-f504-eceb-3621e0c49ba3,DCGM_FI_DEV_GPU_TEMP,nvidia0,0,10.244.49.66:9400,dcgm-exporter,NVIDIA A16
2026-02-20 08:28:07.604,73.0,580.95.05,dcgm-exporter-ql757,GPU-b2272d68-21df-f504-eceb-3621e0c49ba3,DCGM_FI_DEV_GPU_TEMP,nvidia0,0,10.244.49.66:9400,dcgm-exporter,NVIDIA A16
2026-02-20 08:28:12.604,73.0,580.95.05,dcgm-exporter-ql757,GPU-b2272d68-21df-f504-eceb-3621e0c49ba3,DCGM_FI_DEV_GPU_TEMP,nvidia0,0,10.244.49.66:9400,dcgm-exporter,NVIDIA A16
2026-02-20 08:28:17.604,73.0,580.95.05,dcgm-exporter-ql757,GPU-b2272d68-21df-f504-eceb-3621e0c49ba3,DCGM_FI_DEV_GPU_TEMP,nvidia0,0,10.244.49.66:9400,dcgm-exporter,NVIDIA A16
2026-02-20 08:28:22.604,73.0,580.95.05,dcgm-exporter-ql757,GPU-b2272d68-21df-f504-eceb-3621e0c49ba3,DCGM_FI_DEV_GPU_TEMP,nvidia0,0,10.244.49.66:9400,dcgm-exporter,NVIDIA A16
2026-02-20 08:28:27.604,73.0,580.95.05,dcgm-exporter-ql757,GPU-b2272d68-21df-f504-eceb-3621e0c49ba3,DCGM_FI_DEV_GPU_TEMP,nvidia0,0,10.244.49.66:9400,dcgm-exporter,NVIDIA A16
2026-02-20 08:28:32.604,71.0,580.95.05,dcgm-exporter-ql757,GPU-b2272d68-21df-f504-eceb-3621e0c49ba3,DCGM_FI_DEV_GPU_TEMP,nvidia0,0,10.244.49.66:9400,dcgm-exporter,NVIDIA A16
2026-02-20 08:28:37.604,71.0,580.95.05,dcgm-exporter-ql757,GPU-b2272d68-21df-f504-eceb-3621e0c49ba3,DCGM_FI_DEV_GPU_TEMP,nvidia0,0,10.244.49.66:9400,dcgm-exporter,NVIDIA A16
2026-02-20 08:28:42.604,71.0,580.95.05,dcgm-exporter-ql757,GPU-b2272d68-21df-f504-eceb-3621e0c49ba3,DCGM_FI_DEV_GPU_TEMP,nvidia0,0,10.244.49.66:9400,dcgm-exporter,NVIDIA A16
2026-02-20 08:28:47.604,71.0,580.95.05,dcgm-exporter-ql757,GPU-b2272d68-21df-f504-eceb-3621e0c49ba3,DCGM_FI_DEV_GPU_TEMP,nvidia0,0,10.244.49.66:9400,dcgm-exporter,NVIDIA A16
2026-02-20 08:28:52.604,71.0,580.95.05,dcgm-exporter-ql757,GPU-b2272d68-21df-f504-eceb-3621e0c49ba3,DCGM_FI_DEV_GPU_TEMP,nvidia0,0,10.244.49.66:9400,dcgm-exporter,NVIDIA A16
2026-02-20 08:28:57.604,71.0,580.95.05,dcgm-exporter-ql757,GPU-b2272d68-21df-f504-eceb-3621e0c49ba3,DCGM_FI_DEV_GPU_TEMP,nvidia0,0,10.244.49.66:9400,dcgm-exporter,NVIDIA A16
2026-02-20 08:29:02.604,73.0,580.95.05,dcgm-exporter-ql757,GPU-b2272d68-21df-f504-eceb-3621e0c49ba3,DCGM_FI_DEV_GPU_TEMP,nvidia0,0,10.244.49.66:9400,dcgm-exporter,NVIDIA A16
2026-02-20 08:29:07.604,73.0,580.95.05,dcgm-exporter-ql757,GPU-b2272d68-21df-f504-eceb-3621e0c49ba3,DCGM_FI_DEV_GPU_TEMP,nvidia0,0,10.244.49.66:9400,dcgm-exporter,NVIDIA A16
2026-02-20 08:29:12.604,73.0,580.95.05,dcgm-exporter-ql757,GPU-b2272d68-21df-f504-eceb-3621e0c49ba3,DCGM_FI_DEV_GPU_TEMP,nvidia0,0,10.244.49.66:9400,dcgm-exporter,NVIDIA A16
2026-02-20 08:29:17.604,73.0,580.95.05,dcgm-exporter-ql757,GPU-b2272d68-21df-f504-eceb-3621e0c49ba3,DCGM_FI_DEV_GPU_TEMP,nvidia0,0,10.244.49.66:9400,dcgm-exporter,NVIDIA A16
2026-02-20 08:29:22.604,73.0,580.95.05,dcgm-exporter-ql757,GPU-b2272d68-21df-f504-eceb-3621e0c49ba3,DCGM_FI_DEV_GPU_TEMP,nvidia0,0,10.244.49.66:9400,dcgm-exporter,NVIDIA A16
2026-02-20 08:29:27.604,73.0,580.95.05,dcgm-exporter-ql757,GPU-b2272d68-21df-f504-eceb-3621e0c49ba3,DCGM_FI_DEV_GPU_TEMP,nvidia0,0,10.244.49.66:9400,dcgm-exporter,NVIDIA A16
2026-02-20 08:29:32.604,72.0,580.95.05,dcgm-exporter-ql757,GPU-b2272d68-21df-f504-eceb-3621e0c49ba3,DCGM_FI_DEV_GPU_TEMP,nvidia0,0,10.244.49.66:9400,dcgm-exporter,NVIDIA A16
2026-02-20 08:29:37.604,72.0,580.95.05,dcgm-exporter-ql757,GPU-b2272d68-21df-f504-eceb-3621e0c49ba3,DCGM_FI_DEV_GPU_TEMP,nvidia0,0,10.244.49.66:9400,dcgm-exporter,NVIDIA A16
2026-02-20 08:29:42.604,72.0,580.95.05,dcgm-exporter-ql757,GPU-b2272d68-21df-f504-eceb-3621e0c49ba3,DCGM_FI_DEV_GPU_TEMP,nvidia0,0,10.244.49.66:9400,dcgm-exporter,NVIDIA A16
2026-02-20 08:29:47.604,72.0,580.95.05,dcgm-exporter-ql757,GPU-b2272d68-21df-f504-eceb-3621e0c49ba3,DCGM_FI_DEV_GPU_TEMP,nvidia0,0,10.244.49.66:9400,dcgm-exporter,NVIDIA A16
2026-02-20 08:29:52.604,72.0,580.95.05,dcgm-exporter-ql757,GPU-b2272d68-21df-f504-eceb-3621e0c49ba3,DCGM_FI_DEV_GPU_TEMP,nvidia0,0,10.244.49.66:9400,dcgm-exporter,NVIDIA A16
2026-02-20 08:29:57.604,72.0,580.95.05,dcgm-exporter-ql757,GPU-b2272d68-21df-f504-eceb-3621e0c49ba3,DCGM_FI_DEV_GPU_TEMP,nvidia0,0,10.244.49.66:9400,dcgm-exporter,NVIDIA A16
2026-02-20 08:30:02.604,72.0,580.95.05,dcgm-exporter-ql757,GPU-b2272d68-21df-f504-eceb-3621e0c49ba3,DCGM_FI_DEV_GPU_TEMP,nvidia0,0,10.244.49.66:9400,dcgm-exporter,NVIDIA A16
2026-02-20 08:30:07.604,72.0,580.95.05,dcgm-exporter-ql757,GPU-b2272d68-21df-f504-eceb-3621e0c49ba3,DCGM_FI_DEV_GPU_TEMP,nvidia0,0,10.244.49.66:9400,dcgm-exporter,NVIDIA A16
2026-02-20 08:30:12.604,72.0,580.95.05,dcgm-exporter-ql757,GPU-b2272d68-21df-f504-eceb-3621e0c49ba3,DCGM_FI_DEV_GPU_TEMP,nvidia0,0,10.244.49.66:9400,dcgm-exporter,NVIDIA A16
2026-02-20 08:30:17.604,72.0,580.95.05,dcgm-exporter-ql757,GPU-b2272d68-21df-f504-eceb-3621e0c49ba3,DCGM_FI_DEV_GPU_TEMP,nvidia0,0,10.244.49.66:9400,dcgm-exporter,NVIDIA A16
2026-02-20 08:30:22.604,72.0,580.95.05,dcgm-exporter-ql757,GPU-b2272d68-21df-f504-eceb-3621e0c49ba3,DCGM_FI_DEV_GPU_TEMP,nvidia0,0,10.244.49.66:9400,dcgm-exporter,NVIDIA A16
2026-02-20 08:30:27.604,72.0,580.95.05,dcgm-exporter-ql757,GPU-b2272d68-21df-f504-eceb-3621e0c49ba3,DCGM_FI_DEV_GPU_TEMP,nvidia0,0,10.244.49.66:9400,dcgm-exporter,NVIDIA A16
2026-02-20 08:30:32.604,71.0,580.95.05,dcgm-exporter-ql757,GPU-b2272d68-21df-f504-eceb-3621e0c49ba3,DCGM_FI_DEV_GPU_TEMP,nvidia0,0,10.244.49.66:9400,dcgm-exporter,NVIDIA A16
2026-02-20 08:30:37.604,71.0,580.95.05,dcgm-exporter-ql757,GPU-b2272d68-21df-f504-eceb-3621e0c49ba3,DCGM_FI_DEV_GPU_TEMP,nvidia0,0,10.244.49.66:9400,dcgm-exporter,NVIDIA A16
2026-02-20 08:30:42.604,71.0,580.95.05,dcgm-exporter-ql757,GPU-b2272d68-21df-f504-eceb-3621e0c49ba3,DCGM_FI_DEV_GPU_TEMP,nvidia0,0,10.244.49.66:9400,dcgm-exporter,NVIDIA A16
2026-02-20 08:30:47.604,71.0,580.95.05,dcgm-exporter-ql757,GPU-b2272d68-21df-f504-eceb-3621e0c49ba3,DCGM_FI_DEV_GPU_TEMP,nvidia0,0,10.244.49.66:9400,dcgm-exporter,NVIDIA A16
2026-02-20 08:30:52.604,71.0,580.95.05,dcgm-exporter-ql757,GPU-b2272d68-21df-f504-eceb-3621e0c49ba3,DCGM_FI_DEV_GPU_TEMP,nvidia0,0,10.244.49.66:9400,dcgm-exporter,NVIDIA A16
2026-02-20 08:30:57.604,71.0,580.95.05,dcgm-exporter-ql757,GPU-b2272d68-21df-f504-eceb-3621e0c49ba3,DCGM_FI_DEV_GPU_TEMP,nvidia0,0,10.244.49.66:9400,dcgm-exporter,NVIDIA A16
2026-02-20 08:31:02.604,72.0,580.95.05,dcgm-exporter-ql757,GPU-b2272d68-21df-f504-eceb-3621e0c49ba3,DCGM_FI_DEV_GPU_TEMP,nvidia0,0,10.244.49.66:9400,dcgm-exporter,NVIDIA A16
2026-02-20 08:31:07.604,72.0,580.95.05,dcgm-exporter-ql757,GPU-b2272d68-21df-f504-eceb-3621e0c49ba3,DCGM_FI_DEV_GPU_TEMP,nvidia0,0,10.244.49.66:9400,dcgm-exporter,NVIDIA A16
2026-02-20 08:31:12.604,72.0,580.95.05,dcgm-exporter-ql757,GPU-b2272d68-21df-f504-eceb-3621e0c49ba3,DCGM_FI_DEV_GPU_TEMP,nvidia0,0,10.244.49.66:9400,dcgm-exporter,NVIDIA A16
2026-02-20 08:31:17.604,72.0,580.95.05,dcgm-exporter-ql757,GPU-b2272d68-21df-f504-eceb-3621e0c49ba3,DCGM_FI_DEV_GPU_TEMP,nvidia0,0,10.244.49.66:9400,dcgm-exporter,NVIDIA A16
2026-02-20 08:31:22.604,72.0,580.95.05,dcgm-exporter-ql757,GPU-b2272d68-21df-f504-eceb-3621e0c49ba3,DCGM_FI_DEV_GPU_TEMP,nvidia0,0,10.244.49.66:9400,dcgm-exporter,NVIDIA A16
2026-02-20 08:31:27.604,72.0,580.95.05,dcgm-exporter-ql757,GPU-b2272d68-21df-f504-eceb-3621e0c49ba3,DCGM_FI_DEV_GPU_TEMP,nvidia0,0,10.244.49.66:9400,dcgm-exporter,NVIDIA A16
2026-02-20 08:31:32.604,71.0,580.95.05,dcgm-exporter-ql757,GPU-b2272d68-21df-f504-eceb-3621e0c49ba3,DCGM_FI_DEV_GPU_TEMP,nvidia0,0,10.244.49.66:9400,dcgm-exporter,NVIDIA A16
2026-02-20 08:31:37.604,71.0,580.95.05,dcgm-exporter-ql757,GPU-b2272d68-21df-f504-eceb-3621e0c49ba3,DCGM_FI_DEV_GPU_TEMP,nvidia0,0,10.244.49.66:9400,dcgm-exporter,NVIDIA A16
2026-02-20 08:31:42.604,71.0,580.95.05,dcgm-exporter-ql757,GPU-b2272d68-21df-f504-eceb-3621e0c49ba3,DCGM_FI_DEV_GPU_TEMP,nvidia0,0,10.244.49.66:9400,dcgm-exporter,NVIDIA A16
2026-02-20 08:31:47.604,71.0,580.95.05,dcgm-exporter-ql757,GPU-b2272d68-21df-f504-eceb-3621e0c49ba3,DCGM_FI_DEV_GPU_TEMP,nvidia0,0,10.244.49.66:9400,dcgm-exporter,NVIDIA A16
2026-02-20 08:31:52.604,71.0,580.95.05,dcgm-exporter-ql757,GPU-b2272d68-21df-f504-eceb-3621e0c49ba3,DCGM_FI_DEV_GPU_TEMP,nvidia0,0,10.244.49.66:9400,dcgm-exporter,NVIDIA A16
2026-02-20 08:31:57.604,71.0,580.95.05,dcgm-exporter-ql757,GPU-b2272d68-21df-f504-eceb-3621e0c49ba3,DCGM_FI_DEV_GPU_TEMP,nvidia0,0,10.244.49.66:9400,dcgm-exporter,NVIDIA A16
2026-02-20 08:32:02.604,67.0,580.95.05,dcgm-exporter-ql757,GPU-b2272d68-21df-f504-eceb-3621e0c49ba3,DCGM_FI_DEV_GPU_TEMP,nvidia0,0,10.244.49.66:9400,dcgm-exporter,NVIDIA A16
2026-02-20 08:32:07.604,67.0,580.95.05,dcgm-exporter-ql757,GPU-b2272d68-21df-f504-eceb-3621e0c49ba3,DCGM_FI_DEV_GPU_TEMP,nvidia0,0,10.244.49.66:9400,dcgm-exporter,NVIDIA A16
2026-02-20 08:32:12.604,67.0,580.95.05,dcgm-exporter-ql757,GPU-b2272d68-21df-f504-eceb-3621e0c49ba3,DCGM_FI_DEV_GPU_TEMP,nvidia0,0,10.244.49.66:9400,dcgm-exporter,NVIDIA A16
2026-02-20 08:32:17.604,67.0,580.95.05,dcgm-exporter-ql757,GPU-b2272d68-21df-f504-eceb-3621e0c49ba3,DCGM_FI_DEV_GPU_TEMP,nvidia0,0,10.244.49.66:9400,dcgm-exporter,NVIDIA A16
2026-02-20 08:32:22.604,67.0,580.95.05,dcgm-exporter-ql757,GPU-b2272d68-21df-f504-eceb-3621e0c49ba3,DCGM_FI_DEV_GPU_TEMP,nvidia0,0,10.244.49.66:9400,dcgm-exporter,NVIDIA A16
2026-02-20 08:32:27.604,67.0,580.95.05,dcgm-exporter-ql757,GPU-b2272d68-21df-f504-eceb-3621e0c49ba3,DCGM_FI_DEV_GPU_TEMP,nvidia0,0,10.244.49.66:9400,dcgm-exporter,NVIDIA A16
2026-02-20 08:32:32.604,66.0,580.95.05,dcgm-exporter-ql757,GPU-b2272d68-21df-f504-eceb-3621e0c49ba3,DCGM_FI_DEV_GPU_TEMP,nvidia0,0,10.244.49.66:9400,dcgm-exporter,NVIDIA A16
2026-02-20 08:32:37.604,66.0,580.95.05,dcgm-exporter-ql757,GPU-b2272d68-21df-f504-eceb-3621e0c49ba3,DCGM_FI_DEV_GPU_TEMP,nvidia0,0,10.244.49.66:9400,dcgm-exporter,NVIDIA A16
2026-02-20 08:32:42.604,66.0,580.95.05,dcgm-exporter-ql757,GPU-b2272d68-21df-f504-eceb-3621e0c49ba3,DCGM_FI_DEV_GPU_TEMP,nvidia0,0,10.244.49.66:9400,dcgm-exporter,NVIDIA A16
2026-02-20 08:32:47.604,66.0,580.95.05,dcgm-exporter-ql757,GPU-b2272d68-21df-f504-eceb-3621e0c49ba3,DCGM_FI_DEV_GPU_TEMP,nvidia0,0,10.244.49.66:9400,dcgm-exporter,NVIDIA A16
2026-02-20 08:32:52.604,66.0,580.95.05,dcgm-exporter-ql757,GPU-b2272d68-21df-f504-eceb-3621e0c49ba3,DCGM_FI_DEV_GPU_TEMP,nvidia0,0,10.244.49.66:9400,dcgm-exporter,NVIDIA A16
2026-02-20 08:32:57.604,66.0,580.95.05,dcgm-exporter-ql757,GPU-b2272d68-21df-f504-eceb-3621e0c49ba3,DCGM_FI_DEV_GPU_TEMP,nvidia0,0,10.244.49.66:9400,dcgm-exporter,NVIDIA A16
2026-02-20 08:33:02.604,67.0,580.95.05,dcgm-exporter-ql757,GPU-b2272d68-21df-f504-eceb-3621e0c49ba3,DCGM_FI_DEV_GPU_TEMP,nvidia0,0,10.244.49.66:9400,dcgm-exporter,NVIDIA A16
2026-02-20 08:33:07.604,67.0,580.95.05,dcgm-exporter-ql757,GPU-b2272d68-21df-f504-eceb-3621e0c49ba3,DCGM_FI_DEV_GPU_TEMP,nvidia0,0,10.244.49.66:9400,dcgm-exporter,NVIDIA A16
2026-02-20 08:33:12.604,67.0,580.95.05,dcgm-exporter-ql757,GPU-b2272d68-21df-f504-eceb-3621e0c49ba3,DCGM_FI_DEV_GPU_TEMP,nvidia0,0,10.244.49.66:9400,dcgm-exporter,NVIDIA A16
2026-02-20 08:33:17.604,67.0,580.95.05,dcgm-exporter-ql757,GPU-b2272d68-21df-f504-eceb-3621e0c49ba3,DCGM_FI_DEV_GPU_TEMP,nvidia0,0,10.244.49.66:9400,dcgm-exporter,NVIDIA A16
2026-02-20 08:33:22.604,67.0,580.95.05,dcgm-exporter-ql757,GPU-b2272d68-21df-f504-eceb-3621e0c49ba3,DCGM_FI_DEV_GPU_TEMP,nvidia0,0,10.244.49.66:9400,dcgm-exporter,NVIDIA A16
2026-02-20 08:33:27.604,67.0,580.95.05,dcgm-exporter-ql757,GPU-b2272d68-21df-f504-eceb-3621e0c49ba3,DCGM_FI_DEV_GPU_TEMP,nvidia0,0,10.244.49.66:9400,dcgm-exporter,NVIDIA A16
2026-02-20 08:33:32.604,64.0,580.95.05,dcgm-exporter-ql757,GPU-b2272d68-21df-f504-eceb-3621e0c49ba3,DCGM_FI_DEV_GPU_TEMP,nvidia0,0,10.244.49.66:9400,dcgm-exporter,NVIDIA A16
2026-02-20 08:33:37.604,64.0,580.95.05,dcgm-exporter-ql757,GPU-b2272d68-21df-f504-eceb-3621e0c49ba3,DCGM_FI_DEV_GPU_TEMP,nvidia0,0,10.244.49.66:9400,dcgm-exporter,NVIDIA A16
2026-02-20 08:33:42.604,64.0,580.95.05,dcgm-exporter-ql757,GPU-b2272d68-21df-f504-eceb-3621e0c49ba3,DCGM_FI_DEV_GPU_TEMP,nvidia0,0,10.244.49.66:9400,dcgm-exporter,NVIDIA A16
2026-02-20 08:33:47.604,64.0,580.95.05,dcgm-exporter-ql757,GPU-b2272d68-21df-f504-eceb-3621e0c49ba3,DCGM_FI_DEV_GPU_TEMP,nvidia0,0,10.244.49.66:9400,dcgm-exporter,NVIDIA A16
2026-02-20 08:33:52.604,64.0,580.95.05,dcgm-exporter-ql757,GPU-b2272d68-21df-f504-eceb-3621e0c49ba3,DCGM_FI_DEV_GPU_TEMP,nvidia0,0,10.244.49.66:9400,dcgm-exporter,NVIDIA A16
2026-02-20 08:33:57.604,64.0,580.95.05,dcgm-exporter-ql757,GPU-b2272d68-21df-f504-eceb-3621e0c49ba3,DCGM_FI_DEV_GPU_TEMP,nvidia0,0,10.244.49.66:9400,dcgm-exporter,NVIDIA A16
2026-02-20 08:34:02.604,65.0,580.95.05,dcgm-exporter-ql757,GPU-b2272d68-21df-f504-eceb-3621e0c49ba3,DCGM_FI_DEV_GPU_TEMP,nvidia0,0,10.244.49.66:9400,dcgm-exporter,NVIDIA A16
2026-02-20 08:34:07.604,65.0,580.95.05,dcgm-exporter-ql757,GPU-b2272d68-21df-f504-eceb-3621e0c49ba3,DCGM_FI_DEV_GPU_TEMP,nvidia0,0,10.244.49.66:9400,dcgm-exporter,NVIDIA A16
2026-02-20 08:34:12.604,65.0,580.95.05,dcgm-exporter-ql757,GPU-b2272d68-21df-f504-eceb-3621e0c49ba3,DCGM_FI_DEV_GPU_TEMP,nvidia0,0,10.244.49.66:9400,dcgm-exporter,NVIDIA A16
2026-02-20 08:34:17.604,65.0,580.95.05,dcgm-exporter-ql757,GPU-b2272d68-21df-f504-eceb-3621e0c49ba3,DCGM_FI_DEV_GPU_TEMP,nvidia0,0,10.244.49.66:9400,dcgm-exporter,NVIDIA A16
2026-02-20 08:34:22.604,65.0,580.95.05,dcgm-exporter-ql757,GPU-b2272d68-21df-f504-eceb-3621e0c49ba3,DCGM_FI_DEV_GPU_TEMP,nvidia0,0,10.244.49.66:9400,dcgm-exporter,NVIDIA A16
2026-02-20 08:34:27.604,65.0,580.95.05,dcgm-exporter-ql757,GPU-b2272d68-21df-f504-eceb-3621e0c49ba3,DCGM_FI_DEV_GPU_TEMP,nvidia0,0,10.244.49.66:9400,dcgm-exporter,NVIDIA A16
2026-02-20 08:34:32.604,65.0,580.95.05,dcgm-exporter-ql757,GPU-b2272d68-21df-f504-eceb-3621e0c49ba3,DCGM_FI_DEV_GPU_TEMP,nvidia0,0,10.244.49.66:9400,dcgm-exporter,NVIDIA A16
2026-02-20 08:34:37.604,65.0,580.95.05,dcgm-exporter-ql757,GPU-b2272d68-21df-f504-eceb-3621e0c49ba3,DCGM_FI_DEV_GPU_TEMP,nvidia0,0,10.244.49.66:9400,dcgm-exporter,NVIDIA A16
2026-02-20 08:34:42.604,65.0,580.95.05,dcgm-exporter-ql757,GPU-b2272d68-21df-f504-eceb-3621e0c49ba3,DCGM_FI_DEV_GPU_TEMP,nvidia0,0,10.244.49.66:9400,dcgm-exporter,NVIDIA A16
2026-02-20 08:34:47.604,65.0,580.95.05,dcgm-exporter-ql757,GPU-b2272d68-21df-f504-eceb-3621e0c49ba3,DCGM_FI_DEV_GPU_TEMP,nvidia0,0,10.244.49.66:9400,dcgm-exporter,NVIDIA A16
2026-02-20 08:34:52.604,65.0,580.95.05,dcgm-exporter-ql757,GPU-b2272d68-21df-f504-eceb-3621e0c49ba3,DCGM_FI_DEV_GPU_TEMP,nvidia0,0,10.244.49.66:9400,dcgm-exporter,NVIDIA A16
2026-02-20 08:34:57.604,65.0,580.95.05,dcgm-exporter-ql757,GPU-b2272d68-21df-f504-eceb-3621e0c49ba3,DCGM_FI_DEV_GPU_TEMP,nvidia0,0,10.244.49.66:9400,dcgm-exporter,NVIDIA A16
2026-02-20 08:35:02.604,64.0,580.95.05,dcgm-exporter-ql757,GPU-b2272d68-21df-f504-eceb-3621e0c49ba3,DCGM_FI_DEV_GPU_TEMP,nvidia0,0,10.244.49.66:9400,dcgm-exporter,NVIDIA A16
2026-02-20 08:35:07.604,64.0,580.95.05,dcgm-exporter-ql757,GPU-b2272d68-21df-f504-eceb-3621e0c49ba3,DCGM_FI_DEV_GPU_TEMP,nvidia0,0,10.244.49.66:9400,dcgm-exporter,NVIDIA A16
2026-02-20 08:35:12.604,64.0,580.95.05,dcgm-exporter-ql757,GPU-b2272d68-21df-f504-eceb-3621e0c49ba3,DCGM_FI_DEV_GPU_TEMP,nvidia0,0,10.244.49.66:9400,dcgm-exporter,NVIDIA A16
2026-02-20 08:35:17.604,64.0,580.95.05,dcgm-exporter-ql757,GPU-b2272d68-21df-f504-eceb-3621e0c49ba3,DCGM_FI_DEV_GPU_TEMP,nvidia0,0,10.244.49.66:9400,dcgm-exporter,NVIDIA A16
2026-02-20 08:35:22.604,64.0,580.95.05,dcgm-exporter-ql757,GPU-b2272d68-21df-f504-eceb-3621e0c49ba3,DCGM_FI_DEV_GPU_TEMP,nvidia0,0,10.244.49.66:9400,dcgm-exporter,NVIDIA A16
2026-02-20 08:35:27.604,64.0,580.95.05,dcgm-exporter-ql757,GPU-b2272d68-21df-f504-eceb-3621e0c49ba3,DCGM_FI_DEV_GPU_TEMP,nvidia0,0,10.244.49.66:9400,dcgm-exporter,NVIDIA A16
2026-02-20 08:35:32.604,65.0,580.95.05,dcgm-exporter-ql757,GPU-b2272d68-21df-f504-eceb-3621e0c49ba3,DCGM_FI_DEV_GPU_TEMP,nvidia0,0,10.244.49.66:9400,dcgm-exporter,NVIDIA A16
2026-02-20 08:35:37.604,65.0,580.95.05,dcgm-exporter-ql757,GPU-b2272d68-21df-f504-eceb-3621e0c49ba3,DCGM_FI_DEV_GPU_TEMP,nvidia0,0,10.244.49.66:9400,dcgm-exporter,NVIDIA A16
2026-02-20 08:35:42.604,65.0,580.95.05,dcgm-exporter-ql757,GPU-b2272d68-21df-f504-eceb-3621e0c49ba3,DCGM_FI_DEV_GPU_TEMP,nvidia0,0,10.244.49.66:9400,dcgm-exporter,NVIDIA A16
2026-02-20 08:35:47.604,65.0,580.95.05,dcgm-exporter-ql757,GPU-b2272d68-21df-f504-eceb-3621e0c49ba3,DCGM_FI_DEV_GPU_TEMP,nvidia0,0,10.244.49.66:9400,dcgm-exporter,NVIDIA A16
2026-02-20 08:35:52.604,65.0,580.95.05,dcgm-exporter-ql757,GPU-b2272d68-21df-f504-eceb-3621e0c49ba3,DCGM_FI_DEV_GPU_TEMP,nvidia0,0,10.244.49.66:9400,dcgm-exporter,NVIDIA A16
2026-02-20 08:35:57.604,65.0,580.95.05,dcgm-exporter-ql757,GPU-b2272d68-21df-f504-eceb-3621e0c49ba3,DCGM_FI_DEV_GPU_TEMP,nvidia0,0,10.244.49.66:9400,dcgm-exporter,NVIDIA A16
2026-02-20 08:36:02.604,66.0,580.95.05,dcgm-exporter-ql757,GPU-b2272d68-21df-f504-eceb-3621e0c49ba3,DCGM_FI_DEV_GPU_TEMP,nvidia0,0,10.244.49.66:9400,dcgm-exporter,NVIDIA A16
2026-02-20 08:36:07.604,66.0,580.95.05,dcgm-exporter-ql757,GPU-b2272d68-21df-f504-eceb-3621e0c49ba3,DCGM_FI_DEV_GPU_TEMP,nvidia0,0,10.244.49.66:9400,dcgm-exporter,NVIDIA A16
2026-02-20 08:36:12.604,66.0,580.95.05,dcgm-exporter-ql757,GPU-b2272d68-21df-f504-eceb-3621e0c49ba3,DCGM_FI_DEV_GPU_TEMP,nvidia0,0,10.244.49.66:9400,dcgm-exporter,NVIDIA A16
2026-02-20 08:36:17.604,66.0,580.95.05,dcgm-exporter-ql757,GPU-b2272d68-21df-f504-eceb-3621e0c49ba3,DCGM_FI_DEV_GPU_TEMP,nvidia0,0,10.244.49.66:9400,dcgm-exporter,NVIDIA A16
2026-02-20 08:36:22.604,66.0,580.95.05,dcgm-exporter-ql757,GPU-b2272d68-21df-f504-eceb-3621e0c49ba3,DCGM_FI_DEV_GPU_TEMP,nvidia0,0,10.244.49.66:9400,dcgm-exporter,NVIDIA A16
2026-02-20 08:36:27.604,66.0,580.95.05,dcgm-exporter-ql757,GPU-b2272d68-21df-f504-eceb-3621e0c49ba3,DCGM_FI_DEV_GPU_TEMP,nvidia0,0,10.244.49.66:9400,dcgm-exporter,NVIDIA A16
2026-02-20 08:36:32.604,64.0,580.95.05,dcgm-exporter-ql757,GPU-b2272d68-21df-f504-eceb-3621e0c49ba3,DCGM_FI_DEV_GPU_TEMP,nvidia0,0,10.244.49.66:9400,dcgm-exporter,NVIDIA A16
2026-02-20 08:36:37.604,64.0,580.95.05,dcgm-exporter-ql757,GPU-b2272d68-21df-f504-eceb-3621e0c49ba3,DCGM_FI_DEV_GPU_TEMP,nvidia0,0,10.244.49.66:9400,dcgm-exporter,NVIDIA A16
2026-02-20 08:36:42.604,64.0,580.95.05,dcgm-exporter-ql757,GPU-b2272d68-21df-f504-eceb-3621e0c49ba3,DCGM_FI_DEV_GPU_TEMP,nvidia0,0,10.244.49.66:9400,dcgm-exporter,NVIDIA A16
2026-02-20 08:36:47.604,64.0,580.95.05,dcgm-exporter-ql757,GPU-b2272d68-21df-f504-eceb-3621e0c49ba3,DCGM_FI_DEV_GPU_TEMP,nvidia0,0,10.244.49.66:9400,dcgm-exporter,NVIDIA A16
2026-02-20 08:36:52.604,64.0,580.95.05,dcgm-exporter-ql757,GPU-b2272d68-21df-f504-eceb-3621e0c49ba3,DCGM_FI_DEV_GPU_TEMP,nvidia0,0,10.244.49.66:9400,dcgm-exporter,NVIDIA A16
2026-02-20 08:36:57.604,64.0,580.95.05,dcgm-exporter-ql757,GPU-b2272d68-21df-f504-eceb-3621e0c49ba3,DCGM_FI_DEV_GPU_TEMP,nvidia0,0,10.244.49.66:9400,dcgm-exporter,NVIDIA A16
2026-02-20 08:37:02.604,66.0,580.95.05,dcgm-exporter-ql757,GPU-b2272d68-21df-f504-eceb-3621e0c49ba3,DCGM_FI_DEV_GPU_TEMP,nvidia0,0,10.244.49.66:9400,dcgm-exporter,NVIDIA A16
2026-02-20 08:37:07.604,66.0,580.95.05,dcgm-exporter-ql757,GPU-b2272d68-21df-f504-eceb-3621e0c49ba3,DCGM_FI_DEV_GPU_TEMP,nvidia0,0,10.244.49.66:9400,dcgm-exporter,NVIDIA A16
2026-02-20 08:37:12.604,66.0,580.95.05,dcgm-exporter-ql757,GPU-b2272d68-21df-f504-eceb-3621e0c49ba3,DCGM_FI_DEV_GPU_TEMP,nvidia0,0,10.244.49.66:9400,dcgm-exporter,NVIDIA A16
2026-02-20 08:37:17.604,66.0,580.95.05,dcgm-exporter-ql757,GPU-b2272d68-21df-f504-eceb-3621e0c49ba3,DCGM_FI_DEV_GPU_TEMP,nvidia0,0,10.244.49.66:9400,dcgm-exporter,NVIDIA A16
2026-02-20 08:37:22.604,66.0,580.95.05,dcgm-exporter-ql757,GPU-b2272d68-21df-f504-eceb-3621e0c49ba3,DCGM_FI_DEV_GPU_TEMP,nvidia0,0,10.244.49.66:9400,dcgm-exporter,NVIDIA A16
2026-02-20 08:37:27.604,66.0,580.95.05,dcgm-exporter-ql757,GPU-b2272d68-21df-f504-eceb-3621e0c49ba3,DCGM_FI_DEV_GPU_TEMP,nvidia0,0,10.244.49.66:9400,dcgm-exporter,NVIDIA A16
2026-02-20 08:37:32.604,64.0,580.95.05,dcgm-exporter-ql757,GPU-b2272d68-21df-f504-eceb-3621e0c49ba3,DCGM_FI_DEV_GPU_TEMP,nvidia0,0,10.244.49.66:9400,dcgm-exporter,NVIDIA A16
2026-02-20 08:37:37.604,64.0,580.95.05,dcgm-exporter-ql757,GPU-b2272d68-21df-f504-eceb-3621e0c49ba3,DCGM_FI_DEV_GPU_TEMP,nvidia0,0,10.244.49.66:9400,dcgm-exporter,NVIDIA A16
2026-02-20 08:37:42.604,64.0,580.95.05,dcgm-exporter-ql757,GPU-b2272d68-21df-f504-eceb-3621e0c49ba3,DCGM_FI_DEV_GPU_TEMP,nvidia0,0,10.244.49.66:9400,dcgm-exporter,NVIDIA A16
2026-02-20 08:37:47.604,64.0,580.95.05,dcgm-exporter-ql757,GPU-b2272d68-21df-f504-eceb-3621e0c49ba3,DCGM_FI_DEV_GPU_TEMP,nvidia0,0,10.244.49.66:9400,dcgm-exporter,NVIDIA A16
2026-02-20 08:37:52.604,64.0,580.95.05,dcgm-exporter-ql757,GPU-b2272d68-21df-f504-eceb-3621e0c49ba3,DCGM_FI_DEV_GPU_TEMP,nvidia0,0,10.244.49.66:9400,dcgm-exporter,NVIDIA A16
2026-02-20 08:37:57.604,64.0,580.95.05,dcgm-exporter-ql757,GPU-b2272d68-21df-f504-eceb-3621e0c49ba3,DCGM_FI_DEV_GPU_TEMP,nvidia0,0,10.244.49.66:9400,dcgm-exporter,NVIDIA A16
2026-02-20 08:38:02.604,65.0,580.95.05,dcgm-exporter-ql757,GPU-b2272d68-21df-f504-eceb-3621e0c49ba3,DCGM_FI_DEV_GPU_TEMP,nvidia0,0,10.244.49.66:9400,dcgm-exporter,NVIDIA A16
2026-02-20 08:38:07.604,65.0,580.95.05,dcgm-exporter-ql757,GPU-b2272d68-21df-f504-eceb-3621e0c49ba3,DCGM_FI_DEV_GPU_TEMP,nvidia0,0,10.244.49.66:9400,dcgm-exporter,NVIDIA A16
2026-02-20 08:38:12.604,65.0,580.95.05,dcgm-exporter-ql757,GPU-b2272d68-21df-f504-eceb-3621e0c49ba3,DCGM_FI_DEV_GPU_TEMP,nvidia0,0,10.244.49.66:9400,dcgm-exporter,NVIDIA A16
2026-02-20 08:38:17.604,65.0,580.95.05,dcgm-exporter-ql757,GPU-b2272d68-21df-f504-eceb-3621e0c49ba3,DCGM_FI_DEV_GPU_TEMP,nvidia0,0,10.244.49.66:9400,dcgm-exporter,NVIDIA A16
2026-02-20 08:38:22.604,65.0,580.95.05,dcgm-exporter-ql757,GPU-b2272d68-21df-f504-eceb-3621e0c49ba3,DCGM_FI_DEV_GPU_TEMP,nvidia0,0,10.244.49.66:9400,dcgm-exporter,NVIDIA A16
2026-02-20 08:38:27.604,65.0,580.95.05,dcgm-exporter-ql757,GPU-b2272d68-21df-f504-eceb-3621e0c49ba3,DCGM_FI_DEV_GPU_TEMP,nvidia0,0,10.244.49.66:9400,dcgm-exporter,NVIDIA A16
2026-02-20 08:38:32.604,65.0,580.95.05,dcgm-exporter-ql757,GPU-b2272d68-21df-f504-eceb-3621e0c49ba3,DCGM_FI_DEV_GPU_TEMP,nvidia0,0,10.244.49.66:9400,dcgm-exporter,NVIDIA A16
2026-02-20 08:38:37.604,65.0,580.95.05,dcgm-exporter-ql757,GPU-b2272d68-21df-f504-eceb-3621e0c49ba3,DCGM_FI_DEV_GPU_TEMP,nvidia0,0,10.244.49.66:9400,dcgm-exporter,NVIDIA A16
2026-02-20 08:38:42.604,65.0,580.95.05,dcgm-exporter-ql757,GPU-b2272d68-21df-f504-eceb-3621e0c49ba3,DCGM_FI_DEV_GPU_TEMP,nvidia0,0,10.244.49.66:9400,dcgm-exporter,NVIDIA A16
2026-02-20 08:38:47.604,65.0,580.95.05,dcgm-exporter-ql757,GPU-b2272d68-21df-f504-eceb-3621e0c49ba3,DCGM_FI_DEV_GPU_TEMP,nvidia0,0,10.244.49.66:9400,dcgm-exporter,NVIDIA A16
2026-02-20 08:38:52.604,65.0,580.95.05,dcgm-exporter-ql757,GPU-b2272d68-21df-f504-eceb-3621e0c49ba3,DCGM_FI_DEV_GPU_TEMP,nvidia0,0,10.244.49.66:9400,dcgm-exporter,NVIDIA A16
2026-02-20 08:38:57.604,65.0,580.95.05,dcgm-exporter-ql757,GPU-b2272d68-21df-f504-eceb-3621e0c49ba3,DCGM_FI_DEV_GPU_TEMP,nvidia0,0,10.244.49.66:9400,dcgm-exporter,NVIDIA A16
2026-02-20 08:39:02.604,65.0,580.95.05,dcgm-exporter-ql757,GPU-b2272d68-21df-f504-eceb-3621e0c49ba3,DCGM_FI_DEV_GPU_TEMP,nvidia0,0,10.244.49.66:9400,dcgm-exporter,NVIDIA A16
2026-02-20 08:39:07.604,65.0,580.95.05,dcgm-exporter-ql757,GPU-b2272d68-21df-f504-eceb-3621e0c49ba3,DCGM_FI_DEV_GPU_TEMP,nvidia0,0,10.244.49.66:9400,dcgm-exporter,NVIDIA A16
2026-02-20 08:39:12.604,65.0,580.95.05,dcgm-exporter-ql757,GPU-b2272d68-21df-f504-eceb-3621e0c49ba3,DCGM_FI_DEV_GPU_TEMP,nvidia0,0,10.244.49.66:9400,dcgm-exporter,NVIDIA A16
2026-02-20 08:39:17.604,65.0,580.95.05,dcgm-exporter-ql757,GPU-b2272d68-21df-f504-eceb-3621e0c49ba3,DCGM_FI_DEV_GPU_TEMP,nvidia0,0,10.244.49.66:9400,dcgm-exporter,NVIDIA A16
2026-02-20 08:39:22.604,65.0,580.95.05,dcgm-exporter-ql757,GPU-b2272d68-21df-f504-eceb-3621e0c49ba3,DCGM_FI_DEV_GPU_TEMP,nvidia0,0,10.244.49.66:9400,dcgm-exporter,NVIDIA A16
2026-02-20 08:39:27.604,65.0,580.95.05,dcgm-exporter-ql757,GPU-b2272d68-21df-f504-eceb-3621e0c49ba3,DCGM_FI_DEV_GPU_TEMP,nvidia0,0,10.244.49.66:9400,dcgm-exporter,NVIDIA A16
2026-02-20 08:39:32.604,65.0,580.95.05,dcgm-exporter-ql757,GPU-b2272d68-21df-f504-eceb-3621e0c49ba3,DCGM_FI_DEV_GPU_TEMP,nvidia0,0,10.244.49.66:9400,dcgm-exporter,NVIDIA A16
2026-02-20 08:39:37.604,65.0,580.95.05,dcgm-exporter-ql757,GPU-b2272d68-21df-f504-eceb-3621e0c49ba3,DCGM_FI_DEV_GPU_TEMP,nvidia0,0,10.244.49.66:9400,dcgm-exporter,NVIDIA A16
2026-02-20 08:39:42.604,65.0,580.95.05,dcgm-exporter-ql757,GPU-b2272d68-21df-f504-eceb-3621e0c49ba3,DCGM_FI_DEV_GPU_TEMP,nvidia0,0,10.244.49.66:9400,dcgm-exporter,NVIDIA A16
2026-02-20 08:39:47.604,65.0,580.95.05,dcgm-exporter-ql757,GPU-b2272d68-21df-f504-eceb-3621e0c49ba3,DCGM_FI_DEV_GPU_TEMP,nvidia0,0,10.244.49.66:9400,dcgm-exporter,NVIDIA A16
2026-02-20 08:39:52.604,65.0,580.95.05,dcgm-exporter-ql757,GPU-b2272d68-21df-f504-eceb-3621e0c49ba3,DCGM_FI_DEV_GPU_TEMP,nvidia0,0,10.244.49.66:9400,dcgm-exporter,NVIDIA A16
2026-02-20 08:39:57.604,65.0,580.95.05,dcgm-exporter-ql757,GPU-b2272d68-21df-f504-eceb-3621e0c49ba3,DCGM_FI_DEV_GPU_TEMP,nvidia0,0,10.244.49.66:9400,dcgm-exporter,NVIDIA A16
2026-02-20 08:40:02.604,64.0,580.95.05,dcgm-exporter-ql757,GPU-b2272d68-21df-f504-eceb-3621e0c49ba3,DCGM_FI_DEV_GPU_TEMP,nvidia0,0,10.244.49.66:9400,dcgm-exporter,NVIDIA A16
2026-02-20 08:40:07.604,64.0,580.95.05,dcgm-exporter-ql757,GPU-b2272d68-21df-f504-eceb-3621e0c49ba3,DCGM_FI_DEV_GPU_TEMP,nvidia0,0,10.244.49.66:9400,dcgm-exporter,NVIDIA A16
2026-02-20 08:40:12.604,64.0,580.95.05,dcgm-exporter-ql757,GPU-b2272d68-21df-f504-eceb-3621e0c49ba3,DCGM_FI_DEV_GPU_TEMP,nvidia0,0,10.244.49.66:9400,dcgm-exporter,NVIDIA A16
2026-02-20 08:40:17.604,64.0,580.95.05,dcgm-exporter-ql757,GPU-b2272d68-21df-f504-eceb-3621e0c49ba3,DCGM_FI_DEV_GPU_TEMP,nvidia0,0,10.244.49.66:9400,dcgm-exporter,NVIDIA A16
2026-02-20 08:40:22.604,64.0,580.95.05,dcgm-exporter-ql757,GPU-b2272d68-21df-f504-eceb-3621e0c49ba3,DCGM_FI_DEV_GPU_TEMP,nvidia0,0,10.244.49.66:9400,dcgm-exporter,NVIDIA A16
2026-02-20 08:40:27.604,64.0,580.95.05,dcgm-exporter-ql757,GPU-b2272d68-21df-f504-eceb-3621e0c49ba3,DCGM_FI_DEV_GPU_TEMP,nvidia0,0,10.244.49.66:9400,dcgm-exporter,NVIDIA A16
2026-02-20 08:40:32.604,65.0,580.95.05,dcgm-exporter-ql757,GPU-b2272d68-21df-f504-eceb-3621e0c49ba3,DCGM_FI_DEV_GPU_TEMP,nvidia0,0,10.244.49.66:9400,dcgm-exporter,NVIDIA A16
2026-02-20 08:40:37.604,65.0,580.95.05,dcgm-exporter-ql757,GPU-b2272d68-21df-f504-eceb-3621e0c49ba3,DCGM_FI_DEV_GPU_TEMP,nvidia0,0,10.244.49.66:9400,dcgm-exporter,NVIDIA A16
2026-02-20 08:40:42.604,65.0,580.95.05,dcgm-exporter-ql757,GPU-b2272d68-21df-f504-eceb-3621e0c49ba3,DCGM_FI_DEV_GPU_TEMP,nvidia0,0,10.244.49.66:9400,dcgm-exporter,NVIDIA A16
2026-02-20 08:40:47.604,65.0,580.95.05,dcgm-exporter-ql757,GPU-b2272d68-21df-f504-eceb-3621e0c49ba3,DCGM_FI_DEV_GPU_TEMP,nvidia0,0,10.244.49.66:9400,dcgm-exporter,NVIDIA A16
2026-02-20 08:40:52.604,65.0,580.95.05,dcgm-exporter-ql757,GPU-b2272d68-21df-f504-eceb-3621e0c49ba3,DCGM_FI_DEV_GPU_TEMP,nvidia0,0,10.244.49.66:9400,dcgm-exporter,NVIDIA A16
2026-02-20 08:40:57.604,65.0,580.95.05,dcgm-exporter-ql757,GPU-b2272d68-21df-f504-eceb-3621e0c49ba3,DCGM_FI_DEV_GPU_TEMP,nvidia0,0,10.244.49.66:9400,dcgm-exporter,NVIDIA A16
2026-02-20 08:41:02.604,65.0,580.95.05,dcgm-exporter-ql757,GPU-b2272d68-21df-f504-eceb-3621e0c49ba3,DCGM_FI_DEV_GPU_TEMP,nvidia0,0,10.244.49.66:9400,dcgm-exporter,NVIDIA A16
2026-02-20 08:41:07.604,65.0,580.95.05,dcgm-exporter-ql757,GPU-b2272d68-21df-f504-eceb-3621e0c49ba3,DCGM_FI_DEV_GPU_TEMP,nvidia0,0,10.244.49.66:9400,dcgm-exporter,NVIDIA A16
2026-02-20 08:41:12.604,65.0,580.95.05,dcgm-exporter-ql757,GPU-b2272d68-21df-f504-eceb-3621e0c49ba3,DCGM_FI_DEV_GPU_TEMP,nvidia0,0,10.244.49.66:9400,dcgm-exporter,NVIDIA A16
2026-02-20 08:41:17.604,65.0,580.95.05,dcgm-exporter-ql757,GPU-b2272d68-21df-f504-eceb-3621e0c49ba3,DCGM_FI_DEV_GPU_TEMP,nvidia0,0,10.244.49.66:9400,dcgm-exporter,NVIDIA A16
2026-02-20 08:41:22.604,65.0,580.95.05,dcgm-exporter-ql757,GPU-b2272d68-21df-f504-eceb-3621e0c49ba3,DCGM_FI_DEV_GPU_TEMP,nvidia0,0,10.244.49.66:9400,dcgm-exporter,NVIDIA A16
2026-02-20 08:41:27.604,65.0,580.95.05,dcgm-exporter-ql757,GPU-b2272d68-21df-f504-eceb-3621e0c49ba3,DCGM_FI_DEV_GPU_TEMP,nvidia0,0,10.244.49.66:9400,dcgm-exporter,NVIDIA A16
2026-02-20 08:41:32.604,64.0,580.95.05,dcgm-exporter-ql757,GPU-b2272d68-21df-f504-eceb-3621e0c49ba3,DCGM_FI_DEV_GPU_TEMP,nvidia0,0,10.244.49.66:9400,dcgm-exporter,NVIDIA A16
2026-02-20 08:41:37.604,64.0,580.95.05,dcgm-exporter-ql757,GPU-b2272d68-21df-f504-eceb-3621e0c49ba3,DCGM_FI_DEV_GPU_TEMP,nvidia0,0,10.244.49.66:9400,dcgm-exporter,NVIDIA A16
2026-02-20 08:41:42.604,64.0,580.95.05,dcgm-exporter-ql757,GPU-b2272d68-21df-f504-eceb-3621e0c49ba3,DCGM_FI_DEV_GPU_TEMP,nvidia0,0,10.244.49.66:9400,dcgm-exporter,NVIDIA A16
2026-02-20 08:41:47.604,64.0,580.95.05,dcgm-exporter-ql757,GPU-b2272d68-21df-f504-eceb-3621e0c49ba3,DCGM_FI_DEV_GPU_TEMP,nvidia0,0,10.244.49.66:9400,dcgm-exporter,NVIDIA A16
2026-02-20 08:41:52.604,64.0,580.95.05,dcgm-exporter-ql757,GPU-b2272d68-21df-f504-eceb-3621e0c49ba3,DCGM_FI_DEV_GPU_TEMP,nvidia0,0,10.244.49.66:9400,dcgm-exporter,NVIDIA A16
2026-02-20 08:41:57.604,64.0,580.95.05,dcgm-exporter-ql757,GPU-b2272d68-21df-f504-eceb-3621e0c49ba3,DCGM_FI_DEV_GPU_TEMP,nvidia0,0,10.244.49.66:9400,dcgm-exporter,NVIDIA A16
2026-02-20 08:42:02.604,68.0,580.95.05,dcgm-exporter-ql757,GPU-b2272d68-21df-f504-eceb-3621e0c49ba3,DCGM_FI_DEV_GPU_TEMP,nvidia0,0,10.244.49.66:9400,dcgm-exporter,NVIDIA A16
2026-02-20 08:42:07.604,68.0,580.95.05,dcgm-exporter-ql757,GPU-b2272d68-21df-f504-eceb-3621e0c49ba3,DCGM_FI_DEV_GPU_TEMP,nvidia0,0,10.244.49.66:9400,dcgm-exporter,NVIDIA A16
2026-02-20 08:42:12.604,68.0,580.95.05,dcgm-exporter-ql757,GPU-b2272d68-21df-f504-eceb-3621e0c49ba3,DCGM_FI_DEV_GPU_TEMP,nvidia0,0,10.244.49.66:9400,dcgm-exporter,NVIDIA A16
2026-02-20 08:42:17.604,68.0,580.95.05,dcgm-exporter-ql757,GPU-b2272d68-21df-f504-eceb-3621e0c49ba3,DCGM_FI_DEV_GPU_TEMP,nvidia0,0,10.244.49.66:9400,dcgm-exporter,NVIDIA A16
2026-02-20 08:42:22.604,68.0,580.95.05,dcgm-exporter-ql757,GPU-b2272d68-21df-f504-eceb-3621e0c49ba3,DCGM_FI_DEV_GPU_TEMP,nvidia0,0,10.244.49.66:9400,dcgm-exporter,NVIDIA A16
2026-02-20 08:42:27.604,68.0,580.95.05,dcgm-exporter-ql757,GPU-b2272d68-21df-f504-eceb-3621e0c49ba3,DCGM_FI_DEV_GPU_TEMP,nvidia0,0,10.244.49.66:9400,dcgm-exporter,NVIDIA A16
2026-02-20 08:42:32.604,72.0,580.95.05,dcgm-exporter-ql757,GPU-b2272d68-21df-f504-eceb-3621e0c49ba3,DCGM_FI_DEV_GPU_TEMP,nvidia0,0,10.244.49.66:9400,dcgm-exporter,NVIDIA A16
2026-02-20 08:42:37.604,72.0,580.95.05,dcgm-exporter-ql757,GPU-b2272d68-21df-f504-eceb-3621e0c49ba3,DCGM_FI_DEV_GPU_TEMP,nvidia0,0,10.244.49.66:9400,dcgm-exporter,NVIDIA A16
2026-02-20 08:42:42.604,72.0,580.95.05,dcgm-exporter-ql757,GPU-b2272d68-21df-f504-eceb-3621e0c49ba3,DCGM_FI_DEV_GPU_TEMP,nvidia0,0,10.244.49.66:9400,dcgm-exporter,NVIDIA A16
2026-02-20 08:42:47.604,72.0,580.95.05,dcgm-exporter-ql757,GPU-b2272d68-21df-f504-eceb-3621e0c49ba3,DCGM_FI_DEV_GPU_TEMP,nvidia0,0,10.244.49.66:9400,dcgm-exporter,NVIDIA A16
2026-02-20 08:42:52.604,72.0,580.95.05,dcgm-exporter-ql757,GPU-b2272d68-21df-f504-eceb-3621e0c49ba3,DCGM_FI_DEV_GPU_TEMP,nvidia0,0,10.244.49.66:9400,dcgm-exporter,NVIDIA A16
2026-02-20 08:42:57.604,72.0,580.95.05,dcgm-exporter-ql757,GPU-b2272d68-21df-f504-eceb-3621e0c49ba3,DCGM_FI_DEV_GPU_TEMP,nvidia0,0,10.244.49.66:9400,dcgm-exporter,NVIDIA A16
2026-02-20 08:43:02.604,72.0,580.95.05,dcgm-exporter-ql757,GPU-b2272d68-21df-f504-eceb-3621e0c49ba3,DCGM_FI_DEV_GPU_TEMP,nvidia0,0,10.244.49.66:9400,dcgm-exporter,NVIDIA A16
2026-02-20 08:43:07.604,72.0,580.95.05,dcgm-exporter-ql757,GPU-b2272d68-21df-f504-eceb-3621e0c49ba3,DCGM_FI_DEV_GPU_TEMP,nvidia0,0,10.244.49.66:9400,dcgm-exporter,NVIDIA A16
2026-02-20 08:43:12.604,72.0,580.95.05,dcgm-exporter-ql757,GPU-b2272d68-21df-f504-eceb-3621e0c49ba3,DCGM_FI_DEV_GPU_TEMP,nvidia0,0,10.244.49.66:9400,dcgm-exporter,NVIDIA A16
2026-02-20 08:43:17.604,72.0,580.95.05,dcgm-exporter-ql757,GPU-b2272d68-21df-f504-eceb-3621e0c49ba3,DCGM_FI_DEV_GPU_TEMP,nvidia0,0,10.244.49.66:9400,dcgm-exporter,NVIDIA A16
2026-02-20 08:43:22.604,72.0,580.95.05,dcgm-exporter-ql757,GPU-b2272d68-21df-f504-eceb-3621e0c49ba3,DCGM_FI_DEV_GPU_TEMP,nvidia0,0,10.244.49.66:9400,dcgm-exporter,NVIDIA A16
2026-02-20 08:43:27.604,72.0,580.95.05,dcgm-exporter-ql757,GPU-b2272d68-21df-f504-eceb-3621e0c49ba3,DCGM_FI_DEV_GPU_TEMP,nvidia0,0,10.244.49.66:9400,dcgm-exporter,NVIDIA A16
2026-02-20 08:43:32.604,72.0,580.95.05,dcgm-exporter-ql757,GPU-b2272d68-21df-f504-eceb-3621e0c49ba3,DCGM_FI_DEV_GPU_TEMP,nvidia0,0,10.244.49.66:9400,dcgm-exporter,NVIDIA A16
2026-02-20 08:43:37.604,72.0,580.95.05,dcgm-exporter-ql757,GPU-b2272d68-21df-f504-eceb-3621e0c49ba3,DCGM_FI_DEV_GPU_TEMP,nvidia0,0,10.244.49.66:9400,dcgm-exporter,NVIDIA A16
2026-02-20 08:43:42.604,72.0,580.95.05,dcgm-exporter-ql757,GPU-b2272d68-21df-f504-eceb-3621e0c49ba3,DCGM_FI_DEV_GPU_TEMP,nvidia0,0,10.244.49.66:9400,dcgm-exporter,NVIDIA A16
2026-02-20 08:43:47.604,72.0,580.95.05,dcgm-exporter-ql757,GPU-b2272d68-21df-f504-eceb-3621e0c49ba3,DCGM_FI_DEV_GPU_TEMP,nvidia0,0,10.244.49.66:9400,dcgm-exporter,NVIDIA A16
2026-02-20 08:43:52.604,72.0,580.95.05,dcgm-exporter-ql757,GPU-b2272d68-21df-f504-eceb-3621e0c49ba3,DCGM_FI_DEV_GPU_TEMP,nvidia0,0,10.244.49.66:9400,dcgm-exporter,NVIDIA A16
2026-02-20 08:43:57.604,72.0,580.95.05,dcgm-exporter-ql757,GPU-b2272d68-21df-f504-eceb-3621e0c49ba3,DCGM_FI_DEV_GPU_TEMP,nvidia0,0,10.244.49.66:9400,dcgm-exporter,NVIDIA A16
2026-02-20 08:44:02.604,70.0,580.95.05,dcgm-exporter-ql757,GPU-b2272d68-21df-f504-eceb-3621e0c49ba3,DCGM_FI_DEV_GPU_TEMP,nvidia0,0,10.244.49.66:9400,dcgm-exporter,NVIDIA A16
2026-02-20 08:44:07.604,70.0,580.95.05,dcgm-exporter-ql757,GPU-b2272d68-21df-f504-eceb-3621e0c49ba3,DCGM_FI_DEV_GPU_TEMP,nvidia0,0,10.244.49.66:9400,dcgm-exporter,NVIDIA A16
2026-02-20 08:44:12.604,70.0,580.95.05,dcgm-exporter-ql757,GPU-b2272d68-21df-f504-eceb-3621e0c49ba3,DCGM_FI_DEV_GPU_TEMP,nvidia0,0,10.244.49.66:9400,dcgm-exporter,NVIDIA A16
2026-02-20 08:44:17.604,70.0,580.95.05,dcgm-exporter-ql757,GPU-b2272d68-21df-f504-eceb-3621e0c49ba3,DCGM_FI_DEV_GPU_TEMP,nvidia0,0,10.244.49.66:9400,dcgm-exporter,NVIDIA A16
2026-02-20 08:44:22.604,70.0,580.95.05,dcgm-exporter-ql757,GPU-b2272d68-21df-f504-eceb-3621e0c49ba3,DCGM_FI_DEV_GPU_TEMP,nvidia0,0,10.244.49.66:9400,dcgm-exporter,NVIDIA A16
2026-02-20 08:44:27.604,70.0,580.95.05,dcgm-exporter-ql757,GPU-b2272d68-21df-f504-eceb-3621e0c49ba3,DCGM_FI_DEV_GPU_TEMP,nvidia0,0,10.244.49.66:9400,dcgm-exporter,NVIDIA A16
2026-02-20 08:44:32.604,71.0,580.95.05,dcgm-exporter-ql757,GPU-b2272d68-21df-f504-eceb-3621e0c49ba3,DCGM_FI_DEV_GPU_TEMP,nvidia0,0,10.244.49.66:9400,dcgm-exporter,NVIDIA A16
2026-02-20 08:44:37.604,71.0,580.95.05,dcgm-exporter-ql757,GPU-b2272d68-21df-f504-eceb-3621e0c49ba3,DCGM_FI_DEV_GPU_TEMP,nvidia0,0,10.244.49.66:9400,dcgm-exporter,NVIDIA A16
2026-02-20 08:44:42.604,71.0,580.95.05,dcgm-exporter-ql757,GPU-b2272d68-21df-f504-eceb-3621e0c49ba3,DCGM_FI_DEV_GPU_TEMP,nvidia0,0,10.244.49.66:9400,dcgm-exporter,NVIDIA A16
2026-02-20 08:44:47.604,71.0,580.95.05,dcgm-exporter-ql757,GPU-b2272d68-21df-f504-eceb-3621e0c49ba3,DCGM_FI_DEV_GPU_TEMP,nvidia0,0,10.244.49.66:9400,dcgm-exporter,NVIDIA A16
2026-02-20 08:44:52.604,71.0,580.95.05,dcgm-exporter-ql757,GPU-b2272d68-21df-f504-eceb-3621e0c49ba3,DCGM_FI_DEV_GPU_TEMP,nvidia0,0,10.244.49.66:9400,dcgm-exporter,NVIDIA A16
2026-02-20 08:44:57.604,71.0,580.95.05,dcgm-exporter-ql757,GPU-b2272d68-21df-f504-eceb-3621e0c49ba3,DCGM_FI_DEV_GPU_TEMP,nvidia0,0,10.244.49.66:9400,dcgm-exporter,NVIDIA A16
2026-02-20 08:45:02.604,72.0,580.95.05,dcgm-exporter-ql757,GPU-b2272d68-21df-f504-eceb-3621e0c49ba3,DCGM_FI_DEV_GPU_TEMP,nvidia0,0,10.244.49.66:9400,dcgm-exporter,NVIDIA A16
2026-02-20 08:45:07.604,72.0,580.95.05,dcgm-exporter-ql757,GPU-b2272d68-21df-f504-eceb-3621e0c49ba3,DCGM_FI_DEV_GPU_TEMP,nvidia0,0,10.244.49.66:9400,dcgm-exporter,NVIDIA A16
2026-02-20 08:45:12.604,72.0,580.95.05,dcgm-exporter-ql757,GPU-b2272d68-21df-f504-eceb-3621e0c49ba3,DCGM_FI_DEV_GPU_TEMP,nvidia0,0,10.244.49.66:9400,dcgm-exporter,NVIDIA A16
2026-02-20 08:45:17.604,72.0,580.95.05,dcgm-exporter-ql757,GPU-b2272d68-21df-f504-eceb-3621e0c49ba3,DCGM_FI_DEV_GPU_TEMP,nvidia0,0,10.244.49.66:9400,dcgm-exporter,NVIDIA A16
2026-02-20 08:45:22.604,72.0,580.95.05,dcgm-exporter-ql757,GPU-b2272d68-21df-f504-eceb-3621e0c49ba3,DCGM_FI_DEV_GPU_TEMP,nvidia0,0,10.244.49.66:9400,dcgm-exporter,NVIDIA A16
2026-02-20 08:45:27.604,72.0,580.95.05,dcgm-exporter-ql757,GPU-b2272d68-21df-f504-eceb-3621e0c49ba3,DCGM_FI_DEV_GPU_TEMP,nvidia0,0,10.244.49.66:9400,dcgm-exporter,NVIDIA A16
2026-02-20 08:45:32.604,73.0,580.95.05,dcgm-exporter-ql757,GPU-b2272d68-21df-f504-eceb-3621e0c49ba3,DCGM_FI_DEV_GPU_TEMP,nvidia0,0,10.244.49.66:9400,dcgm-exporter,NVIDIA A16
2026-02-20 08:45:37.604,73.0,580.95.05,dcgm-exporter-ql757,GPU-b2272d68-21df-f504-eceb-3621e0c49ba3,DCGM_FI_DEV_GPU_TEMP,nvidia0,0,10.244.49.66:9400,dcgm-exporter,NVIDIA A16
2026-02-20 08:45:42.604,73.0,580.95.05,dcgm-exporter-ql757,GPU-b2272d68-21df-f504-eceb-3621e0c49ba3,DCGM_FI_DEV_GPU_TEMP,nvidia0,0,10.244.49.66:9400,dcgm-exporter,NVIDIA A16
2026-02-20 08:45:47.604,73.0,580.95.05,dcgm-exporter-ql757,GPU-b2272d68-21df-f504-eceb-3621e0c49ba3,DCGM_FI_DEV_GPU_TEMP,nvidia0,0,10.244.49.66:9400,dcgm-exporter,NVIDIA A16
2026-02-20 08:45:52.604,73.0,580.95.05,dcgm-exporter-ql757,GPU-b2272d68-21df-f504-eceb-3621e0c49ba3,DCGM_FI_DEV_GPU_TEMP,nvidia0,0,10.244.49.66:9400,dcgm-exporter,NVIDIA A16
2026-02-20 08:45:57.604,73.0,580.95.05,dcgm-exporter-ql757,GPU-b2272d68-21df-f504-eceb-3621e0c49ba3,DCGM_FI_DEV_GPU_TEMP,nvidia0,0,10.244.49.66:9400,dcgm-exporter,NVIDIA A16
2026-02-20 08:46:02.604,71.0,580.95.05,dcgm-exporter-ql757,GPU-b2272d68-21df-f504-eceb-3621e0c49ba3,DCGM_FI_DEV_GPU_TEMP,nvidia0,0,10.244.49.66:9400,dcgm-exporter,NVIDIA A16
2026-02-20 08:46:07.604,71.0,580.95.05,dcgm-exporter-ql757,GPU-b2272d68-21df-f504-eceb-3621e0c49ba3,DCGM_FI_DEV_GPU_TEMP,nvidia0,0,10.244.49.66:9400,dcgm-exporter,NVIDIA A16
2026-02-20 08:46:12.604,71.0,580.95.05,dcgm-exporter-ql757,GPU-b2272d68-21df-f504-eceb-3621e0c49ba3,DCGM_FI_DEV_GPU_TEMP,nvidia0,0,10.244.49.66:9400,dcgm-exporter,NVIDIA A16
2026-02-20 08:46:17.604,71.0,580.95.05,dcgm-exporter-ql757,GPU-b2272d68-21df-f504-eceb-3621e0c49ba3,DCGM_FI_DEV_GPU_TEMP,nvidia0,0,10.244.49.66:9400,dcgm-exporter,NVIDIA A16
2026-02-20 08:46:22.604,71.0,580.95.05,dcgm-exporter-ql757,GPU-b2272d68-21df-f504-eceb-3621e0c49ba3,DCGM_FI_DEV_GPU_TEMP,nvidia0,0,10.244.49.66:9400,dcgm-exporter,NVIDIA A16
2026-02-20 08:46:27.604,71.0,580.95.05,dcgm-exporter-ql757,GPU-b2272d68-21df-f504-eceb-3621e0c49ba3,DCGM_FI_DEV_GPU_TEMP,nvidia0,0,10.244.49.66:9400,dcgm-exporter,NVIDIA A16
2026-02-20 08:46:32.604,71.0,580.95.05,dcgm-exporter-ql757,GPU-b2272d68-21df-f504-eceb-3621e0c49ba3,DCGM_FI_DEV_GPU_TEMP,nvidia0,0,10.244.49.66:9400,dcgm-exporter,NVIDIA A16
2026-02-20 08:46:37.604,71.0,580.95.05,dcgm-exporter-ql757,GPU-b2272d68-21df-f504-eceb-3621e0c49ba3,DCGM_FI_DEV_GPU_TEMP,nvidia0,0,10.244.49.66:9400,dcgm-exporter,NVIDIA A16
2026-02-20 08:46:42.604,71.0,580.95.05,dcgm-exporter-ql757,GPU-b2272d68-21df-f504-eceb-3621e0c49ba3,DCGM_FI_DEV_GPU_TEMP,nvidia0,0,10.244.49.66:9400,dcgm-exporter,NVIDIA A16
2026-02-20 08:46:47.604,71.0,580.95.05,dcgm-exporter-ql757,GPU-b2272d68-21df-f504-eceb-3621e0c49ba3,DCGM_FI_DEV_GPU_TEMP,nvidia0,0,10.244.49.66:9400,dcgm-exporter,NVIDIA A16
2026-02-20 08:46:52.604,71.0,580.95.05,dcgm-exporter-ql757,GPU-b2272d68-21df-f504-eceb-3621e0c49ba3,DCGM_FI_DEV_GPU_TEMP,nvidia0,0,10.244.49.66:9400,dcgm-exporter,NVIDIA A16
2026-02-20 08:46:57.604,71.0,580.95.05,dcgm-exporter-ql757,GPU-b2272d68-21df-f504-eceb-3621e0c49ba3,DCGM_FI_DEV_GPU_TEMP,nvidia0,0,10.244.49.66:9400,dcgm-exporter,NVIDIA A16
2026-02-20 08:47:02.604,70.0,580.95.05,dcgm-exporter-ql757,GPU-b2272d68-21df-f504-eceb-3621e0c49ba3,DCGM_FI_DEV_GPU_TEMP,nvidia0,0,10.244.49.66:9400,dcgm-exporter,NVIDIA A16
2026-02-20 08:47:07.604,70.0,580.95.05,dcgm-exporter-ql757,GPU-b2272d68-21df-f504-eceb-3621e0c49ba3,DCGM_FI_DEV_GPU_TEMP,nvidia0,0,10.244.49.66:9400,dcgm-exporter,NVIDIA A16
2026-02-20 08:47:12.604,70.0,580.95.05,dcgm-exporter-ql757,GPU-b2272d68-21df-f504-eceb-3621e0c49ba3,DCGM_FI_DEV_GPU_TEMP,nvidia0,0,10.244.49.66:9400,dcgm-exporter,NVIDIA A16
2026-02-20 08:47:17.604,70.0,580.95.05,dcgm-exporter-ql757,GPU-b2272d68-21df-f504-eceb-3621e0c49ba3,DCGM_FI_DEV_GPU_TEMP,nvidia0,0,10.244.49.66:9400,dcgm-exporter,NVIDIA A16
2026-02-20 08:47:22.604,70.0,580.95.05,dcgm-exporter-ql757,GPU-b2272d68-21df-f504-eceb-3621e0c49ba3,DCGM_FI_DEV_GPU_TEMP,nvidia0,0,10.244.49.66:9400,dcgm-exporter,NVIDIA A16
2026-02-20 08:47:27.604,70.0,580.95.05,dcgm-exporter-ql757,GPU-b2272d68-21df-f504-eceb-3621e0c49ba3,DCGM_FI_DEV_GPU_TEMP,nvidia0,0,10.244.49.66:9400,dcgm-exporter,NVIDIA A16
2026-02-20 08:47:32.604,73.0,580.95.05,dcgm-exporter-ql757,GPU-b2272d68-21df-f504-eceb-3621e0c49ba3,DCGM_FI_DEV_GPU_TEMP,nvidia0,0,10.244.49.66:9400,dcgm-exporter,NVIDIA A16
2026-02-20 08:47:37.604,73.0,580.95.05,dcgm-exporter-ql757,GPU-b2272d68-21df-f504-eceb-3621e0c49ba3,DCGM_FI_DEV_GPU_TEMP,nvidia0,0,10.244.49.66:9400,dcgm-exporter,NVIDIA A16
2026-02-20 08:47:42.604,73.0,580.95.05,dcgm-exporter-ql757,GPU-b2272d68-21df-f504-eceb-3621e0c49ba3,DCGM_FI_DEV_GPU_TEMP,nvidia0,0,10.244.49.66:9400,dcgm-exporter,NVIDIA A16
2026-02-20 08:47:47.604,73.0,580.95.05,dcgm-exporter-ql757,GPU-b2272d68-21df-f504-eceb-3621e0c49ba3,DCGM_FI_DEV_GPU_TEMP,nvidia0,0,10.244.49.66:9400,dcgm-exporter,NVIDIA A16
2026-02-20 08:47:52.604,73.0,580.95.05,dcgm-exporter-ql757,GPU-b2272d68-21df-f504-eceb-3621e0c49ba3,DCGM_FI_DEV_GPU_TEMP,nvidia0,0,10.244.49.66:9400,dcgm-exporter,NVIDIA A16
2026-02-20 08:47:57.604,73.0,580.95.05,dcgm-exporter-ql757,GPU-b2272d68-21df-f504-eceb-3621e0c49ba3,DCGM_FI_DEV_GPU_TEMP,nvidia0,0,10.244.49.66:9400,dcgm-exporter,NVIDIA A16
2026-02-20 08:48:02.604,72.0,580.95.05,dcgm-exporter-ql757,GPU-b2272d68-21df-f504-eceb-3621e0c49ba3,DCGM_FI_DEV_GPU_TEMP,nvidia0,0,10.244.49.66:9400,dcgm-exporter,NVIDIA A16
2026-02-20 08:48:07.604,72.0,580.95.05,dcgm-exporter-ql757,GPU-b2272d68-21df-f504-eceb-3621e0c49ba3,DCGM_FI_DEV_GPU_TEMP,nvidia0,0,10.244.49.66:9400,dcgm-exporter,NVIDIA A16
2026-02-20 08:48:12.604,72.0,580.95.05,dcgm-exporter-ql757,GPU-b2272d68-21df-f504-eceb-3621e0c49ba3,DCGM_FI_DEV_GPU_TEMP,nvidia0,0,10.244.49.66:9400,dcgm-exporter,NVIDIA A16
2026-02-20 08:48:17.604,72.0,580.95.05,dcgm-exporter-ql757,GPU-b2272d68-21df-f504-eceb-3621e0c49ba3,DCGM_FI_DEV_GPU_TEMP,nvidia0,0,10.244.49.66:9400,dcgm-exporter,NVIDIA A16
2026-02-20 08:48:22.604,72.0,580.95.05,dcgm-exporter-ql757,GPU-b2272d68-21df-f504-eceb-3621e0c49ba3,DCGM_FI_DEV_GPU_TEMP,nvidia0,0,10.244.49.66:9400,dcgm-exporter,NVIDIA A16
2026-02-20 08:48:27.604,72.0,580.95.05,dcgm-exporter-ql757,GPU-b2272d68-21df-f504-eceb-3621e0c49ba3,DCGM_FI_DEV_GPU_TEMP,nvidia0,0,10.244.49.66:9400,dcgm-exporter,NVIDIA A16
2026-02-20 08:48:32.604,71.0,580.95.05,dcgm-exporter-ql757,GPU-b2272d68-21df-f504-eceb-3621e0c49ba3,DCGM_FI_DEV_GPU_TEMP,nvidia0,0,10.244.49.66:9400,dcgm-exporter,NVIDIA A16
2026-02-20 08:48:37.604,71.0,580.95.05,dcgm-exporter-ql757,GPU-b2272d68-21df-f504-eceb-3621e0c49ba3,DCGM_FI_DEV_GPU_TEMP,nvidia0,0,10.244.49.66:9400,dcgm-exporter,NVIDIA A16
2026-02-20 08:48:42.604,71.0,580.95.05,dcgm-exporter-ql757,GPU-b2272d68-21df-f504-eceb-3621e0c49ba3,DCGM_FI_DEV_GPU_TEMP,nvidia0,0,10.244.49.66:9400,dcgm-exporter,NVIDIA A16
2026-02-20 08:48:47.604,71.0,580.95.05,dcgm-exporter-ql757,GPU-b2272d68-21df-f504-eceb-3621e0c49ba3,DCGM_FI_DEV_GPU_TEMP,nvidia0,0,10.244.49.66:9400,dcgm-exporter,NVIDIA A16
2026-02-20 08:48:52.604,71.0,580.95.05,dcgm-exporter-ql757,GPU-b2272d68-21df-f504-eceb-3621e0c49ba3,DCGM_FI_DEV_GPU_TEMP,nvidia0,0,10.244.49.66:9400,dcgm-exporter,NVIDIA A16
2026-02-20 08:48:57.604,71.0,580.95.05,dcgm-exporter-ql757,GPU-b2272d68-21df-f504-eceb-3621e0c49ba3,DCGM_FI_DEV_GPU_TEMP,nvidia0,0,10.244.49.66:9400,dcgm-exporter,NVIDIA A16
2026-02-20 08:49:02.604,72.0,580.95.05,dcgm-exporter-ql757,GPU-b2272d68-21df-f504-eceb-3621e0c49ba3,DCGM_FI_DEV_GPU_TEMP,nvidia0,0,10.244.49.66:9400,dcgm-exporter,NVIDIA A16
2026-02-20 08:49:07.604,72.0,580.95.05,dcgm-exporter-ql757,GPU-b2272d68-21df-f504-eceb-3621e0c49ba3,DCGM_FI_DEV_GPU_TEMP,nvidia0,0,10.244.49.66:9400,dcgm-exporter,NVIDIA A16
2026-02-20 08:49:12.604,72.0,580.95.05,dcgm-exporter-ql757,GPU-b2272d68-21df-f504-eceb-3621e0c49ba3,DCGM_FI_DEV_GPU_TEMP,nvidia0,0,10.244.49.66:9400,dcgm-exporter,NVIDIA A16
2026-02-20 08:49:17.604,72.0,580.95.05,dcgm-exporter-ql757,GPU-b2272d68-21df-f504-eceb-3621e0c49ba3,DCGM_FI_DEV_GPU_TEMP,nvidia0,0,10.244.49.66:9400,dcgm-exporter,NVIDIA A16
2026-02-20 08:49:22.604,72.0,580.95.05,dcgm-exporter-ql757,GPU-b2272d68-21df-f504-eceb-3621e0c49ba3,DCGM_FI_DEV_GPU_TEMP,nvidia0,0,10.244.49.66:9400,dcgm-exporter,NVIDIA A16
2026-02-20 08:49:27.604,72.0,580.95.05,dcgm-exporter-ql757,GPU-b2272d68-21df-f504-eceb-3621e0c49ba3,DCGM_FI_DEV_GPU_TEMP,nvidia0,0,10.244.49.66:9400,dcgm-exporter,NVIDIA A16
2026-02-20 08:49:32.604,71.0,580.95.05,dcgm-exporter-ql757,GPU-b2272d68-21df-f504-eceb-3621e0c49ba3,DCGM_FI_DEV_GPU_TEMP,nvidia0,0,10.244.49.66:9400,dcgm-exporter,NVIDIA A16
2026-02-20 08:49:37.604,71.0,580.95.05,dcgm-exporter-ql757,GPU-b2272d68-21df-f504-eceb-3621e0c49ba3,DCGM_FI_DEV_GPU_TEMP,nvidia0,0,10.244.49.66:9400,dcgm-exporter,NVIDIA A16
2026-02-20 08:49:42.604,71.0,580.95.05,dcgm-exporter-ql757,GPU-b2272d68-21df-f504-eceb-3621e0c49ba3,DCGM_FI_DEV_GPU_TEMP,nvidia0,0,10.244.49.66:9400,dcgm-exporter,NVIDIA A16
2026-02-20 08:49:47.604,71.0,580.95.05,dcgm-exporter-ql757,GPU-b2272d68-21df-f504-eceb-3621e0c49ba3,DCGM_FI_DEV_GPU_TEMP,nvidia0,0,10.244.49.66:9400,dcgm-exporter,NVIDIA A16
2026-02-20 08:49:52.604,71.0,580.95.05,dcgm-exporter-ql757,GPU-b2272d68-21df-f504-eceb-3621e0c49ba3,DCGM_FI_DEV_GPU_TEMP,nvidia0,0,10.244.49.66:9400,dcgm-exporter,NVIDIA A16
2026-02-20 08:49:57.604,71.0,580.95.05,dcgm-exporter-ql757,GPU-b2272d68-21df-f504-eceb-3621e0c49ba3,DCGM_FI_DEV_GPU_TEMP,nvidia0,0,10.244.49.66:9400,dcgm-exporter,NVIDIA A16
2026-02-20 08:50:02.604,73.0,580.95.05,dcgm-exporter-ql757,GPU-b2272d68-21df-f504-eceb-3621e0c49ba3,DCGM_FI_DEV_GPU_TEMP,nvidia0,0,10.244.49.66:9400,dcgm-exporter,NVIDIA A16
2026-02-20 08:50:07.604,73.0,580.95.05,dcgm-exporter-ql757,GPU-b2272d68-21df-f504-eceb-3621e0c49ba3,DCGM_FI_DEV_GPU_TEMP,nvidia0,0,10.244.49.66:9400,dcgm-exporter,NVIDIA A16
2026-02-20 08:50:12.604,73.0,580.95.05,dcgm-exporter-ql757,GPU-b2272d68-21df-f504-eceb-3621e0c49ba3,DCGM_FI_DEV_GPU_TEMP,nvidia0,0,10.244.49.66:9400,dcgm-exporter,NVIDIA A16
2026-02-20 08:50:17.604,73.0,580.95.05,dcgm-exporter-ql757,GPU-b2272d68-21df-f504-eceb-3621e0c49ba3,DCGM_FI_DEV_GPU_TEMP,nvidia0,0,10.244.49.66:9400,dcgm-exporter,NVIDIA A16
2026-02-20 08:50:22.604,73.0,580.95.05,dcgm-exporter-ql757,GPU-b2272d68-21df-f504-eceb-3621e0c49ba3,DCGM_FI_DEV_GPU_TEMP,nvidia0,0,10.244.49.66:9400,dcgm-exporter,NVIDIA A16
2026-02-20 08:50:27.604,73.0,580.95.05,dcgm-exporter-ql757,GPU-b2272d68-21df-f504-eceb-3621e0c49ba3,DCGM_FI_DEV_GPU_TEMP,nvidia0,0,10.244.49.66:9400,dcgm-exporter,NVIDIA A16
2026-02-20 08:50:32.604,73.0,580.95.05,dcgm-exporter-ql757,GPU-b2272d68-21df-f504-eceb-3621e0c49ba3,DCGM_FI_DEV_GPU_TEMP,nvidia0,0,10.244.49.66:9400,dcgm-exporter,NVIDIA A16
2026-02-20 08:50:37.604,73.0,580.95.05,dcgm-exporter-ql757,GPU-b2272d68-21df-f504-eceb-3621e0c49ba3,DCGM_FI_DEV_GPU_TEMP,nvidia0,0,10.244.49.66:9400,dcgm-exporter,NVIDIA A16
2026-02-20 08:50:42.604,73.0,580.95.05,dcgm-exporter-ql757,GPU-b2272d68-21df-f504-eceb-3621e0c49ba3,DCGM_FI_DEV_GPU_TEMP,nvidia0,0,10.244.49.66:9400,dcgm-exporter,NVIDIA A16
2026-02-20 08:50:47.604,73.0,580.95.05,dcgm-exporter-ql757,GPU-b2272d68-21df-f504-eceb-3621e0c49ba3,DCGM_FI_DEV_GPU_TEMP,nvidia0,0,10.244.49.66:9400,dcgm-exporter,NVIDIA A16
2026-02-20 08:50:52.604,73.0,580.95.05,dcgm-exporter-ql757,GPU-b2272d68-21df-f504-eceb-3621e0c49ba3,DCGM_FI_DEV_GPU_TEMP,nvidia0,0,10.244.49.66:9400,dcgm-exporter,NVIDIA A16
2026-02-20 08:50:57.604,73.0,580.95.05,dcgm-exporter-ql757,GPU-b2272d68-21df-f504-eceb-3621e0c49ba3,DCGM_FI_DEV_GPU_TEMP,nvidia0,0,10.244.49.66:9400,dcgm-exporter,NVIDIA A16
2026-02-20 08:51:02.604,73.0,580.95.05,dcgm-exporter-ql757,GPU-b2272d68-21df-f504-eceb-3621e0c49ba3,DCGM_FI_DEV_GPU_TEMP,nvidia0,0,10.244.49.66:9400,dcgm-exporter,NVIDIA A16
2026-02-20 08:51:07.604,73.0,580.95.05,dcgm-exporter-ql757,GPU-b2272d68-21df-f504-eceb-3621e0c49ba3,DCGM_FI_DEV_GPU_TEMP,nvidia0,0,10.244.49.66:9400,dcgm-exporter,NVIDIA A16
2026-02-20 08:51:12.604,73.0,580.95.05,dcgm-exporter-ql757,GPU-b2272d68-21df-f504-eceb-3621e0c49ba3,DCGM_FI_DEV_GPU_TEMP,nvidia0,0,10.244.49.66:9400,dcgm-exporter,NVIDIA A16
2026-02-20 08:51:17.604,73.0,580.95.05,dcgm-exporter-ql757,GPU-b2272d68-21df-f504-eceb-3621e0c49ba3,DCGM_FI_DEV_GPU_TEMP,nvidia0,0,10.244.49.66:9400,dcgm-exporter,NVIDIA A16
2026-02-20 08:51:22.604,73.0,580.95.05,dcgm-exporter-ql757,GPU-b2272d68-21df-f504-eceb-3621e0c49ba3,DCGM_FI_DEV_GPU_TEMP,nvidia0,0,10.244.49.66:9400,dcgm-exporter,NVIDIA A16
2026-02-20 08:51:27.604,73.0,580.95.05,dcgm-exporter-ql757,GPU-b2272d68-21df-f504-eceb-3621e0c49ba3,DCGM_FI_DEV_GPU_TEMP,nvidia0,0,10.244.49.66:9400,dcgm-exporter,NVIDIA A16
2026-02-20 08:51:32.604,72.0,580.95.05,dcgm-exporter-ql757,GPU-b2272d68-21df-f504-eceb-3621e0c49ba3,DCGM_FI_DEV_GPU_TEMP,nvidia0,0,10.244.49.66:9400,dcgm-exporter,NVIDIA A16
2026-02-20 08:51:37.604,72.0,580.95.05,dcgm-exporter-ql757,GPU-b2272d68-21df-f504-eceb-3621e0c49ba3,DCGM_FI_DEV_GPU_TEMP,nvidia0,0,10.244.49.66:9400,dcgm-exporter,NVIDIA A16
2026-02-20 08:51:42.604,72.0,580.95.05,dcgm-exporter-ql757,GPU-b2272d68-21df-f504-eceb-3621e0c49ba3,DCGM_FI_DEV_GPU_TEMP,nvidia0,0,10.244.49.66:9400,dcgm-exporter,NVIDIA A16
2026-02-20 08:51:47.604,72.0,580.95.05,dcgm-exporter-ql757,GPU-b2272d68-21df-f504-eceb-3621e0c49ba3,DCGM_FI_DEV_GPU_TEMP,nvidia0,0,10.244.49.66:9400,dcgm-exporter,NVIDIA A16
2026-02-20 08:51:52.604,72.0,580.95.05,dcgm-exporter-ql757,GPU-b2272d68-21df-f504-eceb-3621e0c49ba3,DCGM_FI_DEV_GPU_TEMP,nvidia0,0,10.244.49.66:9400,dcgm-exporter,NVIDIA A16
2026-02-20 08:51:57.604,72.0,580.95.05,dcgm-exporter-ql757,GPU-b2272d68-21df-f504-eceb-3621e0c49ba3,DCGM_FI_DEV_GPU_TEMP,nvidia0,0,10.244.49.66:9400,dcgm-exporter,NVIDIA A16
2026-02-20 08:52:02.604,74.0,580.95.05,dcgm-exporter-ql757,GPU-b2272d68-21df-f504-eceb-3621e0c49ba3,DCGM_FI_DEV_GPU_TEMP,nvidia0,0,10.244.49.66:9400,dcgm-exporter,NVIDIA A16
2026-02-20 08:52:07.604,74.0,580.95.05,dcgm-exporter-ql757,GPU-b2272d68-21df-f504-eceb-3621e0c49ba3,DCGM_FI_DEV_GPU_TEMP,nvidia0,0,10.244.49.66:9400,dcgm-exporter,NVIDIA A16
2026-02-20 08:52:12.604,74.0,580.95.05,dcgm-exporter-ql757,GPU-b2272d68-21df-f504-eceb-3621e0c49ba3,DCGM_FI_DEV_GPU_TEMP,nvidia0,0,10.244.49.66:9400,dcgm-exporter,NVIDIA A16
2026-02-20 08:52:17.604,74.0,580.95.05,dcgm-exporter-ql757,GPU-b2272d68-21df-f504-eceb-3621e0c49ba3,DCGM_FI_DEV_GPU_TEMP,nvidia0,0,10.244.49.66:9400,dcgm-exporter,NVIDIA A16
2026-02-20 08:52:22.604,74.0,580.95.05,dcgm-exporter-ql757,GPU-b2272d68-21df-f504-eceb-3621e0c49ba3,DCGM_FI_DEV_GPU_TEMP,nvidia0,0,10.244.49.66:9400,dcgm-exporter,NVIDIA A16
2026-02-20 08:52:27.604,74.0,580.95.05,dcgm-exporter-ql757,GPU-b2272d68-21df-f504-eceb-3621e0c49ba3,DCGM_FI_DEV_GPU_TEMP,nvidia0,0,10.244.49.66:9400,dcgm-exporter,NVIDIA A16
2026-02-20 08:52:32.604,73.0,580.95.05,dcgm-exporter-ql757,GPU-b2272d68-21df-f504-eceb-3621e0c49ba3,DCGM_FI_DEV_GPU_TEMP,nvidia0,0,10.244.49.66:9400,dcgm-exporter,NVIDIA A16
2026-02-20 08:52:37.604,73.0,580.95.05,dcgm-exporter-ql757,GPU-b2272d68-21df-f504-eceb-3621e0c49ba3,DCGM_FI_DEV_GPU_TEMP,nvidia0,0,10.244.49.66:9400,dcgm-exporter,NVIDIA A16
2026-02-20 08:52:42.604,73.0,580.95.05,dcgm-exporter-ql757,GPU-b2272d68-21df-f504-eceb-3621e0c49ba3,DCGM_FI_DEV_GPU_TEMP,nvidia0,0,10.244.49.66:9400,dcgm-exporter,NVIDIA A16
2026-02-20 08:52:47.604,73.0,580.95.05,dcgm-exporter-ql757,GPU-b2272d68-21df-f504-eceb-3621e0c49ba3,DCGM_FI_DEV_GPU_TEMP,nvidia0,0,10.244.49.66:9400,dcgm-exporter,NVIDIA A16
2026-02-20 08:52:52.604,73.0,580.95.05,dcgm-exporter-ql757,GPU-b2272d68-21df-f504-eceb-3621e0c49ba3,DCGM_FI_DEV_GPU_TEMP,nvidia0,0,10.244.49.66:9400,dcgm-exporter,NVIDIA A16
2026-02-20 08:52:57.604,73.0,580.95.05,dcgm-exporter-ql757,GPU-b2272d68-21df-f504-eceb-3621e0c49ba3,DCGM_FI_DEV_GPU_TEMP,nvidia0,0,10.244.49.66:9400,dcgm-exporter,NVIDIA A16
2026-02-20 08:53:02.604,74.0,580.95.05,dcgm-exporter-ql757,GPU-b2272d68-21df-f504-eceb-3621e0c49ba3,DCGM_FI_DEV_GPU_TEMP,nvidia0,0,10.244.49.66:9400,dcgm-exporter,NVIDIA A16
2026-02-20 08:53:07.604,74.0,580.95.05,dcgm-exporter-ql757,GPU-b2272d68-21df-f504-eceb-3621e0c49ba3,DCGM_FI_DEV_GPU_TEMP,nvidia0,0,10.244.49.66:9400,dcgm-exporter,NVIDIA A16
2026-02-20 08:53:12.604,74.0,580.95.05,dcgm-exporter-ql757,GPU-b2272d68-21df-f504-eceb-3621e0c49ba3,DCGM_FI_DEV_GPU_TEMP,nvidia0,0,10.244.49.66:9400,dcgm-exporter,NVIDIA A16
2026-02-20 08:53:17.604,74.0,580.95.05,dcgm-exporter-ql757,GPU-b2272d68-21df-f504-eceb-3621e0c49ba3,DCGM_FI_DEV_GPU_TEMP,nvidia0,0,10.244.49.66:9400,dcgm-exporter,NVIDIA A16
2026-02-20 08:53:22.604,74.0,580.95.05,dcgm-exporter-ql757,GPU-b2272d68-21df-f504-eceb-3621e0c49ba3,DCGM_FI_DEV_GPU_TEMP,nvidia0,0,10.244.49.66:9400,dcgm-exporter,NVIDIA A16
2026-02-20 08:53:27.604,74.0,580.95.05,dcgm-exporter-ql757,GPU-b2272d68-21df-f504-eceb-3621e0c49ba3,DCGM_FI_DEV_GPU_TEMP,nvidia0,0,10.244.49.66:9400,dcgm-exporter,NVIDIA A16
2026-02-20 08:53:32.604,73.0,580.95.05,dcgm-exporter-ql757,GPU-b2272d68-21df-f504-eceb-3621e0c49ba3,DCGM_FI_DEV_GPU_TEMP,nvidia0,0,10.244.49.66:9400,dcgm-exporter,NVIDIA A16
2026-02-20 08:53:37.604,73.0,580.95.05,dcgm-exporter-ql757,GPU-b2272d68-21df-f504-eceb-3621e0c49ba3,DCGM_FI_DEV_GPU_TEMP,nvidia0,0,10.244.49.66:9400,dcgm-exporter,NVIDIA A16
2026-02-20 08:53:42.604,73.0,580.95.05,dcgm-exporter-ql757,GPU-b2272d68-21df-f504-eceb-3621e0c49ba3,DCGM_FI_DEV_GPU_TEMP,nvidia0,0,10.244.49.66:9400,dcgm-exporter,NVIDIA A16
2026-02-20 08:53:47.604,73.0,580.95.05,dcgm-exporter-ql757,GPU-b2272d68-21df-f504-eceb-3621e0c49ba3,DCGM_FI_DEV_GPU_TEMP,nvidia0,0,10.244.49.66:9400,dcgm-exporter,NVIDIA A16
2026-02-20 08:53:52.604,73.0,580.95.05,dcgm-exporter-ql757,GPU-b2272d68-21df-f504-eceb-3621e0c49ba3,DCGM_FI_DEV_GPU_TEMP,nvidia0,0,10.244.49.66:9400,dcgm-exporter,NVIDIA A16
2026-02-20 08:53:57.604,73.0,580.95.05,dcgm-exporter-ql757,GPU-b2272d68-21df-f504-eceb-3621e0c49ba3,DCGM_FI_DEV_GPU_TEMP,nvidia0,0,10.244.49.66:9400,dcgm-exporter,NVIDIA A16
2026-02-20 08:54:02.604,74.0,580.95.05,dcgm-exporter-ql757,GPU-b2272d68-21df-f504-eceb-3621e0c49ba3,DCGM_FI_DEV_GPU_TEMP,nvidia0,0,10.244.49.66:9400,dcgm-exporter,NVIDIA A16
2026-02-20 08:54:07.604,74.0,580.95.05,dcgm-exporter-ql757,GPU-b2272d68-21df-f504-eceb-3621e0c49ba3,DCGM_FI_DEV_GPU_TEMP,nvidia0,0,10.244.49.66:9400,dcgm-exporter,NVIDIA A16
2026-02-20 08:54:12.604,74.0,580.95.05,dcgm-exporter-ql757,GPU-b2272d68-21df-f504-eceb-3621e0c49ba3,DCGM_FI_DEV_GPU_TEMP,nvidia0,0,10.244.49.66:9400,dcgm-exporter,NVIDIA A16
2026-02-20 08:54:17.604,74.0,580.95.05,dcgm-exporter-ql757,GPU-b2272d68-21df-f504-eceb-3621e0c49ba3,DCGM_FI_DEV_GPU_TEMP,nvidia0,0,10.244.49.66:9400,dcgm-exporter,NVIDIA A16
2026-02-20 08:54:22.604,74.0,580.95.05,dcgm-exporter-ql757,GPU-b2272d68-21df-f504-eceb-3621e0c49ba3,DCGM_FI_DEV_GPU_TEMP,nvidia0,0,10.244.49.66:9400,dcgm-exporter,NVIDIA A16
2026-02-20 08:54:27.604,74.0,580.95.05,dcgm-exporter-ql757,GPU-b2272d68-21df-f504-eceb-3621e0c49ba3,DCGM_FI_DEV_GPU_TEMP,nvidia0,0,10.244.49.66:9400,dcgm-exporter,NVIDIA A16
2026-02-20 08:54:32.604,73.0,580.95.05,dcgm-exporter-ql757,GPU-b2272d68-21df-f504-eceb-3621e0c49ba3,DCGM_FI_DEV_GPU_TEMP,nvidia0,0,10.244.49.66:9400,dcgm-exporter,NVIDIA A16
2026-02-20 08:54:37.604,73.0,580.95.05,dcgm-exporter-ql757,GPU-b2272d68-21df-f504-eceb-3621e0c49ba3,DCGM_FI_DEV_GPU_TEMP,nvidia0,0,10.244.49.66:9400,dcgm-exporter,NVIDIA A16
2026-02-20 08:54:42.604,73.0,580.95.05,dcgm-exporter-ql757,GPU-b2272d68-21df-f504-eceb-3621e0c49ba3,DCGM_FI_DEV_GPU_TEMP,nvidia0,0,10.244.49.66:9400,dcgm-exporter,NVIDIA A16
2026-02-20 08:54:47.604,73.0,580.95.05,dcgm-exporter-ql757,GPU-b2272d68-21df-f504-eceb-3621e0c49ba3,DCGM_FI_DEV_GPU_TEMP,nvidia0,0,10.244.49.66:9400,dcgm-exporter,NVIDIA A16
2026-02-20 08:54:52.604,73.0,580.95.05,dcgm-exporter-ql757,GPU-b2272d68-21df-f504-eceb-3621e0c49ba3,DCGM_FI_DEV_GPU_TEMP,nvidia0,0,10.244.49.66:9400,dcgm-exporter,NVIDIA A16
2026-02-20 08:54:57.604,73.0,580.95.05,dcgm-exporter-ql757,GPU-b2272d68-21df-f504-eceb-3621e0c49ba3,DCGM_FI_DEV_GPU_TEMP,nvidia0,0,10.244.49.66:9400,dcgm-exporter,NVIDIA A16
2026-02-20 08:55:02.604,74.0,580.95.05,dcgm-exporter-ql757,GPU-b2272d68-21df-f504-eceb-3621e0c49ba3,DCGM_FI_DEV_GPU_TEMP,nvidia0,0,10.244.49.66:9400,dcgm-exporter,NVIDIA A16
2026-02-20 08:55:07.604,74.0,580.95.05,dcgm-exporter-ql757,GPU-b2272d68-21df-f504-eceb-3621e0c49ba3,DCGM_FI_DEV_GPU_TEMP,nvidia0,0,10.244.49.66:9400,dcgm-exporter,NVIDIA A16
2026-02-20 08:55:12.604,74.0,580.95.05,dcgm-exporter-ql757,GPU-b2272d68-21df-f504-eceb-3621e0c49ba3,DCGM_FI_DEV_GPU_TEMP,nvidia0,0,10.244.49.66:9400,dcgm-exporter,NVIDIA A16
2026-02-20 08:55:17.604,74.0,580.95.05,dcgm-exporter-ql757,GPU-b2272d68-21df-f504-eceb-3621e0c49ba3,DCGM_FI_DEV_GPU_TEMP,nvidia0,0,10.244.49.66:9400,dcgm-exporter,NVIDIA A16
2026-02-20 08:55:22.604,74.0,580.95.05,dcgm-exporter-ql757,GPU-b2272d68-21df-f504-eceb-3621e0c49ba3,DCGM_FI_DEV_GPU_TEMP,nvidia0,0,10.244.49.66:9400,dcgm-exporter,NVIDIA A16
2026-02-20 08:55:27.604,74.0,580.95.05,dcgm-exporter-ql757,GPU-b2272d68-21df-f504-eceb-3621e0c49ba3,DCGM_FI_DEV_GPU_TEMP,nvidia0,0,10.244.49.66:9400,dcgm-exporter,NVIDIA A16
2026-02-20 08:55:32.604,73.0,580.95.05,dcgm-exporter-ql757,GPU-b2272d68-21df-f504-eceb-3621e0c49ba3,DCGM_FI_DEV_GPU_TEMP,nvidia0,0,10.244.49.66:9400,dcgm-exporter,NVIDIA A16
2026-02-20 08:55:37.604,73.0,580.95.05,dcgm-exporter-ql757,GPU-b2272d68-21df-f504-eceb-3621e0c49ba3,DCGM_FI_DEV_GPU_TEMP,nvidia0,0,10.244.49.66:9400,dcgm-exporter,NVIDIA A16
2026-02-20 08:55:42.604,73.0,580.95.05,dcgm-exporter-ql757,GPU-b2272d68-21df-f504-eceb-3621e0c49ba3,DCGM_FI_DEV_GPU_TEMP,nvidia0,0,10.244.49.66:9400,dcgm-exporter,NVIDIA A16
2026-02-20 08:55:47.604,73.0,580.95.05,dcgm-exporter-ql757,GPU-b2272d68-21df-f504-eceb-3621e0c49ba3,DCGM_FI_DEV_GPU_TEMP,nvidia0,0,10.244.49.66:9400,dcgm-exporter,NVIDIA A16
2026-02-20 08:55:52.604,73.0,580.95.05,dcgm-exporter-ql757,GPU-b2272d68-21df-f504-eceb-3621e0c49ba3,DCGM_FI_DEV_GPU_TEMP,nvidia0,0,10.244.49.66:9400,dcgm-exporter,NVIDIA A16
2026-02-20 08:55:57.604,73.0,580.95.05,dcgm-exporter-ql757,GPU-b2272d68-21df-f504-eceb-3621e0c49ba3,DCGM_FI_DEV_GPU_TEMP,nvidia0,0,10.244.49.66:9400,dcgm-exporter,NVIDIA A16
2026-02-20 08:56:02.604,72.0,580.95.05,dcgm-exporter-ql757,GPU-b2272d68-21df-f504-eceb-3621e0c49ba3,DCGM_FI_DEV_GPU_TEMP,nvidia0,0,10.244.49.66:9400,dcgm-exporter,NVIDIA A16
2026-02-20 08:56:07.604,72.0,580.95.05,dcgm-exporter-ql757,GPU-b2272d68-21df-f504-eceb-3621e0c49ba3,DCGM_FI_DEV_GPU_TEMP,nvidia0,0,10.244.49.66:9400,dcgm-exporter,NVIDIA A16
2026-02-20 08:56:12.604,72.0,580.95.05,dcgm-exporter-ql757,GPU-b2272d68-21df-f504-eceb-3621e0c49ba3,DCGM_FI_DEV_GPU_TEMP,nvidia0,0,10.244.49.66:9400,dcgm-exporter,NVIDIA A16
2026-02-20 08:56:17.604,72.0,580.95.05,dcgm-exporter-ql757,GPU-b2272d68-21df-f504-eceb-3621e0c49ba3,DCGM_FI_DEV_GPU_TEMP,nvidia0,0,10.244.49.66:9400,dcgm-exporter,NVIDIA A16
2026-02-20 08:56:22.604,72.0,580.95.05,dcgm-exporter-ql757,GPU-b2272d68-21df-f504-eceb-3621e0c49ba3,DCGM_FI_DEV_GPU_TEMP,nvidia0,0,10.244.49.66:9400,dcgm-exporter,NVIDIA A16
2026-02-20 08:56:27.604,72.0,580.95.05,dcgm-exporter-ql757,GPU-b2272d68-21df-f504-eceb-3621e0c49ba3,DCGM_FI_DEV_GPU_TEMP,nvidia0,0,10.244.49.66:9400,dcgm-exporter,NVIDIA A16
2026-02-20 08:56:32.604,74.0,580.95.05,dcgm-exporter-ql757,GPU-b2272d68-21df-f504-eceb-3621e0c49ba3,DCGM_FI_DEV_GPU_TEMP,nvidia0,0,10.244.49.66:9400,dcgm-exporter,NVIDIA A16
2026-02-20 08:56:37.604,74.0,580.95.05,dcgm-exporter-ql757,GPU-b2272d68-21df-f504-eceb-3621e0c49ba3,DCGM_FI_DEV_GPU_TEMP,nvidia0,0,10.244.49.66:9400,dcgm-exporter,NVIDIA A16
2026-02-20 08:56:42.604,74.0,580.95.05,dcgm-exporter-ql757,GPU-b2272d68-21df-f504-eceb-3621e0c49ba3,DCGM_FI_DEV_GPU_TEMP,nvidia0,0,10.244.49.66:9400,dcgm-exporter,NVIDIA A16
2026-02-20 08:56:47.604,74.0,580.95.05,dcgm-exporter-ql757,GPU-b2272d68-21df-f504-eceb-3621e0c49ba3,DCGM_FI_DEV_GPU_TEMP,nvidia0,0,10.244.49.66:9400,dcgm-exporter,NVIDIA A16
2026-02-20 08:56:52.604,74.0,580.95.05,dcgm-exporter-ql757,GPU-b2272d68-21df-f504-eceb-3621e0c49ba3,DCGM_FI_DEV_GPU_TEMP,nvidia0,0,10.244.49.66:9400,dcgm-exporter,NVIDIA A16
2026-02-20 08:56:57.604,74.0,580.95.05,dcgm-exporter-ql757,GPU-b2272d68-21df-f504-eceb-3621e0c49ba3,DCGM_FI_DEV_GPU_TEMP,nvidia0,0,10.244.49.66:9400,dcgm-exporter,NVIDIA A16
2026-02-20 08:57:02.604,67.0,580.95.05,dcgm-exporter-ql757,GPU-b2272d68-21df-f504-eceb-3621e0c49ba3,DCGM_FI_DEV_GPU_TEMP,nvidia0,0,10.244.49.66:9400,dcgm-exporter,NVIDIA A16
2026-02-20 08:57:07.604,67.0,580.95.05,dcgm-exporter-ql757,GPU-b2272d68-21df-f504-eceb-3621e0c49ba3,DCGM_FI_DEV_GPU_TEMP,nvidia0,0,10.244.49.66:9400,dcgm-exporter,NVIDIA A16
2026-02-20 08:57:12.604,67.0,580.95.05,dcgm-exporter-ql757,GPU-b2272d68-21df-f504-eceb-3621e0c49ba3,DCGM_FI_DEV_GPU_TEMP,nvidia0,0,10.244.49.66:9400,dcgm-exporter,NVIDIA A16
2026-02-20 08:57:17.604,67.0,580.95.05,dcgm-exporter-ql757,GPU-b2272d68-21df-f504-eceb-3621e0c49ba3,DCGM_FI_DEV_GPU_TEMP,nvidia0,0,10.244.49.66:9400,dcgm-exporter,NVIDIA A16
2026-02-20 08:57:22.604,67.0,580.95.05,dcgm-exporter-ql757,GPU-b2272d68-21df-f504-eceb-3621e0c49ba3,DCGM_FI_DEV_GPU_TEMP,nvidia0,0,10.244.49.66:9400,dcgm-exporter,NVIDIA A16
2026-02-20 08:57:27.604,67.0,580.95.05,dcgm-exporter-ql757,GPU-b2272d68-21df-f504-eceb-3621e0c49ba3,DCGM_FI_DEV_GPU_TEMP,nvidia0,0,10.244.49.66:9400,dcgm-exporter,NVIDIA A16
2026-02-20 08:57:32.604,65.0,580.95.05,dcgm-exporter-ql757,GPU-b2272d68-21df-f504-eceb-3621e0c49ba3,DCGM_FI_DEV_GPU_TEMP,nvidia0,0,10.244.49.66:9400,dcgm-exporter,NVIDIA A16
2026-02-20 08:57:37.604,65.0,580.95.05,dcgm-exporter-ql757,GPU-b2272d68-21df-f504-eceb-3621e0c49ba3,DCGM_FI_DEV_GPU_TEMP,nvidia0,0,10.244.49.66:9400,dcgm-exporter,NVIDIA A16
2026-02-20 08:57:42.604,65.0,580.95.05,dcgm-exporter-ql757,GPU-b2272d68-21df-f504-eceb-3621e0c49ba3,DCGM_FI_DEV_GPU_TEMP,nvidia0,0,10.244.49.66:9400,dcgm-exporter,NVIDIA A16
2026-02-20 08:57:47.604,65.0,580.95.05,dcgm-exporter-ql757,GPU-b2272d68-21df-f504-eceb-3621e0c49ba3,DCGM_FI_DEV_GPU_TEMP,nvidia0,0,10.244.49.66:9400,dcgm-exporter,NVIDIA A16
2026-02-20 08:57:52.604,65.0,580.95.05,dcgm-exporter-ql757,GPU-b2272d68-21df-f504-eceb-3621e0c49ba3,DCGM_FI_DEV_GPU_TEMP,nvidia0,0,10.244.49.66:9400,dcgm-exporter,NVIDIA A16
2026-02-20 08:57:57.604,65.0,580.95.05,dcgm-exporter-ql757,GPU-b2272d68-21df-f504-eceb-3621e0c49ba3,DCGM_FI_DEV_GPU_TEMP,nvidia0,0,10.244.49.66:9400,dcgm-exporter,NVIDIA A16
2026-02-20 08:58:02.604,64.0,580.95.05,dcgm-exporter-ql757,GPU-b2272d68-21df-f504-eceb-3621e0c49ba3,DCGM_FI_DEV_GPU_TEMP,nvidia0,0,10.244.49.66:9400,dcgm-exporter,NVIDIA A16
2026-02-20 08:58:07.604,64.0,580.95.05,dcgm-exporter-ql757,GPU-b2272d68-21df-f504-eceb-3621e0c49ba3,DCGM_FI_DEV_GPU_TEMP,nvidia0,0,10.244.49.66:9400,dcgm-exporter,NVIDIA A16
2026-02-20 08:58:12.604,64.0,580.95.05,dcgm-exporter-ql757,GPU-b2272d68-21df-f504-eceb-3621e0c49ba3,DCGM_FI_DEV_GPU_TEMP,nvidia0,0,10.244.49.66:9400,dcgm-exporter,NVIDIA A16
2026-02-20 08:58:17.604,64.0,580.95.05,dcgm-exporter-ql757,GPU-b2272d68-21df-f504-eceb-3621e0c49ba3,DCGM_FI_DEV_GPU_TEMP,nvidia0,0,10.244.49.66:9400,dcgm-exporter,NVIDIA A16
2026-02-20 08:58:22.604,64.0,580.95.05,dcgm-exporter-ql757,GPU-b2272d68-21df-f504-eceb-3621e0c49ba3,DCGM_FI_DEV_GPU_TEMP,nvidia0,0,10.244.49.66:9400,dcgm-exporter,NVIDIA A16
2026-02-20 08:58:27.604,64.0,580.95.05,dcgm-exporter-ql757,GPU-b2272d68-21df-f504-eceb-3621e0c49ba3,DCGM_FI_DEV_GPU_TEMP,nvidia0,0,10.244.49.66:9400,dcgm-exporter,NVIDIA A16
2026-02-20 08:58:32.604,63.0,580.95.05,dcgm-exporter-ql757,GPU-b2272d68-21df-f504-eceb-3621e0c49ba3,DCGM_FI_DEV_GPU_TEMP,nvidia0,0,10.244.49.66:9400,dcgm-exporter,NVIDIA A16
2026-02-20 08:58:37.604,63.0,580.95.05,dcgm-exporter-ql757,GPU-b2272d68-21df-f504-eceb-3621e0c49ba3,DCGM_FI_DEV_GPU_TEMP,nvidia0,0,10.244.49.66:9400,dcgm-exporter,NVIDIA A16
2026-02-20 08:58:42.604,63.0,580.95.05,dcgm-exporter-ql757,GPU-b2272d68-21df-f504-eceb-3621e0c49ba3,DCGM_FI_DEV_GPU_TEMP,nvidia0,0,10.244.49.66:9400,dcgm-exporter,NVIDIA A16
2026-02-20 08:58:47.604,63.0,580.95.05,dcgm-exporter-ql757,GPU-b2272d68-21df-f504-eceb-3621e0c49ba3,DCGM_FI_DEV_GPU_TEMP,nvidia0,0,10.244.49.66:9400,dcgm-exporter,NVIDIA A16
2026-02-20 08:58:52.604,63.0,580.95.05,dcgm-exporter-ql757,GPU-b2272d68-21df-f504-eceb-3621e0c49ba3,DCGM_FI_DEV_GPU_TEMP,nvidia0,0,10.244.49.66:9400,dcgm-exporter,NVIDIA A16
2026-02-20 08:58:57.604,63.0,580.95.05,dcgm-exporter-ql757,GPU-b2272d68-21df-f504-eceb-3621e0c49ba3,DCGM_FI_DEV_GPU_TEMP,nvidia0,0,10.244.49.66:9400,dcgm-exporter,NVIDIA A16
2026-02-20 08:59:02.604,64.0,580.95.05,dcgm-exporter-ql757,GPU-b2272d68-21df-f504-eceb-3621e0c49ba3,DCGM_FI_DEV_GPU_TEMP,nvidia0,0,10.244.49.66:9400,dcgm-exporter,NVIDIA A16
2026-02-20 08:59:07.604,64.0,580.95.05,dcgm-exporter-ql757,GPU-b2272d68-21df-f504-eceb-3621e0c49ba3,DCGM_FI_DEV_GPU_TEMP,nvidia0,0,10.244.49.66:9400,dcgm-exporter,NVIDIA A16
2026-02-20 08:59:12.604,64.0,580.95.05,dcgm-exporter-ql757,GPU-b2272d68-21df-f504-eceb-3621e0c49ba3,DCGM_FI_DEV_GPU_TEMP,nvidia0,0,10.244.49.66:9400,dcgm-exporter,NVIDIA A16
2026-02-20 08:59:17.604,64.0,580.95.05,dcgm-exporter-ql757,GPU-b2272d68-21df-f504-eceb-3621e0c49ba3,DCGM_FI_DEV_GPU_TEMP,nvidia0,0,10.244.49.66:9400,dcgm-exporter,NVIDIA A16
2026-02-20 08:59:22.604,64.0,580.95.05,dcgm-exporter-ql757,GPU-b2272d68-21df-f504-eceb-3621e0c49ba3,DCGM_FI_DEV_GPU_TEMP,nvidia0,0,10.244.49.66:9400,dcgm-exporter,NVIDIA A16
2026-02-20 08:59:27.604,64.0,580.95.05,dcgm-exporter-ql757,GPU-b2272d68-21df-f504-eceb-3621e0c49ba3,DCGM_FI_DEV_GPU_TEMP,nvidia0,0,10.244.49.66:9400,dcgm-exporter,NVIDIA A16
2026-02-20 08:59:32.604,63.0,580.95.05,dcgm-exporter-ql757,GPU-b2272d68-21df-f504-eceb-3621e0c49ba3,DCGM_FI_DEV_GPU_TEMP,nvidia0,0,10.244.49.66:9400,dcgm-exporter,NVIDIA A16
2026-02-20 08:59:37.604,63.0,580.95.05,dcgm-exporter-ql757,GPU-b2272d68-21df-f504-eceb-3621e0c49ba3,DCGM_FI_DEV_GPU_TEMP,nvidia0,0,10.244.49.66:9400,dcgm-exporter,NVIDIA A16
2026-02-20 08:59:42.604,63.0,580.95.05,dcgm-exporter-ql757,GPU-b2272d68-21df-f504-eceb-3621e0c49ba3,DCGM_FI_DEV_GPU_TEMP,nvidia0,0,10.244.49.66:9400,dcgm-exporter,NVIDIA A16
2026-02-20 08:59:47.604,63.0,580.95.05,dcgm-exporter-ql757,GPU-b2272d68-21df-f504-eceb-3621e0c49ba3,DCGM_FI_DEV_GPU_TEMP,nvidia0,0,10.244.49.66:9400,dcgm-exporter,NVIDIA A16
2026-02-20 08:59:52.604,63.0,580.95.05,dcgm-exporter-ql757,GPU-b2272d68-21df-f504-eceb-3621e0c49ba3,DCGM_FI_DEV_GPU_TEMP,nvidia0,0,10.244.49.66:9400,dcgm-exporter,NVIDIA A16
2026-02-20 08:59:57.604,63.0,580.95.05,dcgm-exporter-ql757,GPU-b2272d68-21df-f504-eceb-3621e0c49ba3,DCGM_FI_DEV_GPU_TEMP,nvidia0,0,10.244.49.66:9400,dcgm-exporter,NVIDIA A16
2026-02-20 09:00:02.604,65.0,580.95.05,dcgm-exporter-ql757,GPU-b2272d68-21df-f504-eceb-3621e0c49ba3,DCGM_FI_DEV_GPU_TEMP,nvidia0,0,10.244.49.66:9400,dcgm-exporter,NVIDIA A16
2026-02-20 09:00:07.604,65.0,580.95.05,dcgm-exporter-ql757,GPU-b2272d68-21df-f504-eceb-3621e0c49ba3,DCGM_FI_DEV_GPU_TEMP,nvidia0,0,10.244.49.66:9400,dcgm-exporter,NVIDIA A16
2026-02-20 09:00:12.604,65.0,580.95.05,dcgm-exporter-ql757,GPU-b2272d68-21df-f504-eceb-3621e0c49ba3,DCGM_FI_DEV_GPU_TEMP,nvidia0,0,10.244.49.66:9400,dcgm-exporter,NVIDIA A16
2026-02-20 09:00:17.604,65.0,580.95.05,dcgm-exporter-ql757,GPU-b2272d68-21df-f504-eceb-3621e0c49ba3,DCGM_FI_DEV_GPU_TEMP,nvidia0,0,10.244.49.66:9400,dcgm-exporter,NVIDIA A16
2026-02-20 09:00:22.604,65.0,580.95.05,dcgm-exporter-ql757,GPU-b2272d68-21df-f504-eceb-3621e0c49ba3,DCGM_FI_DEV_GPU_TEMP,nvidia0,0,10.244.49.66:9400,dcgm-exporter,NVIDIA A16
2026-02-20 09:00:27.604,65.0,580.95.05,dcgm-exporter-ql757,GPU-b2272d68-21df-f504-eceb-3621e0c49ba3,DCGM_FI_DEV_GPU_TEMP,nvidia0,0,10.244.49.66:9400,dcgm-exporter,NVIDIA A16
2026-02-20 09:00:32.604,63.0,580.95.05,dcgm-exporter-ql757,GPU-b2272d68-21df-f504-eceb-3621e0c49ba3,DCGM_FI_DEV_GPU_TEMP,nvidia0,0,10.244.49.66:9400,dcgm-exporter,NVIDIA A16
2026-02-20 09:00:37.604,63.0,580.95.05,dcgm-exporter-ql757,GPU-b2272d68-21df-f504-eceb-3621e0c49ba3,DCGM_FI_DEV_GPU_TEMP,nvidia0,0,10.244.49.66:9400,dcgm-exporter,NVIDIA A16
2026-02-20 09:00:42.604,63.0,580.95.05,dcgm-exporter-ql757,GPU-b2272d68-21df-f504-eceb-3621e0c49ba3,DCGM_FI_DEV_GPU_TEMP,nvidia0,0,10.244.49.66:9400,dcgm-exporter,NVIDIA A16
2026-02-20 09:00:47.604,63.0,580.95.05,dcgm-exporter-ql757,GPU-b2272d68-21df-f504-eceb-3621e0c49ba3,DCGM_FI_DEV_GPU_TEMP,nvidia0,0,10.244.49.66:9400,dcgm-exporter,NVIDIA A16
2026-02-20 09:00:52.604,63.0,580.95.05,dcgm-exporter-ql757,GPU-b2272d68-21df-f504-eceb-3621e0c49ba3,DCGM_FI_DEV_GPU_TEMP,nvidia0,0,10.244.49.66:9400,dcgm-exporter,NVIDIA A16
2026-02-20 09:00:57.604,63.0,580.95.05,dcgm-exporter-ql757,GPU-b2272d68-21df-f504-eceb-3621e0c49ba3,DCGM_FI_DEV_GPU_TEMP,nvidia0,0,10.244.49.66:9400,dcgm-exporter,NVIDIA A16
2026-02-20 09:01:02.604,65.0,580.95.05,dcgm-exporter-ql757,GPU-b2272d68-21df-f504-eceb-3621e0c49ba3,DCGM_FI_DEV_GPU_TEMP,nvidia0,0,10.244.49.66:9400,dcgm-exporter,NVIDIA A16
2026-02-20 09:01:07.604,65.0,580.95.05,dcgm-exporter-ql757,GPU-b2272d68-21df-f504-eceb-3621e0c49ba3,DCGM_FI_DEV_GPU_TEMP,nvidia0,0,10.244.49.66:9400,dcgm-exporter,NVIDIA A16
2026-02-20 09:01:12.604,65.0,580.95.05,dcgm-exporter-ql757,GPU-b2272d68-21df-f504-eceb-3621e0c49ba3,DCGM_FI_DEV_GPU_TEMP,nvidia0,0,10.244.49.66:9400,dcgm-exporter,NVIDIA A16
2026-02-20 09:01:17.604,65.0,580.95.05,dcgm-exporter-ql757,GPU-b2272d68-21df-f504-eceb-3621e0c49ba3,DCGM_FI_DEV_GPU_TEMP,nvidia0,0,10.244.49.66:9400,dcgm-exporter,NVIDIA A16
2026-02-20 09:01:22.604,65.0,580.95.05,dcgm-exporter-ql757,GPU-b2272d68-21df-f504-eceb-3621e0c49ba3,DCGM_FI_DEV_GPU_TEMP,nvidia0,0,10.244.49.66:9400,dcgm-exporter,NVIDIA A16
2026-02-20 09:01:27.604,65.0,580.95.05,dcgm-exporter-ql757,GPU-b2272d68-21df-f504-eceb-3621e0c49ba3,DCGM_FI_DEV_GPU_TEMP,nvidia0,0,10.244.49.66:9400,dcgm-exporter,NVIDIA A16
2026-02-20 09:01:32.604,63.0,580.95.05,dcgm-exporter-ql757,GPU-b2272d68-21df-f504-eceb-3621e0c49ba3,DCGM_FI_DEV_GPU_TEMP,nvidia0,0,10.244.49.66:9400,dcgm-exporter,NVIDIA A16
2026-02-20 09:01:37.604,63.0,580.95.05,dcgm-exporter-ql757,GPU-b2272d68-21df-f504-eceb-3621e0c49ba3,DCGM_FI_DEV_GPU_TEMP,nvidia0,0,10.244.49.66:9400,dcgm-exporter,NVIDIA A16
2026-02-20 09:01:42.604,63.0,580.95.05,dcgm-exporter-ql757,GPU-b2272d68-21df-f504-eceb-3621e0c49ba3,DCGM_FI_DEV_GPU_TEMP,nvidia0,0,10.244.49.66:9400,dcgm-exporter,NVIDIA A16
2026-02-20 09:01:47.604,63.0,580.95.05,dcgm-exporter-ql757,GPU-b2272d68-21df-f504-eceb-3621e0c49ba3,DCGM_FI_DEV_GPU_TEMP,nvidia0,0,10.244.49.66:9400,dcgm-exporter,NVIDIA A16
2026-02-20 09:01:52.604,63.0,580.95.05,dcgm-exporter-ql757,GPU-b2272d68-21df-f504-eceb-3621e0c49ba3,DCGM_FI_DEV_GPU_TEMP,nvidia0,0,10.244.49.66:9400,dcgm-exporter,NVIDIA A16
2026-02-20 09:01:57.604,63.0,580.95.05,dcgm-exporter-ql757,GPU-b2272d68-21df-f504-eceb-3621e0c49ba3,DCGM_FI_DEV_GPU_TEMP,nvidia0,0,10.244.49.66:9400,dcgm-exporter,NVIDIA A16
2026-02-20 09:02:02.604,65.0,580.95.05,dcgm-exporter-ql757,GPU-b2272d68-21df-f504-eceb-3621e0c49ba3,DCGM_FI_DEV_GPU_TEMP,nvidia0,0,10.244.49.66:9400,dcgm-exporter,NVIDIA A16
2026-02-20 09:02:07.604,65.0,580.95.05,dcgm-exporter-ql757,GPU-b2272d68-21df-f504-eceb-3621e0c49ba3,DCGM_FI_DEV_GPU_TEMP,nvidia0,0,10.244.49.66:9400,dcgm-exporter,NVIDIA A16
2026-02-20 09:02:12.604,65.0,580.95.05,dcgm-exporter-ql757,GPU-b2272d68-21df-f504-eceb-3621e0c49ba3,DCGM_FI_DEV_GPU_TEMP,nvidia0,0,10.244.49.66:9400,dcgm-exporter,NVIDIA A16
2026-02-20 09:02:17.604,65.0,580.95.05,dcgm-exporter-ql757,GPU-b2272d68-21df-f504-eceb-3621e0c49ba3,DCGM_FI_DEV_GPU_TEMP,nvidia0,0,10.244.49.66:9400,dcgm-exporter,NVIDIA A16
2026-02-20 09:02:22.604,65.0,580.95.05,dcgm-exporter-ql757,GPU-b2272d68-21df-f504-eceb-3621e0c49ba3,DCGM_FI_DEV_GPU_TEMP,nvidia0,0,10.244.49.66:9400,dcgm-exporter,NVIDIA A16
2026-02-20 09:02:27.604,65.0,580.95.05,dcgm-exporter-ql757,GPU-b2272d68-21df-f504-eceb-3621e0c49ba3,DCGM_FI_DEV_GPU_TEMP,nvidia0,0,10.244.49.66:9400,dcgm-exporter,NVIDIA A16
2026-02-20 09:02:32.604,63.0,580.95.05,dcgm-exporter-ql757,GPU-b2272d68-21df-f504-eceb-3621e0c49ba3,DCGM_FI_DEV_GPU_TEMP,nvidia0,0,10.244.49.66:9400,dcgm-exporter,NVIDIA A16
2026-02-20 09:02:37.604,63.0,580.95.05,dcgm-exporter-ql757,GPU-b2272d68-21df-f504-eceb-3621e0c49ba3,DCGM_FI_DEV_GPU_TEMP,nvidia0,0,10.244.49.66:9400,dcgm-exporter,NVIDIA A16
2026-02-20 09:02:42.604,63.0,580.95.05,dcgm-exporter-ql757,GPU-b2272d68-21df-f504-eceb-3621e0c49ba3,DCGM_FI_DEV_GPU_TEMP,nvidia0,0,10.244.49.66:9400,dcgm-exporter,NVIDIA A16
2026-02-20 09:02:47.604,63.0,580.95.05,dcgm-exporter-ql757,GPU-b2272d68-21df-f504-eceb-3621e0c49ba3,DCGM_FI_DEV_GPU_TEMP,nvidia0,0,10.244.49.66:9400,dcgm-exporter,NVIDIA A16
2026-02-20 09:02:52.604,63.0,580.95.05,dcgm-exporter-ql757,GPU-b2272d68-21df-f504-eceb-3621e0c49ba3,DCGM_FI_DEV_GPU_TEMP,nvidia0,0,10.244.49.66:9400,dcgm-exporter,NVIDIA A16
2026-02-20 09:02:57.604,63.0,580.95.05,dcgm-exporter-ql757,GPU-b2272d68-21df-f504-eceb-3621e0c49ba3,DCGM_FI_DEV_GPU_TEMP,nvidia0,0,10.244.49.66:9400,dcgm-exporter,NVIDIA A16
2026-02-20 09:03:02.604,63.0,580.95.05,dcgm-exporter-ql757,GPU-b2272d68-21df-f504-eceb-3621e0c49ba3,DCGM_FI_DEV_GPU_TEMP,nvidia0,0,10.244.49.66:9400,dcgm-exporter,NVIDIA A16
2026-02-20 09:03:07.604,63.0,580.95.05,dcgm-exporter-ql757,GPU-b2272d68-21df-f504-eceb-3621e0c49ba3,DCGM_FI_DEV_GPU_TEMP,nvidia0,0,10.244.49.66:9400,dcgm-exporter,NVIDIA A16
2026-02-20 09:03:12.604,63.0,580.95.05,dcgm-exporter-ql757,GPU-b2272d68-21df-f504-eceb-3621e0c49ba3,DCGM_FI_DEV_GPU_TEMP,nvidia0,0,10.244.49.66:9400,dcgm-exporter,NVIDIA A16
2026-02-20 09:03:17.604,63.0,580.95.05,dcgm-exporter-ql757,GPU-b2272d68-21df-f504-eceb-3621e0c49ba3,DCGM_FI_DEV_GPU_TEMP,nvidia0,0,10.244.49.66:9400,dcgm-exporter,NVIDIA A16
2026-02-20 09:03:22.604,63.0,580.95.05,dcgm-exporter-ql757,GPU-b2272d68-21df-f504-eceb-3621e0c49ba3,DCGM_FI_DEV_GPU_TEMP,nvidia0,0,10.244.49.66:9400,dcgm-exporter,NVIDIA A16
2026-02-20 09:03:27.604,63.0,580.95.05,dcgm-exporter-ql757,GPU-b2272d68-21df-f504-eceb-3621e0c49ba3,DCGM_FI_DEV_GPU_TEMP,nvidia0,0,10.244.49.66:9400,dcgm-exporter,NVIDIA A16
2026-02-20 09:03:32.604,64.0,580.95.05,dcgm-exporter-ql757,GPU-b2272d68-21df-f504-eceb-3621e0c49ba3,DCGM_FI_DEV_GPU_TEMP,nvidia0,0,10.244.49.66:9400,dcgm-exporter,NVIDIA A16
2026-02-20 09:03:37.604,64.0,580.95.05,dcgm-exporter-ql757,GPU-b2272d68-21df-f504-eceb-3621e0c49ba3,DCGM_FI_DEV_GPU_TEMP,nvidia0,0,10.244.49.66:9400,dcgm-exporter,NVIDIA A16
2026-02-20 09:03:42.604,64.0,580.95.05,dcgm-exporter-ql757,GPU-b2272d68-21df-f504-eceb-3621e0c49ba3,DCGM_FI_DEV_GPU_TEMP,nvidia0,0,10.244.49.66:9400,dcgm-exporter,NVIDIA A16
2026-02-20 09:03:47.604,64.0,580.95.05,dcgm-exporter-ql757,GPU-b2272d68-21df-f504-eceb-3621e0c49ba3,DCGM_FI_DEV_GPU_TEMP,nvidia0,0,10.244.49.66:9400,dcgm-exporter,NVIDIA A16
2026-02-20 09:03:52.604,64.0,580.95.05,dcgm-exporter-ql757,GPU-b2272d68-21df-f504-eceb-3621e0c49ba3,DCGM_FI_DEV_GPU_TEMP,nvidia0,0,10.244.49.66:9400,dcgm-exporter,NVIDIA A16
2026-02-20 09:03:57.604,64.0,580.95.05,dcgm-exporter-ql757,GPU-b2272d68-21df-f504-eceb-3621e0c49ba3,DCGM_FI_DEV_GPU_TEMP,nvidia0,0,10.244.49.66:9400,dcgm-exporter,NVIDIA A16
2026-02-20 09:04:02.604,63.0,580.95.05,dcgm-exporter-ql757,GPU-b2272d68-21df-f504-eceb-3621e0c49ba3,DCGM_FI_DEV_GPU_TEMP,nvidia0,0,10.244.49.66:9400,dcgm-exporter,NVIDIA A16
2026-02-20 09:04:07.604,63.0,580.95.05,dcgm-exporter-ql757,GPU-b2272d68-21df-f504-eceb-3621e0c49ba3,DCGM_FI_DEV_GPU_TEMP,nvidia0,0,10.244.49.66:9400,dcgm-exporter,NVIDIA A16
2026-02-20 09:04:12.604,63.0,580.95.05,dcgm-exporter-ql757,GPU-b2272d68-21df-f504-eceb-3621e0c49ba3,DCGM_FI_DEV_GPU_TEMP,nvidia0,0,10.244.49.66:9400,dcgm-exporter,NVIDIA A16
2026-02-20 09:04:17.604,63.0,580.95.05,dcgm-exporter-ql757,GPU-b2272d68-21df-f504-eceb-3621e0c49ba3,DCGM_FI_DEV_GPU_TEMP,nvidia0,0,10.244.49.66:9400,dcgm-exporter,NVIDIA A16
2026-02-20 09:04:22.604,63.0,580.95.05,dcgm-exporter-ql757,GPU-b2272d68-21df-f504-eceb-3621e0c49ba3,DCGM_FI_DEV_GPU_TEMP,nvidia0,0,10.244.49.66:9400,dcgm-exporter,NVIDIA A16
2026-02-20 09:04:27.604,63.0,580.95.05,dcgm-exporter-ql757,GPU-b2272d68-21df-f504-eceb-3621e0c49ba3,DCGM_FI_DEV_GPU_TEMP,nvidia0,0,10.244.49.66:9400,dcgm-exporter,NVIDIA A16
2026-02-20 09:04:32.604,65.0,580.95.05,dcgm-exporter-ql757,GPU-b2272d68-21df-f504-eceb-3621e0c49ba3,DCGM_FI_DEV_GPU_TEMP,nvidia0,0,10.244.49.66:9400,dcgm-exporter,NVIDIA A16
2026-02-20 09:04:37.604,65.0,580.95.05,dcgm-exporter-ql757,GPU-b2272d68-21df-f504-eceb-3621e0c49ba3,DCGM_FI_DEV_GPU_TEMP,nvidia0,0,10.244.49.66:9400,dcgm-exporter,NVIDIA A16
2026-02-20 09:04:42.604,65.0,580.95.05,dcgm-exporter-ql757,GPU-b2272d68-21df-f504-eceb-3621e0c49ba3,DCGM_FI_DEV_GPU_TEMP,nvidia0,0,10.244.49.66:9400,dcgm-exporter,NVIDIA A16
2026-02-20 09:04:47.604,65.0,580.95.05,dcgm-exporter-ql757,GPU-b2272d68-21df-f504-eceb-3621e0c49ba3,DCGM_FI_DEV_GPU_TEMP,nvidia0,0,10.244.49.66:9400,dcgm-exporter,NVIDIA A16
2026-02-20 09:04:52.604,65.0,580.95.05,dcgm-exporter-ql757,GPU-b2272d68-21df-f504-eceb-3621e0c49ba3,DCGM_FI_DEV_GPU_TEMP,nvidia0,0,10.244.49.66:9400,dcgm-exporter,NVIDIA A16
2026-02-20 09:04:57.604,65.0,580.95.05,dcgm-exporter-ql757,GPU-b2272d68-21df-f504-eceb-3621e0c49ba3,DCGM_FI_DEV_GPU_TEMP,nvidia0,0,10.244.49.66:9400,dcgm-exporter,NVIDIA A16
2026-02-20 09:05:02.604,63.0,580.95.05,dcgm-exporter-ql757,GPU-b2272d68-21df-f504-eceb-3621e0c49ba3,DCGM_FI_DEV_GPU_TEMP,nvidia0,0,10.244.49.66:9400,dcgm-exporter,NVIDIA A16
2026-02-20 09:05:07.604,63.0,580.95.05,dcgm-exporter-ql757,GPU-b2272d68-21df-f504-eceb-3621e0c49ba3,DCGM_FI_DEV_GPU_TEMP,nvidia0,0,10.244.49.66:9400,dcgm-exporter,NVIDIA A16
2026-02-20 09:05:12.604,63.0,580.95.05,dcgm-exporter-ql757,GPU-b2272d68-21df-f504-eceb-3621e0c49ba3,DCGM_FI_DEV_GPU_TEMP,nvidia0,0,10.244.49.66:9400,dcgm-exporter,NVIDIA A16
2026-02-20 09:05:17.604,63.0,580.95.05,dcgm-exporter-ql757,GPU-b2272d68-21df-f504-eceb-3621e0c49ba3,DCGM_FI_DEV_GPU_TEMP,nvidia0,0,10.244.49.66:9400,dcgm-exporter,NVIDIA A16
2026-02-20 09:05:22.604,63.0,580.95.05,dcgm-exporter-ql757,GPU-b2272d68-21df-f504-eceb-3621e0c49ba3,DCGM_FI_DEV_GPU_TEMP,nvidia0,0,10.244.49.66:9400,dcgm-exporter,NVIDIA A16
2026-02-20 09:05:27.604,63.0,580.95.05,dcgm-exporter-ql757,GPU-b2272d68-21df-f504-eceb-3621e0c49ba3,DCGM_FI_DEV_GPU_TEMP,nvidia0,0,10.244.49.66:9400,dcgm-exporter,NVIDIA A16
2026-02-20 09:05:32.604,66.0,580.95.05,dcgm-exporter-ql757,GPU-b2272d68-21df-f504-eceb-3621e0c49ba3,DCGM_FI_DEV_GPU_TEMP,nvidia0,0,10.244.49.66:9400,dcgm-exporter,NVIDIA A16
2026-02-20 09:05:37.604,66.0,580.95.05,dcgm-exporter-ql757,GPU-b2272d68-21df-f504-eceb-3621e0c49ba3,DCGM_FI_DEV_GPU_TEMP,nvidia0,0,10.244.49.66:9400,dcgm-exporter,NVIDIA A16
2026-02-20 09:05:42.604,66.0,580.95.05,dcgm-exporter-ql757,GPU-b2272d68-21df-f504-eceb-3621e0c49ba3,DCGM_FI_DEV_GPU_TEMP,nvidia0,0,10.244.49.66:9400,dcgm-exporter,NVIDIA A16
2026-02-20 09:05:47.604,66.0,580.95.05,dcgm-exporter-ql757,GPU-b2272d68-21df-f504-eceb-3621e0c49ba3,DCGM_FI_DEV_GPU_TEMP,nvidia0,0,10.244.49.66:9400,dcgm-exporter,NVIDIA A16
2026-02-20 09:05:52.604,66.0,580.95.05,dcgm-exporter-ql757,GPU-b2272d68-21df-f504-eceb-3621e0c49ba3,DCGM_FI_DEV_GPU_TEMP,nvidia0,0,10.244.49.66:9400,dcgm-exporter,NVIDIA A16
2026-02-20 09:05:57.604,66.0,580.95.05,dcgm-exporter-ql757,GPU-b2272d68-21df-f504-eceb-3621e0c49ba3,DCGM_FI_DEV_GPU_TEMP,nvidia0,0,10.244.49.66:9400,dcgm-exporter,NVIDIA A16
2026-02-20 09:06:02.604,63.0,580.95.05,dcgm-exporter-ql757,GPU-b2272d68-21df-f504-eceb-3621e0c49ba3,DCGM_FI_DEV_GPU_TEMP,nvidia0,0,10.244.49.66:9400,dcgm-exporter,NVIDIA A16
2026-02-20 09:06:07.604,63.0,580.95.05,dcgm-exporter-ql757,GPU-b2272d68-21df-f504-eceb-3621e0c49ba3,DCGM_FI_DEV_GPU_TEMP,nvidia0,0,10.244.49.66:9400,dcgm-exporter,NVIDIA A16
2026-02-20 09:06:12.604,63.0,580.95.05,dcgm-exporter-ql757,GPU-b2272d68-21df-f504-eceb-3621e0c49ba3,DCGM_FI_DEV_GPU_TEMP,nvidia0,0,10.244.49.66:9400,dcgm-exporter,NVIDIA A16
2026-02-20 09:06:17.604,63.0,580.95.05,dcgm-exporter-ql757,GPU-b2272d68-21df-f504-eceb-3621e0c49ba3,DCGM_FI_DEV_GPU_TEMP,nvidia0,0,10.244.49.66:9400,dcgm-exporter,NVIDIA A16
2026-02-20 09:06:22.604,63.0,580.95.05,dcgm-exporter-ql757,GPU-b2272d68-21df-f504-eceb-3621e0c49ba3,DCGM_FI_DEV_GPU_TEMP,nvidia0,0,10.244.49.66:9400,dcgm-exporter,NVIDIA A16
2026-02-20 09:06:27.604,63.0,580.95.05,dcgm-exporter-ql757,GPU-b2272d68-21df-f504-eceb-3621e0c49ba3,DCGM_FI_DEV_GPU_TEMP,nvidia0,0,10.244.49.66:9400,dcgm-exporter,NVIDIA A16
2026-02-20 09:06:32.604,65.0,580.95.05,dcgm-exporter-ql757,GPU-b2272d68-21df-f504-eceb-3621e0c49ba3,DCGM_FI_DEV_GPU_TEMP,nvidia0,0,10.244.49.66:9400,dcgm-exporter,NVIDIA A16
2026-02-20 09:06:37.604,65.0,580.95.05,dcgm-exporter-ql757,GPU-b2272d68-21df-f504-eceb-3621e0c49ba3,DCGM_FI_DEV_GPU_TEMP,nvidia0,0,10.244.49.66:9400,dcgm-exporter,NVIDIA A16
2026-02-20 09:06:42.604,65.0,580.95.05,dcgm-exporter-ql757,GPU-b2272d68-21df-f504-eceb-3621e0c49ba3,DCGM_FI_DEV_GPU_TEMP,nvidia0,0,10.244.49.66:9400,dcgm-exporter,NVIDIA A16
2026-02-20 09:06:47.604,65.0,580.95.05,dcgm-exporter-ql757,GPU-b2272d68-21df-f504-eceb-3621e0c49ba3,DCGM_FI_DEV_GPU_TEMP,nvidia0,0,10.244.49.66:9400,dcgm-exporter,NVIDIA A16
2026-02-20 09:06:52.604,65.0,580.95.05,dcgm-exporter-ql757,GPU-b2272d68-21df-f504-eceb-3621e0c49ba3,DCGM_FI_DEV_GPU_TEMP,nvidia0,0,10.244.49.66:9400,dcgm-exporter,NVIDIA A16
2026-02-20 09:06:57.604,65.0,580.95.05,dcgm-exporter-ql757,GPU-b2272d68-21df-f504-eceb-3621e0c49ba3,DCGM_FI_DEV_GPU_TEMP,nvidia0,0,10.244.49.66:9400,dcgm-exporter,NVIDIA A16
2026-02-20 09:07:02.604,63.0,580.95.05,dcgm-exporter-ql757,GPU-b2272d68-21df-f504-eceb-3621e0c49ba3,DCGM_FI_DEV_GPU_TEMP,nvidia0,0,10.244.49.66:9400,dcgm-exporter,NVIDIA A16
2026-02-20 09:07:07.604,63.0,580.95.05,dcgm-exporter-ql757,GPU-b2272d68-21df-f504-eceb-3621e0c49ba3,DCGM_FI_DEV_GPU_TEMP,nvidia0,0,10.244.49.66:9400,dcgm-exporter,NVIDIA A16
2026-02-20 09:07:12.604,63.0,580.95.05,dcgm-exporter-ql757,GPU-b2272d68-21df-f504-eceb-3621e0c49ba3,DCGM_FI_DEV_GPU_TEMP,nvidia0,0,10.244.49.66:9400,dcgm-exporter,NVIDIA A16
2026-02-20 09:07:17.604,63.0,580.95.05,dcgm-exporter-ql757,GPU-b2272d68-21df-f504-eceb-3621e0c49ba3,DCGM_FI_DEV_GPU_TEMP,nvidia0,0,10.244.49.66:9400,dcgm-exporter,NVIDIA A16
2026-02-20 09:07:22.604,63.0,580.95.05,dcgm-exporter-ql757,GPU-b2272d68-21df-f504-eceb-3621e0c49ba3,DCGM_FI_DEV_GPU_TEMP,nvidia0,0,10.244.49.66:9400,dcgm-exporter,NVIDIA A16
2026-02-20 09:07:27.604,63.0,580.95.05,dcgm-exporter-ql757,GPU-b2272d68-21df-f504-eceb-3621e0c49ba3,DCGM_FI_DEV_GPU_TEMP,nvidia0,0,10.244.49.66:9400,dcgm-exporter,NVIDIA A16
2026-02-20 09:07:32.604,63.0,580.95.05,dcgm-exporter-ql757,GPU-b2272d68-21df-f504-eceb-3621e0c49ba3,DCGM_FI_DEV_GPU_TEMP,nvidia0,0,10.244.49.66:9400,dcgm-exporter,NVIDIA A16
2026-02-20 09:07:37.604,63.0,580.95.05,dcgm-exporter-ql757,GPU-b2272d68-21df-f504-eceb-3621e0c49ba3,DCGM_FI_DEV_GPU_TEMP,nvidia0,0,10.244.49.66:9400,dcgm-exporter,NVIDIA A16
2026-02-20 09:07:42.604,63.0,580.95.05,dcgm-exporter-ql757,GPU-b2272d68-21df-f504-eceb-3621e0c49ba3,DCGM_FI_DEV_GPU_TEMP,nvidia0,0,10.244.49.66:9400,dcgm-exporter,NVIDIA A16
2026-02-20 09:07:47.604,63.0,580.95.05,dcgm-exporter-ql757,GPU-b2272d68-21df-f504-eceb-3621e0c49ba3,DCGM_FI_DEV_GPU_TEMP,nvidia0,0,10.244.49.66:9400,dcgm-exporter,NVIDIA A16
2026-02-20 09:07:52.604,63.0,580.95.05,dcgm-exporter-ql757,GPU-b2272d68-21df-f504-eceb-3621e0c49ba3,DCGM_FI_DEV_GPU_TEMP,nvidia0,0,10.244.49.66:9400,dcgm-exporter,NVIDIA A16
2026-02-20 09:07:57.604,63.0,580.95.05,dcgm-exporter-ql757,GPU-b2272d68-21df-f504-eceb-3621e0c49ba3,DCGM_FI_DEV_GPU_TEMP,nvidia0,0,10.244.49.66:9400,dcgm-exporter,NVIDIA A16
2026-02-20 09:08:02.604,63.0,580.95.05,dcgm-exporter-ql757,GPU-b2272d68-21df-f504-eceb-3621e0c49ba3,DCGM_FI_DEV_GPU_TEMP,nvidia0,0,10.244.49.66:9400,dcgm-exporter,NVIDIA A16
2026-02-20 09:08:07.604,63.0,580.95.05,dcgm-exporter-ql757,GPU-b2272d68-21df-f504-eceb-3621e0c49ba3,DCGM_FI_DEV_GPU_TEMP,nvidia0,0,10.244.49.66:9400,dcgm-exporter,NVIDIA A16
2026-02-20 09:08:12.604,63.0,580.95.05,dcgm-exporter-ql757,GPU-b2272d68-21df-f504-eceb-3621e0c49ba3,DCGM_FI_DEV_GPU_TEMP,nvidia0,0,10.244.49.66:9400,dcgm-exporter,NVIDIA A16
2026-02-20 09:08:17.604,63.0,580.95.05,dcgm-exporter-ql757,GPU-b2272d68-21df-f504-eceb-3621e0c49ba3,DCGM_FI_DEV_GPU_TEMP,nvidia0,0,10.244.49.66:9400,dcgm-exporter,NVIDIA A16
2026-02-20 09:08:22.604,63.0,580.95.05,dcgm-exporter-ql757,GPU-b2272d68-21df-f504-eceb-3621e0c49ba3,DCGM_FI_DEV_GPU_TEMP,nvidia0,0,10.244.49.66:9400,dcgm-exporter,NVIDIA A16
2026-02-20 09:08:27.604,63.0,580.95.05,dcgm-exporter-ql757,GPU-b2272d68-21df-f504-eceb-3621e0c49ba3,DCGM_FI_DEV_GPU_TEMP,nvidia0,0,10.244.49.66:9400,dcgm-exporter,NVIDIA A16
2026-02-20 09:08:32.604,65.0,580.95.05,dcgm-exporter-ql757,GPU-b2272d68-21df-f504-eceb-3621e0c49ba3,DCGM_FI_DEV_GPU_TEMP,nvidia0,0,10.244.49.66:9400,dcgm-exporter,NVIDIA A16
2026-02-20 09:08:37.604,65.0,580.95.05,dcgm-exporter-ql757,GPU-b2272d68-21df-f504-eceb-3621e0c49ba3,DCGM_FI_DEV_GPU_TEMP,nvidia0,0,10.244.49.66:9400,dcgm-exporter,NVIDIA A16
2026-02-20 09:08:42.604,65.0,580.95.05,dcgm-exporter-ql757,GPU-b2272d68-21df-f504-eceb-3621e0c49ba3,DCGM_FI_DEV_GPU_TEMP,nvidia0,0,10.244.49.66:9400,dcgm-exporter,NVIDIA A16
2026-02-20 09:08:47.604,65.0,580.95.05,dcgm-exporter-ql757,GPU-b2272d68-21df-f504-eceb-3621e0c49ba3,DCGM_FI_DEV_GPU_TEMP,nvidia0,0,10.244.49.66:9400,dcgm-exporter,NVIDIA A16
2026-02-20 09:08:52.604,65.0,580.95.05,dcgm-exporter-ql757,GPU-b2272d68-21df-f504-eceb-3621e0c49ba3,DCGM_FI_DEV_GPU_TEMP,nvidia0,0,10.244.49.66:9400,dcgm-exporter,NVIDIA A16
2026-02-20 09:08:57.604,65.0,580.95.05,dcgm-exporter-ql757,GPU-b2272d68-21df-f504-eceb-3621e0c49ba3,DCGM_FI_DEV_GPU_TEMP,nvidia0,0,10.244.49.66:9400,dcgm-exporter,NVIDIA A16
2026-02-20 09:09:02.604,63.0,580.95.05,dcgm-exporter-ql757,GPU-b2272d68-21df-f504-eceb-3621e0c49ba3,DCGM_FI_DEV_GPU_TEMP,nvidia0,0,10.244.49.66:9400,dcgm-exporter,NVIDIA A16
2026-02-20 09:09:07.604,63.0,580.95.05,dcgm-exporter-ql757,GPU-b2272d68-21df-f504-eceb-3621e0c49ba3,DCGM_FI_DEV_GPU_TEMP,nvidia0,0,10.244.49.66:9400,dcgm-exporter,NVIDIA A16
2026-02-20 09:09:12.604,63.0,580.95.05,dcgm-exporter-ql757,GPU-b2272d68-21df-f504-eceb-3621e0c49ba3,DCGM_FI_DEV_GPU_TEMP,nvidia0,0,10.244.49.66:9400,dcgm-exporter,NVIDIA A16
2026-02-20 09:09:17.604,63.0,580.95.05,dcgm-exporter-ql757,GPU-b2272d68-21df-f504-eceb-3621e0c49ba3,DCGM_FI_DEV_GPU_TEMP,nvidia0,0,10.244.49.66:9400,dcgm-exporter,NVIDIA A16
2026-02-20 09:09:22.604,63.0,580.95.05,dcgm-exporter-ql757,GPU-b2272d68-21df-f504-eceb-3621e0c49ba3,DCGM_FI_DEV_GPU_TEMP,nvidia0,0,10.244.49.66:9400,dcgm-exporter,NVIDIA A16
2026-02-20 09:09:27.604,63.0,580.95.05,dcgm-exporter-ql757,GPU-b2272d68-21df-f504-eceb-3621e0c49ba3,DCGM_FI_DEV_GPU_TEMP,nvidia0,0,10.244.49.66:9400,dcgm-exporter,NVIDIA A16
2026-02-20 09:09:32.604,63.0,580.95.05,dcgm-exporter-ql757,GPU-b2272d68-21df-f504-eceb-3621e0c49ba3,DCGM_FI_DEV_GPU_TEMP,nvidia0,0,10.244.49.66:9400,dcgm-exporter,NVIDIA A16
2026-02-20 09:09:37.604,63.0,580.95.05,dcgm-exporter-ql757,GPU-b2272d68-21df-f504-eceb-3621e0c49ba3,DCGM_FI_DEV_GPU_TEMP,nvidia0,0,10.244.49.66:9400,dcgm-exporter,NVIDIA A16
2026-02-20 09:09:42.604,63.0,580.95.05,dcgm-exporter-ql757,GPU-b2272d68-21df-f504-eceb-3621e0c49ba3,DCGM_FI_DEV_GPU_TEMP,nvidia0,0,10.244.49.66:9400,dcgm-exporter,NVIDIA A16
2026-02-20 09:09:47.604,63.0,580.95.05,dcgm-exporter-ql757,GPU-b2272d68-21df-f504-eceb-3621e0c49ba3,DCGM_FI_DEV_GPU_TEMP,nvidia0,0,10.244.49.66:9400,dcgm-exporter,NVIDIA A16
2026-02-20 09:09:52.604,63.0,580.95.05,dcgm-exporter-ql757,GPU-b2272d68-21df-f504-eceb-3621e0c49ba3,DCGM_FI_DEV_GPU_TEMP,nvidia0,0,10.244.49.66:9400,dcgm-exporter,NVIDIA A16
2026-02-20 09:09:57.604,63.0,580.95.05,dcgm-exporter-ql757,GPU-b2272d68-21df-f504-eceb-3621e0c49ba3,DCGM_FI_DEV_GPU_TEMP,nvidia0,0,10.244.49.66:9400,dcgm-exporter,NVIDIA A16
2026-02-20 09:10:02.604,63.0,580.95.05,dcgm-exporter-ql757,GPU-b2272d68-21df-f504-eceb-3621e0c49ba3,DCGM_FI_DEV_GPU_TEMP,nvidia0,0,10.244.49.66:9400,dcgm-exporter,NVIDIA A16
2026-02-20 09:10:07.604,63.0,580.95.05,dcgm-exporter-ql757,GPU-b2272d68-21df-f504-eceb-3621e0c49ba3,DCGM_FI_DEV_GPU_TEMP,nvidia0,0,10.244.49.66:9400,dcgm-exporter,NVIDIA A16
2026-02-20 09:10:12.604,63.0,580.95.05,dcgm-exporter-ql757,GPU-b2272d68-21df-f504-eceb-3621e0c49ba3,DCGM_FI_DEV_GPU_TEMP,nvidia0,0,10.244.49.66:9400,dcgm-exporter,NVIDIA A16
